800	
0.3	0.4	0.3	0.3	0.4	0.3	1	0.920780041602	0.920793440822	0.94340477873
1	0	1.1	0	1	0.1	1	0.454501077576	0.326328517986	0.454524021677
0.2	0.4	0.3	0.3	0.3	0.4	1	0.873598118931	0.920793440822	0.920780041602
0.9	0.7	0.9	0.6	1	0.6	1	0.6606466498	0.66077363991	0.455118395115
1.3	0.5	1.2	0.5	1.3	0.4	1	0.223556016814	0.256607204304	0.223469222803
0.9	0.5	0.8	0.5	0.9	0.4	1	0.660306596217	0.787169854009	0.659987179513
0.4	0.5	0.3	0.5	0.4	0.4	1	0.943330266174	0.920658101454	0.943391661648
0.2	0.7	0.1	0.7	0.2	0.6	1	0.873413869128	0.787477966024	0.873525521082
1.3	1.1	1.4	1	1.4	1.1	1	0.223778753709	0.222475107383	0.222246444076
1.8	1.1	1.8	1.2	1.7	1.2	1	0.326822036892	0.327054774428	0.257149272406
0.9	0.8	0.8	0.8	0.9	0.7	1	0.660142769347	0.787502613404	0.6606466498
1.5	0.8	1.5	0.9	1.4	0.9	1	0.22252225185	0.222305778437	0.222536208035
0.9	1.3	0.9	1.4	0.8	1.4	1	0.661256847596	0.660713558792	0.787510234278
1.1	1.6	1	1.6	1.1	1.5	1	0.3268473903	0.454525250798	0.326893276988
1.5	1.3	1.4	1.3	1.5	1.2	1	0.22203696293	0.222167685503	0.222064339995
0.2	1.7	0.2	1.6	0.3	1.6	1	0.873512616826	0.873510315206	0.920564807452
1.4	1.7	1.4	1.6	1.5	1.6	1	0.222264633662	0.2224306707	0.222170264026
1.7	1.5	1.7	1.4	1.8	1.4	1	0.256475799424	0.256972874141	0.326975516609
1	1.7	0.9	1.8	0.9	1.7	1	0.455239517061	0.660454163806	0.66108230587
1.2	1.9	1.2	1.8	1.3	1.8	1	0.256346602979	0.256369632973	0.223519537126
1.9	1.8	1.9	1.9	1.8	1.9	1	0.455007684497	0.453937303504	0.325751174393
0.6	0.2	0.7	0.2	0.6	0.3	1	0.92028928324	0.873181038581	0.920290901616
1.3	1	1.2	1	1.3	0.9	1	0.223946173711	0.256822226377	0.223987833666
1.5	0.7	1.5	0.6	1.6	0.6	1	0.222467446608	0.222255146491	0.223941827735
1.5	1.1	1.5	1.2	1.4	1.2	1	0.222172183785	0.222064339995	0.222256329599
1.4	1	1.3	1	1.4	0.9	1	0.222475107383	0.223946173711	0.222536208035
0.1	1.2	0.1	1.1	0.2	1.1	1	0.78740912947	0.787818101857	0.873538439004
1.6	1.6	1.5	1.6	1.6	1.5	1	0.223562095719	0.222170264026	0.223628525641
1.6	1.4	1.6	1.3	1.7	1.3	1	0.2238005157	0.223808986567	0.257184865151
1.4	0.8	1.5	0.8	1.4	0.9	1	0.222475673543	0.22252225185	0.222536208035
1.7	1	1.6	1.1	1.6	1	1	0.257200593765	0.223948082141	0.224014209391
1.9	1.2	1.8	1.2	1.9	1.1	1	0.455452523219	0.327054774428	0.455463935927
0.5	0.9	0.4	0.9	0.5	0.8	1	0.943455496043	0.943400223331	0.943398729634
0.4	0.5	0.4	0.6	0.3	0.6	1	0.943330266174	0.943343004996	0.920579255077
0.7	0.7	0.6	0.7	0.7	0.6	1	0.873513173331	0.920457042489	0.873445047591
0.4	0.4	0.3	0.4	0.4	0.3	1	0.943391661648	0.920780041602	0.94340477873
0.1	0.7	0	0.7	0.1	0.6	1	0.787477966024	0.66151475141	0.787460597704
1.9	1.4	1.8	1.4	1.9	1.3	1	0.45572778247	0.326975516609	0.45539996769
0	1.3	0.1	1.3	0	1.4	1	0.661364725741	0.787844907493	0.661314084421
1.9	0.1	1.9	0.2	1.8	0.2	1	0.454063388887	0.454359866033	0.326612142251
0.3	1.6	0.4	1.5	0.4	1.6	1	0.920564807452	0.943550764271	0.943432928067
0.2	1.8	0.2	1.9	0.1	1.9	1	0.87323910896	0.873699347287	0.787519826309
0.6	1.7	0.7	1.6	0.7	1.7	1	0.92079877913	0.873508532699	0.873606883004
0.5	1.6	0.4	1.7	0.4	1.6	1	0.943506083886	0.943410305492	0.943432928067
0.5	1.3	0.4	1.3	0.5	1.2	1	0.943539169336	0.943540127684	0.943555499157
0.3	1.1	0.3	1.2	0.2	1.2	1	0.92063420332	0.920640388249	0.873389398218
1.3	1.2	1.2	1.2	1.3	1.1	1	0.223815099114	0.256766897568	0.223778753709
1.4	1	1.4	0.9	1.5	0.9	1	0.222475107383	0.222536208035	0.222305778437
1	1.6	1	1.7	0.9	1.7	1	0.454525250798	0.455239517061	0.66108230587
1.1	1	1.1	1.1	1	1.1	1	0.32654457818	0.326841572623	0.454712189432
1.5	1.4	1.4	1.5	1.4	1.4	1	0.222076825086	0.222120880693	0.221893523032
1.2	1.5	1.2	1.6	1.1	1.6	1	0.25664504233	0.256456015724	0.3268473903
1.7	1.3	1.7	1.2	1.8	1.2	1	0.257184865151	0.257149272406	0.327054774428
1.8	1.3	1.7	1.3	1.8	1.2	1	0.327144829293	0.257184865151	0.327054774428
0.9	1.1	0.9	1	1	1	1	0.661739723679	0.661819975849	0.454864583202
0.7	1.3	0.7	1.4	0.6	1.4	1	0.873767721882	0.874080079475	0.920841851232
1.3	1	1.4	1	1.3	1.1	1	0.223946173711	0.222475107383	0.223778753709
0.4	0.1	0.3	0.2	0.3	0.1	1	0.943278298208	0.920661885172	0.920464442046
1	0.5	1	0.4	1.1	0.4	1	0.454951731796	0.455045304406	0.326841710646
1.1	0	1.1	0.1	1	0.1	1	0.326328517986	0.326186099505	0.454524021677
0.9	1.7	0.8	1.8	0.8	1.7	1	0.66108230587	0.787468374812	0.787680616501
1	0.8	1	0.7	1.1	0.7	1	0.454604452384	0.454749815616	0.326197004787
1.2	0.1	1.2	0.2	1.1	0.2	1	0.256193625335	0.256207549883	0.326315344774
0.2	0.5	0.2	0.4	0.3	0.4	1	0.873603740774	0.873598118931	0.920780041602
1.7	0.7	1.8	0.7	1.7	0.8	1	0.256802811097	0.326885373358	0.257020885792
1.3	0.3	1.4	0.2	1.4	0.3	1	0.22327839417	0.221470869333	0.221743447974
0.5	0.2	0.5	0.1	0.6	0.1	1	0.943164746261	0.943178460352	0.920300512803
0.1	0.2	0	0.3	0	0.2	1	0.787505855867	0.661274099252	0.660410221935
0.7	0.1	0.7	0	0.8	0	1	0.873162771672	0.873570967298	0.787126374914
0.8	0.1	0.8	0	0.9	0	1	0.786908342499	0.787126374914	0.659652500166
0.9	0.5	0.9	0.4	1	0.4	1	0.660306596217	0.659987179513	0.455045304406
0.9	0.2	0.8	0.2	0.9	0.1	1	0.661043671394	0.786960158215	0.660426680718
0.8	0.5	0.8	0.4	0.9	0.4	1	0.787169854009	0.786875660425	0.659987179513
0.8	0.3	0.9	0.3	0.8	0.4	1	0.786816192785	0.660235241412	0.786875660425
0.7	0.8	0.7	0.7	0.8	0.7	1	0.87360889389	0.873513173331	0.787467986667
0.7	0.5	0.7	0.4	0.8	0.4	1	0.873334698855	0.873087026325	0.786875660425
0.7	0.9	0.7	0.8	0.8	0.8	1	0.873541795052	0.87360889389	0.787502613404
0.9	0.8	1	0.7	1	0.8	1	0.660142769347	0.454749815616	0.454604452384
0.8	0.7	0.9	0.7	0.8	0.8	1	0.787467986667	0.6606466498	0.787502613404
0.8	0.6	0.9	0.5	0.9	0.6	1	0.787398089401	0.660306596217	0.66077363991
0.3	1	0.2	1.1	0.2	1	1	0.920498041585	0.873538439004	0.873598988483
0.3	0.6	0.3	0.7	0.2	0.7	1	0.920579255077	0.920545234426	0.873413869128
0.8	0.9	0.7	0.9	0.8	0.8	1	0.787573354553	0.873541795052	0.787502613404
0.6	0.6	0.6	0.5	0.7	0.5	1	0.920368129583	0.920313572735	0.873334698855
0.4	0.9	0.3	1	0.3	0.9	1	0.943400223331	0.920498041585	0.920500573345
0.3	0.6	0.2	0.7	0.2	0.6	1	0.920579255077	0.873413869128	0.873525521082
0.3	0.6	0.2	0.6	0.3	0.5	1	0.920579255077	0.873525521082	0.920658101454
0.1	0.4	0	0.4	0.1	0.3	1	0.787500381369	0.661759186943	0.78754162599
0.2	0.9	0.1	0.9	0.2	0.8	1	0.873396863795	0.78748416631	0.873390191647
0.1	0.9	0	0.9	0.1	0.8	1	0.78748416631	0.661455659957	0.787468476888
1.6	0.6	1.6	0.7	1.5	0.7	1	0.223941827735	0.223898494557	0.222467446608
0	1.1	0.1	1.1	0	1.2	1	0.661590378243	0.787818101857	0.661237534806
0.2	1.1	0.3	1.1	0.2	1.2	1	0.873538439004	0.92063420332	0.873389398218
0	1.1	0	1	0.1	1	1	0.661590378243	0.661443872755	0.787446405942
0.2	1.3	0.2	1.4	0.1	1.4	1	0.873443386422	0.873522711633	0.787762816824
0	1.3	0	1.2	0.1	1.2	1	0.661364725741	0.661237534806	0.78740912947
0.1	1.5	0.1	1.4	0.2	1.4	1	0.787788759414	0.787762816824	0.873522711633
0.1	1.4	0.1	1.3	0.2	1.3	1	0.787762816824	0.787844907493	0.873443386422
0.2	1.6	0.1	1.6	0.2	1.5	1	0.873510315206	0.787556596242	0.873613540312
0.2	1.8	0.1	1.8	0.2	1.7	1	0.87323910896	0.787339802677	0.873512616826
0	1.7	0.1	1.6	0.1	1.7	1	0.661277647	0.787556596242	0.787482581656
0.4	0	0.3	0.1	0.3	0	1	0.943248688978	0.920464442046	0.920432030191
0.9	1.5	0.8	1.6	0.8	1.5	1	0.660719057131	0.787669908857	0.787515493131
0.1	1.7	0.1	1.6	0.2	1.6	1	0.787482581656	0.787556596242	0.873510315206
0.3	1.8	0.4	1.7	0.4	1.8	1	0.92046885255	0.943410305492	0.94344075958
0.3	1.5	0.2	1.6	0.2	1.5	1	0.920579910708	0.873510315206	0.873613540312
0.3	1.7	0.4	1.6	0.4	1.7	1	0.9205747734	0.943432928067	0.943410305492
0.5	1.3	0.4	1.4	0.4	1.3	1	0.943539169336	0.94350162806	0.943540127684
0.4	0.1	0.4	0	0.5	0	1	0.943278298208	0.943248688978	0.943248592357
0.6	1.6	0.5	1.7	0.5	1.6	1	0.920773293244	0.943512943998	0.943506083886
0.9	1.9	0.9	1.8	1	1.8	1	0.660602443366	0.660454163806	0.454252518621
0.8	1.7	0.7	1.8	0.7	1.7	1	0.787680616501	0.873696543429	0.873606883004
0.6	1.9	0.6	1.8	0.7	1.8	1	0.920443827703	0.920607775357	0.873696543429
0.6	1.8	0.5	1.9	0.5	1.8	1	0.920607775357	0.943340644175	0.94350782065
0.9	1.2	0.8	1.3	0.8	1.2	1	0.661410953209	0.787847525365	0.78760379413
0.7	0.8	0.7	0.9	0.6	0.9	1	0.87360889389	0.873541795052	0.920600936055
0.4	1.6	0.4	1.5	0.5	1.5	1	0.943432928067	0.943550764271	0.943622975413
0.7	1.5	0.6	1.5	0.7	1.4	1	0.873540675309	0.920892702416	0.874080079475
0.7	1.2	0.6	1.2	0.7	1.1	1	0.873607876888	0.920716150616	0.873480070727
0.8	1.4	0.8	1.5	0.7	1.5	1	0.787510234278	0.787515493131	0.873540675309
0.7	1.1	0.6	1.2	0.6	1.1	1	0.873480070727	0.920716150616	0.920674416103
1	1.2	1.1	1.2	1	1.3	1	0.455379846599	0.326636653332	0.455360409377
0.9	0.9	0.8	0.9	0.9	0.8	1	0.661192538822	0.787573354553	0.660142769347
1.3	1.3	1.3	1.4	1.2	1.4	1	0.223734877938	0.223627879146	0.25654299208
1.2	1.1	1.2	1	1.3	1	1	0.25674971552	0.256822226377	0.223946173711
1.5	0.9	1.5	1	1.4	1	1	0.222305778437	0.22231409241	0.222475107383
1.5	1.1	1.4	1.1	1.5	1	1	0.222172183785	0.222246444076	0.22231409241
1.3	1.6	1.2	1.6	1.3	1.5	1	0.223476349855	0.256456015724	0.223455770339
1	1.3	0.9	1.4	0.9	1.3	1	0.455360409377	0.660713558792	0.661256847596
1.4	1.1	1.3	1.2	1.3	1.1	1	0.222246444076	0.223815099114	0.223778753709
1.2	1.1	1.1	1.2	1.1	1.1	1	0.25674971552	0.326636653332	0.326841572623
1	0.1	1	0.2	0.9	0.2	1	0.454524021677	0.455509141562	0.661043671394
0.8	1.9	0.9	1.8	0.9	1.9	1	0.787304308841	0.660454163806	0.660602443366
1.6	1.7	1.6	1.6	1.7	1.6	1	0.223565092552	0.223562095719	0.256409498111
1.5	1.5	1.5	1.6	1.4	1.6	1	0.222105197722	0.222170264026	0.2224306707
1.4	1.8	1.3	1.9	1.3	1.8	1	0.222160954973	0.223410963513	0.223519537126
1.2	1.7	1.1	1.7	1.2	1.6	1	0.256228053962	0.326656728795	0.256456015724
1	1.8	1	1.9	0.9	1.9	1	0.454252518621	0.454742042797	0.660602443366
1.7	1.6	1.7	1.7	1.6	1.7	1	0.256409498111	0.256378342594	0.223565092552
1.6	1.8	1.7	1.8	1.6	1.9	1	0.223567796494	0.25630481434	0.22332035615
1.7	1.7	1.8	1.6	1.8	1.7	1	0.256378342594	0.326491821041	0.326357974958
1.9	1.7	1.8	1.7	1.9	1.6	1	0.454919541296	0.326357974958	0.455313592107
1.6	0.1	1.6	0.2	1.5	0.2	1	0.223364440798	0.223368484335	0.221751261448
1.7	1.9	1.7	1.8	1.8	1.8	1	0.25606688154	0.25630481434	0.326570741234
1.8	1.5	1.8	1.4	1.9	1.4	1	0.326483754774	0.326975516609	0.45572778247
0.1	1.4	0.1	1.5	0	1.5	1	0.787762816824	0.787788759414	0.661215088978
1.8	1.5	1.7	1.6	1.7	1.5	1	0.326483754774	0.256409498111	0.256475799424
1.8	1.4	1.8	1.3	1.9	1.3	1	0.326975516609	0.327144829293	0.45539996769
1.8	1.4	1.7	1.4	1.8	1.3	1	0.326975516609	0.256972874141	0.327144829293
1.6	1.5	1.6	1.4	1.7	1.4	1	0.223628525641	0.2238005157	0.256972874141
1.5	1.5	1.4	1.5	1.5	1.4	1	0.222105197722	0.222120880693	0.222076825086
1.7	1.3	1.6	1.3	1.7	1.2	1	0.257184865151	0.223808986567	0.257149272406
1.5	1.3	1.4	1.4	1.4	1.3	1	0.22203696293	0.221893523032	0.222167685503
1.7	1.1	1.8	1.1	1.7	1.2	1	0.257136709091	0.326822036892	0.257149272406
1.9	1.2	1.8	1.3	1.8	1.2	1	0.455452523219	0.327144829293	0.327054774428
1.8	0.8	1.9	0.8	1.8	0.9	1	0.327306386867	0.45500343808	0.3272744196
1.6	0.9	1.6	1	1.5	1	1	0.223900952335	0.224014209391	0.22231409241
1.8	0.8	1.7	0.9	1.7	0.8	1	0.327306386867	0.257183390127	0.257020885792
1.7	0.9	1.7	1	1.6	1	1	0.257183390127	0.257200593765	0.224014209391
1.9	0.7	1.9	0.8	1.8	0.8	1	0.454534963491	0.45500343808	0.327306386867
1.3	0.8	1.3	0.7	1.4	0.7	1	0.223914571847	0.223571901482	0.222385101847
1.6	0.8	1.7	0.8	1.6	0.9	1	0.223752572835	0.257020885792	0.223900952335
1.1	1.1	1.2	1	1.2	1.1	1	0.326841572623	0.256822226377	0.25674971552
1.1	0.9	1.2	0.8	1.2	0.9	1	0.326611956639	0.256612723426	0.256786087944
1.1	1	1	1	1.1	0.9	1	0.32654457818	0.454864583202	0.326611956639
0.7	1.1	0.8	1.1	0.7	1.2	1	0.873480070727	0.787665683906	0.873607876888
1.1	0.8	1.2	0.8	1.1	0.9	1	0.326239184669	0.256612723426	0.326611956639
1	0.6	1	0.5	1.1	0.5	1	0.455118395115	0.454951731796	0.327242090577
1.5	0.7	1.4	0.7	1.5	0.6	1	0.222467446608	0.222385101847	0.222255146491
1.1	0.6	1	0.7	1	0.6	1	0.326868778581	0.454749815616	0.455118395115
1.3	0.9	1.4	0.8	1.4	0.9	1	0.223987833666	0.222475673543	0.222536208035
1.4	0.7	1.5	0.7	1.4	0.8	1	0.222385101847	0.222467446608	0.222475673543
1.1	0.4	1.1	0.5	1	0.5	1	0.326841710646	0.327242090577	0.454951731796
1	0.3	0.9	0.4	0.9	0.3	1	0.455160126963	0.659987179513	0.660235241412
1.5	0.1	1.6	0	1.6	0.1	1	0.221675161584	0.223209899635	0.223364440798
0.9	0.3	0.8	0.3	0.9	0.2	1	0.660235241412	0.786816192785	0.661043671394
1.2	0.2	1.2	0.3	1.1	0.3	1	0.256207549883	0.255959493339	0.325883401533
1	0.3	1	0.4	0.9	0.4	1	0.455160126963	0.455045304406	0.659987179513
1.6	0.4	1.5	0.4	1.6	0.3	1	0.223704796146	0.222002469209	0.22349316958
1.3	0.6	1.3	0.7	1.2	0.7	1	0.22356995025	0.223571901482	0.25618761292
1.5	0.1	1.6	0.1	1.5	0.2	1	0.221675161584	0.223364440798	0.221751261448
1.5	0.3	1.5	0.4	1.4	0.4	1	0.221684448732	0.222002469209	0.221869566265
1.7	0.6	1.6	0.7	1.6	0.6	1	0.257054317428	0.223898494557	0.223941827735
1.4	0.6	1.3	0.7	1.3	0.6	1	0.222035874912	0.223571901482	0.22356995025
1.9	0.5	1.9	0.6	1.8	0.6	1	0.455166601604	0.454889304762	0.327087988888
1.8	0	1.7	0.1	1.7	0	1	0.325683911831	0.256105087825	0.255958074183
1.7	0.4	1.7	0.5	1.6	0.5	1	0.25724673001	0.257345922916	0.223884827078
1.9	0.3	1.8	0.4	1.8	0.3	1	0.45521948473	0.327318251254	0.327167295984
0.2	0.1	0.1	0.1	0.2	0	1	0.873225330199	0.787436390612	0.873344953848
0.1	0.1	0.1	0	0.2	0	1	0.787436390612	0.7874726461	0.873344953848
0	0.1	0	0	0.1	0	1	0.661218509895	0.661108985981	0.7874726461
0.2	0.4	0.1	0.4	0.2	0.3	1	0.873598118931	0.787500381369	0.87357508822
0	0.1	0.1	0	0.1	0.1	1	0.661218509895	0.7874726461	0.787436390612
0.2	0.4	0.2	0.5	0.1	0.5	1	0.873598118931	0.873603740774	0.78745725763
0.1	0.3	0	0.4	0	0.3	1	0.78754162599	0.661759186943	0.661274099252
0.2	0.2	0.2	0.3	0.1	0.3	1	0.873496167419	0.87357508822	0.78754162599
0.2	0.4	0.1	0.5	0.1	0.4	1	0.873598118931	0.78745725763	0.787500381369
0.1	0.1	0	0.2	0	0.1	1	0.787436390612	0.660410221935	0.661218509895
0.1	0.2	0.1	0.3	0	0.3	1	0.787505855867	0.78754162599	0.661274099252
0.1	0.1	0.1	0.2	0	0.2	1	0.787436390612	0.787505855867	0.660410221935
0.2	0.1	0.2	0	0.3	0	1	0.873225330199	0.873344953848	0.920432030191
0.2	0.3	0.3	0.2	0.3	0.3	1	0.87357508822	0.920661885172	0.920793440822
0.2	0.4	0.2	0.3	0.3	0.3	1	0.873598118931	0.87357508822	0.920793440822
0.1	0.3	0.1	0.2	0.2	0.2	1	0.78754162599	0.787505855867	0.873496167419
0.4	0.4	0.4	0.3	0.5	0.3	1	0.943391661648	0.94340477873	0.943193642161
0.3	0.3	0.3	0.2	0.4	0.2	1	0.920793440822	0.920661885172	0.943350711704
0.2	0.3	0.2	0.2	0.3	0.2	1	0.87357508822	0.873496167419	0.920661885172
0.1	0.2	0.1	0.1	0.2	0.1	1	0.787505855867	0.787436390612	0.873225330199
0.2	0.2	0.3	0.1	0.3	0.2	1	0.873496167419	0.920464442046	0.920661885172
0.2	0.2	0.2	0.1	0.3	0.1	1	0.873496167419	0.873225330199	0.920464442046
0.2	0.2	0.1	0.2	0.2	0.1	1	0.873496167419	0.787505855867	0.873225330199
0.2	0.1	0.3	0	0.3	0.1	1	0.873225330199	0.920432030191	0.920464442046
0.5	0.1	0.4	0.1	0.5	0	1	0.943178460352	0.943278298208	0.943248592357
0.4	0.2	0.3	0.2	0.4	0.1	1	0.943350711704	0.920661885172	0.943278298208
0.3	0.1	0.4	0	0.4	0.1	1	0.920464442046	0.943248688978	0.943278298208
0.6	0	0.5	0.1	0.5	0	1	0.920516256027	0.943178460352	0.943248592357
0.6	0.2	0.6	0.1	0.7	0.1	1	0.92028928324	0.920300512803	0.873162771672
0.4	0.3	0.3	0.3	0.4	0.2	1	0.94340477873	0.920793440822	0.943350711704
0.7	0	0.7	0.1	0.6	0.1	1	0.873570967298	0.873162771672	0.920300512803
0.4	0.2	0.4	0.1	0.5	0.1	1	0.943350711704	0.943278298208	0.943178460352
0.8	0.2	0.8	0.1	0.9	0.1	1	0.786960158215	0.786908342499	0.660426680718
0.7	0.1	0.8	0	0.8	0.1	1	0.873162771672	0.787126374914	0.786908342499
1	0	0.9	0.1	0.9	0	1	0.454501077576	0.660426680718	0.659652500166
0.8	0.1	0.9	0	0.9	0.1	1	0.786908342499	0.659652500166	0.660426680718
1.1	0.3	1	0.3	1.1	0.2	1	0.325883401533	0.455160126963	0.326315344774
0.8	0.3	0.7	0.3	0.8	0.2	1	0.786816192785	0.873097918252	0.786960158215
0.7	0.2	0.6	0.2	0.7	0.1	1	0.873181038581	0.92028928324	0.873162771672
0.6	0.1	0.6	0	0.7	0	1	0.920300512803	0.920516256027	0.873570967298
0.6	0	0.6	0.1	0.5	0.1	1	0.920516256027	0.920300512803	0.943178460352
0.7	0.1	0.8	0.1	0.7	0.2	1	0.873162771672	0.786908342499	0.873181038581
0.7	0.3	0.7	0.2	0.8	0.2	1	0.873097918252	0.873181038581	0.786960158215
0.7	0.3	0.6	0.3	0.7	0.2	1	0.873097918252	0.920290901616	0.873181038581
0.8	0.3	0.8	0.2	0.9	0.2	1	0.786816192785	0.786960158215	0.661043671394
0.7	0.2	0.8	0.1	0.8	0.2	1	0.873181038581	0.786908342499	0.786960158215
1	0.2	1	0.3	0.9	0.3	1	0.455509141562	0.455160126963	0.660235241412
0.9	0.4	0.8	0.4	0.9	0.3	1	0.659987179513	0.786875660425	0.660235241412
0.8	0.4	0.7	0.4	0.8	0.3	1	0.786875660425	0.873087026325	0.786816192785
0.5	0.2	0.4	0.3	0.4	0.2	1	0.943164746261	0.94340477873	0.943350711704
0.5	0.4	0.4	0.4	0.5	0.3	1	0.943174028258	0.943391661648	0.943193642161
0.7	0.3	0.8	0.3	0.7	0.4	1	0.873097918252	0.786816192785	0.873087026325
0.7	0.4	0.6	0.4	0.7	0.3	1	0.873087026325	0.920312951642	0.873097918252
0.7	0.4	0.6	0.5	0.6	0.4	1	0.873087026325	0.920313572735	0.920312951642
0.5	0.3	0.5	0.2	0.6	0.2	1	0.943193642161	0.943164746261	0.92028928324
0.5	0.2	0.6	0.1	0.6	0.2	1	0.943164746261	0.920300512803	0.92028928324
0.6	0.3	0.5	0.3	0.6	0.2	1	0.920290901616	0.943193642161	0.92028928324
0.4	0.2	0.5	0.1	0.5	0.2	1	0.943350711704	0.943178460352	0.943164746261
0.6	0.4	0.5	0.5	0.5	0.4	1	0.920312951642	0.943186731734	0.943174028258
0.4	0.3	0.5	0.2	0.5	0.3	1	0.94340477873	0.943164746261	0.943193642161
0.6	0.3	0.6	0.4	0.5	0.4	1	0.920290901616	0.920312951642	0.943174028258
0.6	0.7	0.5	0.7	0.6	0.6	1	0.920457042489	0.943336625337	0.920368129583
0.5	0.6	0.4	0.6	0.5	0.5	1	0.943272835849	0.943343004996	0.943186731734
0.6	0.6	0.5	0.6	0.6	0.5	1	0.920368129583	0.943272835849	0.920313572735
0.5	0.6	0.5	0.7	0.4	0.7	1	0.943272835849	0.943336625337	0.943416844705
0.6	0.5	0.5	0.6	0.5	0.5	1	0.920313572735	0.943272835849	0.943186731734
0.6	0.7	0.7	0.7	0.6	0.8	1	0.920457042489	0.873513173331	0.920616118616
0.7	0.3	0.6	0.4	0.6	0.3	1	0.873097918252	0.920312951642	0.920290901616
0.6	0.5	0.5	0.5	0.6	0.4	1	0.920313572735	0.943186731734	0.920312951642
0.7	0.6	0.7	0.5	0.8	0.5	1	0.873445047591	0.873334698855	0.787169854009
0.6	0.5	0.7	0.4	0.7	0.5	1	0.920313572735	0.873087026325	0.873334698855
0.9	0.6	0.9	0.5	1	0.5	1	0.66077363991	0.660306596217	0.454951731796
0.8	0.5	0.7	0.5	0.8	0.4	1	0.787169854009	0.873334698855	0.786875660425
1	0.6	0.9	0.6	1	0.5	1	0.455118395115	0.66077363991	0.454951731796
0.9	0.7	0.8	0.7	0.9	0.6	1	0.6606466498	0.787467986667	0.66077363991
0.8	0.6	0.8	0.5	0.9	0.5	1	0.787398089401	0.787169854009	0.660306596217
0.8	0.6	0.7	0.6	0.8	0.5	1	0.787398089401	0.873445047591	0.787169854009
0.7	0.7	0.7	0.6	0.8	0.6	1	0.873513173331	0.873445047591	0.787398089401
0.6	0.6	0.7	0.5	0.7	0.6	1	0.920368129583	0.873334698855	0.873445047591
0.8	0.7	0.7	0.7	0.8	0.6	1	0.787467986667	0.873513173331	0.787398089401
0.7	0.8	0.6	0.8	0.7	0.7	1	0.87360889389	0.920616118616	0.873513173331
0.9	0.6	0.8	0.7	0.8	0.6	1	0.66077363991	0.787467986667	0.787398089401
0.8	0.8	0.7	0.8	0.8	0.7	1	0.787502613404	0.87360889389	0.787467986667
1	0.7	0.9	0.8	0.9	0.7	1	0.454749815616	0.660142769347	0.6606466498
1	1.1	1.1	1.1	1	1.2	1	0.454712189432	0.326841572623	0.455379846599
1	0.8	0.9	0.9	0.9	0.8	1	0.454604452384	0.661192538822	0.660142769347
0.9	1	0.8	1.1	0.8	1	1	0.661819975849	0.787665683906	0.787507000442
0.9	0.8	0.8	0.9	0.8	0.8	1	0.660142769347	0.787573354553	0.787502613404
0.9	1	0.9	1.1	0.8	1.1	1	0.661819975849	0.661739723679	0.787665683906
0.5	0.9	0.5	0.8	0.6	0.8	1	0.943455496043	0.943398729634	0.920616118616
0.5	0.7	0.5	0.6	0.6	0.6	1	0.943336625337	0.943272835849	0.920368129583
0.5	0.8	0.5	0.7	0.6	0.7	1	0.943398729634	0.943336625337	0.920457042489
0.6	0.6	0.7	0.6	0.6	0.7	1	0.920368129583	0.873445047591	0.920457042489
0.6	0.8	0.5	0.8	0.6	0.7	1	0.920616118616	0.943398729634	0.920457042489
0.4	0.8	0.5	0.7	0.5	0.8	1	0.943400118745	0.943336625337	0.943398729634
0.5	1	0.4	1.1	0.4	1	1	0.94353258287	0.943533446746	0.943453490407
0.4	0.9	0.4	0.8	0.5	0.8	1	0.943400223331	0.943400118745	0.943398729634
0.4	0.8	0.4	0.7	0.5	0.7	1	0.943400118745	0.943416844705	0.943336625337
0.1	1	0.2	0.9	0.2	1	1	0.787446405942	0.873396863795	0.873598988483
0.4	0.8	0.3	0.8	0.4	0.7	1	0.943400118745	0.920543920377	0.943416844705
0.2	0.8	0.1	0.8	0.2	0.7	1	0.873390191647	0.787468476888	0.873413869128
0.6	1	0.6	1.1	0.5	1.1	1	0.920779868186	0.920674416103	0.943556461565
0.3	0.9	0.4	0.8	0.4	0.9	1	0.920500573345	0.943400118745	0.943400223331
0.4	0.7	0.3	0.8	0.3	0.7	1	0.943416844705	0.920543920377	0.920545234426
0.4	0.8	0.3	0.9	0.3	0.8	1	0.943400118745	0.920500573345	0.920543920377
0.4	0.7	0.4	0.6	0.5	0.6	1	0.943416844705	0.943343004996	0.943272835849
0.4	0.7	0.3	0.7	0.4	0.6	1	0.943416844705	0.920545234426	0.943343004996
0.6	0.3	0.5	0.4	0.5	0.3	1	0.920290901616	0.943174028258	0.943193642161
0.5	0.5	0.4	0.5	0.5	0.4	1	0.943186731734	0.943330266174	0.943174028258
0.3	0.5	0.3	0.4	0.4	0.4	1	0.920658101454	0.920780041602	0.943391661648
0.3	0.5	0.2	0.5	0.3	0.4	1	0.920658101454	0.873603740774	0.920780041602
0.5	0.4	0.4	0.5	0.4	0.4	1	0.943174028258	0.943330266174	0.943391661648
0.5	0.5	0.4	0.6	0.4	0.5	1	0.943186731734	0.943343004996	0.943330266174
0.4	0.5	0.3	0.6	0.3	0.5	1	0.943330266174	0.920579255077	0.920658101454
0.4	0.6	0.3	0.7	0.3	0.6	1	0.943343004996	0.920545234426	0.920579255077
0.2	0.6	0.2	0.5	0.3	0.5	1	0.873525521082	0.873603740774	0.920658101454
0.2	0.6	0.1	0.6	0.2	0.5	1	0.873525521082	0.787460597704	0.873603740774
0.1	0.6	0.1	0.5	0.2	0.5	1	0.787460597704	0.78745725763	0.873603740774
0.1	0.6	0	0.6	0.1	0.5	1	0.787460597704	0.661470402221	0.78745725763
0.2	0.3	0.1	0.4	0.1	0.3	1	0.87357508822	0.787500381369	0.78754162599
0.1	0.5	0	0.5	0.1	0.4	1	0.78745725763	0.6614400574	0.787500381369
0.1	0.4	0	0.5	0	0.4	1	0.787500381369	0.6614400574	0.661759186943
0.1	0.5	0	0.6	0	0.5	1	0.78745725763	0.661470402221	0.6614400574
0.2	0.6	0.1	0.7	0.1	0.6	1	0.873525521082	0.787477966024	0.787460597704
0.1	0.8	0	0.8	0.1	0.7	1	0.787468476888	0.661486320364	0.787477966024
0.1	0.6	0	0.7	0	0.6	1	0.787460597704	0.66151475141	0.661470402221
0.1	0.7	0	0.8	0	0.7	1	0.787477966024	0.661486320364	0.66151475141
0.3	0.8	0.2	0.8	0.3	0.7	1	0.920543920377	0.873390191647	0.920545234426
0.1	0.8	0.1	0.7	0.2	0.7	1	0.787468476888	0.787477966024	0.873413869128
0.3	0.7	0.2	0.8	0.2	0.7	1	0.920545234426	0.873390191647	0.873413869128
0.3	0.8	0.3	0.9	0.2	0.9	1	0.920543920377	0.920500573345	0.873396863795
0.1	1	0.1	0.9	0.2	0.9	1	0.787446405942	0.78748416631	0.873396863795
0.2	0.8	0.3	0.8	0.2	0.9	1	0.873390191647	0.920543920377	0.873396863795
0.2	0.8	0.1	0.9	0.1	0.8	1	0.873390191647	0.78748416631	0.787468476888
0.4	1	0.3	1	0.4	0.9	1	0.943453490407	0.920498041585	0.943400223331
0	1.3	0.1	1.2	0.1	1.3	1	0.661364725741	0.78740912947	0.787844907493
0	1.2	0.1	1.1	0.1	1.2	1	0.661237534806	0.787818101857	0.78740912947
0.1	0.8	0	0.9	0	0.8	1	0.787468476888	0.661455659957	0.661486320364
0.1	0.9	0	1	0	0.9	1	0.78748416631	0.661443872755	0.661455659957
0	1.1	0.1	1	0.1	1.1	1	0.661590378243	0.787446405942	0.787818101857
0	1	0.1	0.9	0.1	1	1	0.661443872755	0.78748416631	0.787446405942
0.2	1.2	0.1	1.3	0.1	1.2	1	0.873389398218	0.787844907493	0.78740912947
0.1	1.1	0.1	1	0.2	1	1	0.787818101857	0.787446405942	0.873598988483
0.1	1.1	0.2	1	0.2	1.1	1	0.787818101857	0.873598988483	0.873538439004
0.2	0.9	0.3	0.9	0.2	1	1	0.873396863795	0.920500573345	0.873598988483
0.5	0.9	0.4	1	0.4	0.9	1	0.943455496043	0.943453490407	0.943400223331
0.3	1.1	0.2	1.1	0.3	1	1	0.92063420332	0.873538439004	0.920498041585
0.5	1	0.6	1	0.5	1.1	1	0.94353258287	0.920779868186	0.943556461565
0.4	1.3	0.4	1.4	0.3	1.4	1	0.943540127684	0.94350162806	0.92065165
0.3	0.9	0.3	1	0.2	1	1	0.920500573345	0.920498041585	0.873598988483
0.4	1	0.4	1.1	0.3	1.1	1	0.943453490407	0.943533446746	0.92063420332
0.4	1	0.3	1.1	0.3	1	1	0.943453490407	0.92063420332	0.920498041585
0.4	1.2	0.5	1.2	0.4	1.3	1	0.943566765069	0.943555499157	0.943540127684
0.4	1.1	0.3	1.2	0.3	1.1	1	0.943533446746	0.920640388249	0.92063420332
0.1	1.5	0.2	1.5	0.1	1.6	1	0.787788759414	0.873613540312	0.787556596242
0.4	1.3	0.3	1.4	0.3	1.3	1	0.943540127684	0.92065165	0.920690214509
0.4	1.4	0.3	1.5	0.3	1.4	1	0.94350162806	0.920579910708	0.92065165
0.4	1.2	0.4	1.3	0.3	1.3	1	0.943566765069	0.943540127684	0.920690214509
0.5	1.3	0.6	1.3	0.5	1.4	1	0.943539169336	0.920783534071	0.943614433862
0.4	1.1	0.4	1.2	0.3	1.2	1	0.943533446746	0.943566765069	0.920640388249
0.4	1.1	0.5	1.1	0.4	1.2	1	0.943533446746	0.943556461565	0.943566765069
0.2	1.3	0.3	1.3	0.2	1.4	1	0.873443386422	0.920690214509	0.873522711633
0.3	1.4	0.2	1.5	0.2	1.4	1	0.92065165	0.873613540312	0.873522711633
0.4	1.2	0.3	1.3	0.3	1.2	1	0.943566765069	0.920690214509	0.920640388249
0.3	1.4	0.2	1.4	0.3	1.3	1	0.92065165	0.873522711633	0.920690214509
0.2	1.1	0.2	1.2	0.1	1.2	1	0.873538439004	0.873389398218	0.78740912947
0.3	1.2	0.3	1.3	0.2	1.3	1	0.920640388249	0.920690214509	0.873443386422
0.2	1.2	0.2	1.3	0.1	1.3	1	0.873389398218	0.873443386422	0.787844907493
0.2	1.2	0.3	1.2	0.2	1.3	1	0.873389398218	0.920640388249	0.873443386422
0.2	1.5	0.1	1.5	0.2	1.4	1	0.873613540312	0.787788759414	0.873522711633
0	1.4	0.1	1.3	0.1	1.4	1	0.661314084421	0.787844907493	0.787762816824
0	1.5	0.1	1.5	0	1.6	1	0.661215088978	0.787788759414	0.661188871369
0.1	1.6	0	1.7	0	1.6	1	0.787556596242	0.661277647	0.661188871369
0	1.6	0.1	1.5	0.1	1.6	1	0.661188871369	0.787788759414	0.787556596242
0	1.4	0.1	1.4	0	1.5	1	0.661314084421	0.787762816824	0.661215088978
0.3	1.5	0.3	1.6	0.2	1.6	1	0.920579910708	0.920564807452	0.873510315206
0.2	1.7	0.1	1.7	0.2	1.6	1	0.873512616826	0.787482581656	0.873510315206
0	1.7	0.1	1.7	0	1.8	1	0.661277647	0.787482581656	0.661462887084
0	1.8	0.1	1.8	0	1.9	1	0.661462887084	0.787339802677	0.660964696306
0	1.9	0.1	1.8	0.1	1.9	1	0.660964696306	0.787339802677	0.787519826309
0.1	1.8	0.2	1.8	0.1	1.9	1	0.787339802677	0.87323910896	0.787519826309
0.2	1.8	0.3	1.7	0.3	1.8	1	0.87323910896	0.9205747734	0.92046885255
0.1	1.8	0.1	1.7	0.2	1.7	1	0.787339802677	0.787482581656	0.873512616826
0.1	1.8	0	1.8	0.1	1.7	1	0.787339802677	0.661462887084	0.787482581656
0.4	1.7	0.3	1.8	0.3	1.7	1	0.943410305492	0.92046885255	0.9205747734
0.3	1.9	0.2	1.9	0.3	1.8	1	0.920578851437	0.873699347287	0.92046885255
0.4	1.8	0.3	1.9	0.3	1.8	1	0.94344075958	0.920578851437	0.92046885255
0.4	1.8	0.4	1.7	0.5	1.7	1	0.94344075958	0.943410305492	0.943512943998
0.4	1.9	0.4	1.8	0.5	1.8	1	0.943400282102	0.94344075958	0.94350782065
0.4	1.9	0.3	1.9	0.4	1.8	1	0.943400282102	0.920578851437	0.94344075958
0.6	1.7	0.5	1.8	0.5	1.7	1	0.92079877913	0.94350782065	0.943512943998
0.5	1.9	0.4	1.9	0.5	1.8	1	0.943340644175	0.943400282102	0.94350782065
0.4	1.8	0.5	1.7	0.5	1.8	1	0.94344075958	0.943512943998	0.94350782065
0.5	1.6	0.5	1.5	0.6	1.5	1	0.943506083886	0.943622975413	0.920892702416
0.3	1.7	0.2	1.8	0.2	1.7	1	0.9205747734	0.87323910896	0.873512616826
0.3	1.8	0.2	1.9	0.2	1.8	1	0.92046885255	0.873699347287	0.87323910896
0.3	1.7	0.3	1.6	0.4	1.6	1	0.9205747734	0.920564807452	0.943432928067
0.3	1.7	0.2	1.7	0.3	1.6	1	0.9205747734	0.873512616826	0.920564807452
0.3	1.4	0.3	1.5	0.2	1.5	1	0.92065165	0.920579910708	0.873613540312
0.4	1.5	0.3	1.6	0.3	1.5	1	0.943550764271	0.920564807452	0.920579910708
0.3	1.5	0.4	1.4	0.4	1.5	1	0.920579910708	0.94350162806	0.943550764271
0.6	1.6	0.5	1.6	0.6	1.5	1	0.920773293244	0.943506083886	0.920892702416
0.4	1.5	0.4	1.4	0.5	1.4	1	0.943550764271	0.94350162806	0.943614433862
0.7	1.5	0.7	1.4	0.8	1.4	1	0.873540675309	0.874080079475	0.787510234278
0.6	1.4	0.6	1.3	0.7	1.3	1	0.920841851232	0.920783534071	0.873767721882
0.6	1.5	0.6	1.4	0.7	1.4	1	0.920892702416	0.920841851232	0.874080079475
0.5	1.5	0.4	1.5	0.5	1.4	1	0.943622975413	0.943550764271	0.943614433862
0.6	1.4	0.5	1.4	0.6	1.3	1	0.920841851232	0.943614433862	0.920783534071
0.6	1.4	0.6	1.5	0.5	1.5	1	0.920841851232	0.920892702416	0.943622975413
0.6	1.4	0.5	1.5	0.5	1.4	1	0.920841851232	0.943622975413	0.943614433862
0.6	1.5	0.7	1.5	0.6	1.6	1	0.920892702416	0.873540675309	0.920773293244
0.4	1.7	0.5	1.6	0.5	1.7	1	0.943410305492	0.943506083886	0.943512943998
0.4	1.6	0.5	1.5	0.5	1.6	1	0.943432928067	0.943622975413	0.943506083886
0.7	1.8	0.6	1.8	0.7	1.7	1	0.873696543429	0.920607775357	0.873606883004
0.6	1.9	0.5	1.9	0.6	1.8	1	0.920443827703	0.943340644175	0.920607775357
0.6	1.8	0.6	1.7	0.7	1.7	1	0.920607775357	0.92079877913	0.873606883004
0.6	1.8	0.5	1.8	0.6	1.7	1	0.920607775357	0.94350782065	0.92079877913
0.6	1.7	0.6	1.6	0.7	1.6	1	0.92079877913	0.920773293244	0.873508532699
0.6	1.7	0.5	1.7	0.6	1.6	1	0.92079877913	0.943512943998	0.920773293244
0.7	1.6	0.8	1.6	0.7	1.7	1	0.873508532699	0.787669908857	0.873606883004
0.7	1.9	0.6	1.9	0.7	1.8	1	0.873397599115	0.920443827703	0.873696543429
0.8	1.8	0.7	1.9	0.7	1.8	1	0.787468374812	0.873397599115	0.873696543429
0.8	1.9	0.8	1.8	0.9	1.8	1	0.787304308841	0.787468374812	0.660454163806
0.8	1.9	0.7	1.9	0.8	1.8	1	0.787304308841	0.873397599115	0.787468374812
0.9	1.6	0.9	1.7	0.8	1.7	1	0.660892052857	0.66108230587	0.787680616501
0.8	1.8	0.7	1.8	0.8	1.7	1	0.787468374812	0.873696543429	0.787680616501
0.8	1.8	0.9	1.7	0.9	1.8	1	0.787468374812	0.66108230587	0.660454163806
0.8	1.6	0.7	1.6	0.8	1.5	1	0.787669908857	0.873508532699	0.787515493131
0.9	1.5	0.9	1.6	0.8	1.6	1	0.660719057131	0.660892052857	0.787669908857
1	1.5	1.1	1.5	1	1.6	1	0.454691954134	0.326893276988	0.454525250798
0.8	1.7	0.8	1.6	0.9	1.6	1	0.787680616501	0.787669908857	0.660892052857
0.8	1.7	0.7	1.7	0.8	1.6	1	0.787680616501	0.873606883004	0.787669908857
0.7	1.6	0.7	1.5	0.8	1.5	1	0.873508532699	0.873540675309	0.787515493131
0.7	1.6	0.6	1.6	0.7	1.5	1	0.873508532699	0.920773293244	0.873540675309
1	1.4	0.9	1.5	0.9	1.4	1	0.454941613106	0.660719057131	0.660713558792
1	1.5	0.9	1.6	0.9	1.5	1	0.454691954134	0.660892052857	0.660719057131
1.2	1.4	1.2	1.3	1.3	1.3	1	0.25654299208	0.256589222109	0.223734877938
0.9	1.5	0.8	1.5	0.9	1.4	1	0.660719057131	0.787515493131	0.660713558792
0.9	1.1	0.9	1.2	0.8	1.2	1	0.661739723679	0.661410953209	0.78760379413
0.9	1.4	0.8	1.5	0.8	1.4	1	0.660713558792	0.787515493131	0.787510234278
0.8	1.3	0.9	1.2	0.9	1.3	1	0.787847525365	0.661410953209	0.661256847596
0.9	1.1	1	1.1	0.9	1.2	1	0.661739723679	0.454712189432	0.661410953209
0.8	1.3	0.9	1.3	0.8	1.4	1	0.787847525365	0.661256847596	0.787510234278
0.9	1.2	1	1.1	1	1.2	1	0.661410953209	0.454712189432	0.455379846599
0.7	1.4	0.8	1.3	0.8	1.4	1	0.874080079475	0.787847525365	0.787510234278
0.7	1.3	0.7	1.2	0.8	1.2	1	0.873767721882	0.873607876888	0.78760379413
0.6	1.2	0.7	1.2	0.6	1.3	1	0.920716150616	0.873607876888	0.920783534071
0.8	1.3	0.7	1.4	0.7	1.3	1	0.787847525365	0.874080079475	0.873767721882
0.4	1.4	0.5	1.3	0.5	1.4	1	0.94350162806	0.943539169336	0.943614433862
0.5	1.2	0.6	1.2	0.5	1.3	1	0.943555499157	0.920716150616	0.943539169336
0.5	1.3	0.6	1.2	0.6	1.3	1	0.943539169336	0.920716150616	0.920783534071
0.8	1.2	0.7	1.2	0.8	1.1	1	0.78760379413	0.873607876888	0.787665683906
0.7	1.3	0.6	1.3	0.7	1.2	1	0.873767721882	0.920783534071	0.873607876888
0.9	1.1	0.8	1.2	0.8	1.1	1	0.661739723679	0.78760379413	0.787665683906
0.8	1.3	0.7	1.3	0.8	1.2	1	0.787847525365	0.873767721882	0.78760379413
0.5	1.2	0.6	1.1	0.6	1.2	1	0.943555499157	0.920674416103	0.920716150616
0.5	1.2	0.4	1.2	0.5	1.1	1	0.943555499157	0.943566765069	0.943556461565
0.5	1	0.5	1.1	0.4	1.1	1	0.94353258287	0.943556461565	0.943533446746
0.6	1.1	0.5	1.2	0.5	1.1	1	0.920674416103	0.943555499157	0.943556461565
0.5	0.9	0.5	1	0.4	1	1	0.943455496043	0.94353258287	0.943453490407
0.6	0.9	0.6	0.8	0.7	0.8	1	0.920600936055	0.920616118616	0.87360889389
0.5	0.9	0.6	0.9	0.5	1	1	0.943455496043	0.920600936055	0.94353258287
0.7	1	0.6	1.1	0.6	1	1	0.873385675593	0.920674416103	0.920779868186
0.5	1	0.6	0.9	0.6	1	1	0.94353258287	0.920600936055	0.920779868186
0.5	0.9	0.6	0.8	0.6	0.9	1	0.943455496043	0.920616118616	0.920600936055
0.6	0.9	0.7	0.9	0.6	1	1	0.920600936055	0.873541795052	0.920779868186
0.8	1	0.8	1.1	0.7	1.1	1	0.787507000442	0.787665683906	0.873480070727
0.7	1	0.7	1.1	0.6	1.1	1	0.873385675593	0.873480070727	0.920674416103
0.7	1	0.8	1	0.7	1.1	1	0.873385675593	0.787507000442	0.873480070727
0.8	0.9	0.8	1	0.7	1	1	0.787573354553	0.787507000442	0.873385675593
0.8	0.9	0.9	0.9	0.8	1	1	0.787573354553	0.661192538822	0.787507000442
0.9	0.9	0.9	1	0.8	1	1	0.661192538822	0.661819975849	0.787507000442
0.9	0.9	1	0.9	0.9	1	1	0.661192538822	0.454867396918	0.661819975849
0.7	1	0.7	0.9	0.8	0.9	1	0.873385675593	0.873541795052	0.787573354553
0.7	1	0.6	1	0.7	0.9	1	0.873385675593	0.920779868186	0.873541795052
1	0.9	1	1	0.9	1	1	0.454867396918	0.454864583202	0.661819975849
1	0.9	1.1	0.9	1	1	1	0.454867396918	0.326611956639	0.454864583202
1	1	1	1.1	0.9	1.1	1	0.454864583202	0.454712189432	0.661739723679
1	1	1.1	1	1	1.1	1	0.454864583202	0.32654457818	0.454712189432
0.9	1.2	1	1.2	0.9	1.3	1	0.661410953209	0.455379846599	0.661256847596
1.1	1.2	1.2	1.1	1.2	1.2	1	0.326636653332	0.25674971552	0.256766897568
1.2	0.9	1.1	1	1.1	0.9	1	0.256786087944	0.32654457818	0.326611956639
1.2	1	1.1	1.1	1.1	1	1	0.256822226377	0.326841572623	0.32654457818
1.3	1.1	1.2	1.2	1.2	1.1	1	0.223778753709	0.256766897568	0.25674971552
1	1.3	1	1.4	0.9	1.4	1	0.455360409377	0.454941613106	0.660713558792
1.2	1.1	1.3	1	1.3	1.1	1	0.25674971552	0.223946173711	0.223778753709
1.3	0.8	1.2	0.8	1.3	0.7	1	0.223914571847	0.256612723426	0.223571901482
1.4	1.2	1.4	1.3	1.3	1.3	1	0.222256329599	0.222167685503	0.223734877938
1.4	1.3	1.4	1.4	1.3	1.4	1	0.222167685503	0.221893523032	0.223627879146
1.3	1.2	1.3	1.3	1.2	1.3	1	0.223815099114	0.223734877938	0.256589222109
1.3	1.2	1.4	1.1	1.4	1.2	1	0.223815099114	0.222246444076	0.222256329599
1	1.3	1.1	1.2	1.1	1.3	1	0.455360409377	0.326636653332	0.326138599974
1	1.2	1.1	1.1	1.1	1.2	1	0.455379846599	0.326841572623	0.326636653332
1.4	1.4	1.3	1.5	1.3	1.4	1	0.221893523032	0.223455770339	0.223627879146
1.4	1.6	1.4	1.7	1.3	1.7	1	0.2224306707	0.222264633662	0.223514740598
1.3	1.5	1.4	1.4	1.4	1.5	1	0.223455770339	0.221893523032	0.222120880693
1.3	1.4	1.3	1.3	1.4	1.3	1	0.223627879146	0.223734877938	0.222167685503
1.3	1.2	1.4	1.2	1.3	1.3	1	0.223815099114	0.222256329599	0.223734877938
1.5	1.3	1.6	1.3	1.5	1.4	1	0.22203696293	0.223808986567	0.222076825086
1.2	1.3	1.2	1.4	1.1	1.4	1	0.256589222109	0.25654299208	0.326074451016
1.3	1.4	1.3	1.5	1.2	1.5	1	0.223627879146	0.223455770339	0.25664504233
1.2	1.2	1.2	1.3	1.1	1.3	1	0.256766897568	0.256589222109	0.326138599974
1.2	1.2	1.3	1.2	1.2	1.3	1	0.256766897568	0.223815099114	0.256589222109
1.2	1.2	1.1	1.3	1.1	1.2	1	0.256766897568	0.326138599974	0.326636653332
1	1.4	1	1.5	0.9	1.5	1	0.454941613106	0.454691954134	0.660719057131
1	1.2	1	1.3	0.9	1.3	1	0.455379846599	0.455360409377	0.661256847596
1.1	1.3	1.1	1.4	1	1.4	1	0.326138599974	0.326074451016	0.454941613106
1.2	1.3	1.1	1.4	1.1	1.3	1	0.256589222109	0.326074451016	0.326138599974
1.2	1.4	1.3	1.4	1.2	1.5	1	0.25654299208	0.223627879146	0.25664504233
1.1	1.3	1	1.4	1	1.3	1	0.326138599974	0.454941613106	0.455360409377
1.1	1.4	1	1.5	1	1.4	1	0.326074451016	0.454691954134	0.454941613106
1.1	1.4	1.1	1.5	1	1.5	1	0.326074451016	0.326893276988	0.454691954134
1.1	1.4	1.2	1.4	1.1	1.5	1	0.326074451016	0.25654299208	0.326893276988
1.1	1.7	1.1	1.6	1.2	1.6	1	0.326656728795	0.3268473903	0.256456015724
1.1	1.5	1.2	1.5	1.1	1.6	1	0.326893276988	0.25664504233	0.3268473903
0.9	1.6	1	1.6	0.9	1.7	1	0.660892052857	0.454525250798	0.66108230587
0.9	1.6	1	1.5	1	1.6	1	0.660892052857	0.454691954134	0.454525250798
0.9	1.8	1	1.7	1	1.8	1	0.660454163806	0.455239517061	0.454252518621
1	1.6	1.1	1.6	1	1.7	1	0.454525250798	0.3268473903	0.455239517061
1.1	1.6	1.1	1.7	1	1.7	1	0.3268473903	0.326656728795	0.455239517061
1	1.7	1.1	1.7	1	1.8	1	0.455239517061	0.326656728795	0.454252518621
1	1.9	1	1.8	1.1	1.8	1	0.454742042797	0.454252518621	0.326534907132
1.2	1.7	1.1	1.8	1.1	1.7	1	0.256228053962	0.326534907132	0.326656728795
1.1	1.9	1	1.9	1.1	1.8	1	0.326600730082	0.454742042797	0.326534907132
1.2	1.7	1.2	1.8	1.1	1.8	1	0.256228053962	0.256369632973	0.326534907132
1.1	1.8	1	1.8	1.1	1.7	1	0.326534907132	0.454252518621	0.326656728795
1.3	1.8	1.2	1.8	1.3	1.7	1	0.223519537126	0.256369632973	0.223514740598
1.1	1.9	1.1	1.8	1.2	1.8	1	0.326600730082	0.326534907132	0.256369632973
1.2	0.1	1.1	0.1	1.2	0	1	0.256193625335	0.326186099505	0.256340588977
1.1	1.9	1.2	1.8	1.2	1.9	1	0.326600730082	0.256369632973	0.256346602979
1.4	1.7	1.4	1.8	1.3	1.8	1	0.222264633662	0.222160954973	0.223519537126
1.3	1.9	1.2	1.9	1.3	1.8	1	0.223410963513	0.256346602979	0.223519537126
1.3	1.7	1.4	1.7	1.3	1.8	1	0.223514740598	0.222264633662	0.223519537126
1.5	1.8	1.5	1.9	1.4	1.9	1	0.222306179895	0.222186336916	0.222239207839
1.3	1.6	1.4	1.6	1.3	1.7	1	0.223476349855	0.2224306707	0.223514740598
1.5	1.7	1.4	1.8	1.4	1.7	1	0.222050837616	0.222160954973	0.222264633662
1.3	1.6	1.2	1.7	1.2	1.6	1	0.223476349855	0.256228053962	0.256456015724
1.3	1.7	1.2	1.8	1.2	1.7	1	0.223514740598	0.256369632973	0.256228053962
1.2	1.4	1.2	1.5	1.1	1.5	1	0.25654299208	0.25664504233	0.326893276988
1.3	1.5	1.2	1.6	1.2	1.5	1	0.223455770339	0.256456015724	0.25664504233
1.4	1.5	1.3	1.6	1.3	1.5	1	0.222120880693	0.223476349855	0.223455770339
1.3	1.7	1.2	1.7	1.3	1.6	1	0.223514740598	0.256228053962	0.223476349855
1.4	1.5	1.4	1.6	1.3	1.6	1	0.222120880693	0.2224306707	0.223476349855
1.4	1.5	1.5	1.5	1.4	1.6	1	0.222120880693	0.222105197722	0.2224306707
1.6	1.5	1.5	1.5	1.6	1.4	1	0.223628525641	0.222105197722	0.2238005157
1.5	1.6	1.5	1.7	1.4	1.7	1	0.222170264026	0.222050837616	0.222264633662
1.7	1.5	1.6	1.6	1.6	1.5	1	0.256475799424	0.223562095719	0.223628525641
1.6	1.8	1.5	1.8	1.6	1.7	1	0.223567796494	0.222306179895	0.223565092552
1.5	1.7	1.6	1.6	1.6	1.7	1	0.222050837616	0.223562095719	0.223565092552
1.6	1.5	1.5	1.6	1.5	1.5	1	0.223628525641	0.222170264026	0.222105197722
1.6	1.6	1.5	1.7	1.5	1.6	1	0.223562095719	0.222050837616	0.222170264026
1.5	1.7	1.5	1.8	1.4	1.8	1	0.222050837616	0.222306179895	0.222160954973
1.5	1.7	1.6	1.7	1.5	1.8	1	0.222050837616	0.223565092552	0.222306179895
1.4	1.8	1.4	1.9	1.3	1.9	1	0.222160954973	0.222239207839	0.223410963513
1.4	1.8	1.5	1.8	1.4	1.9	1	0.222160954973	0.222306179895	0.222239207839
1.5	1.8	1.6	1.8	1.5	1.9	1	0.222306179895	0.223567796494	0.222186336916
1.7	1.8	1.7	1.9	1.6	1.9	1	0.25630481434	0.25606688154	0.22332035615
1.8	0.2	1.9	0.2	1.8	0.3	1	0.326612142251	0.454359866033	0.327167295984
1.7	1.7	1.6	1.8	1.6	1.7	1	0.256378342594	0.223567796494	0.223565092552
1.6	1.9	1.5	1.9	1.6	1.8	1	0.22332035615	0.222186336916	0.223567796494
1.7	1.7	1.8	1.7	1.7	1.8	1	0.256378342594	0.326357974958	0.25630481434
1.7	1.9	1.8	1.8	1.8	1.9	1	0.25606688154	0.326570741234	0.325751174393
1.7	1.8	1.8	1.7	1.8	1.8	1	0.25630481434	0.326357974958	0.326570741234
1.8	1.9	1.8	1.8	1.9	1.8	1	0.325751174393	0.326570741234	0.455007684497
1.8	1.7	1.9	1.7	1.8	1.8	1	0.326357974958	0.454919541296	0.326570741234
1.9	1.8	1.8	1.8	1.9	1.7	1	0.455007684497	0.326570741234	0.454919541296
1.7	1.5	1.7	1.6	1.6	1.6	1	0.256475799424	0.256409498111	0.223562095719
1.8	1.5	1.9	1.5	1.8	1.6	1	0.326483754774	0.455045115488	0.326491821041
1.6	1.8	1.7	1.7	1.7	1.8	1	0.223567796494	0.256378342594	0.25630481434
1.7	1.6	1.8	1.6	1.7	1.7	1	0.256409498111	0.326491821041	0.256378342594
1.6	1.5	1.7	1.4	1.7	1.5	1	0.223628525641	0.256972874141	0.256475799424
1.9	1.6	1.8	1.6	1.9	1.5	1	0.455313592107	0.326491821041	0.455045115488
1.9	1.6	1.8	1.7	1.8	1.6	1	0.455313592107	0.326357974958	0.326491821041
1.7	1.6	1.8	1.5	1.8	1.6	1	0.256409498111	0.326483754774	0.326491821041
1.7	1.5	1.8	1.4	1.8	1.5	1	0.256475799424	0.326975516609	0.326483754774
1.9	1.3	1.8	1.3	1.9	1.2	1	0.45539996769	0.327144829293	0.455452523219
1.9	1.5	1.8	1.5	1.9	1.4	1	0.455045115488	0.326483754774	0.45572778247
1.7	1.4	1.7	1.3	1.8	1.3	1	0.256972874141	0.257184865151	0.327144829293
1.7	1.4	1.6	1.4	1.7	1.3	1	0.256972874141	0.2238005157	0.257184865151
1.8	1	1.7	1.1	1.7	1	1	0.327133448524	0.257136709091	0.257200593765
1.7	1.2	1.6	1.2	1.7	1.1	1	0.257149272406	0.223863962728	0.257136709091
1.6	1.4	1.5	1.4	1.6	1.3	1	0.2238005157	0.222076825086	0.223808986567
1.6	1.4	1.5	1.5	1.5	1.4	1	0.2238005157	0.222105197722	0.222076825086
1.6	1.2	1.5	1.3	1.5	1.2	1	0.223863962728	0.22203696293	0.222064339995
1.5	1.4	1.4	1.4	1.5	1.3	1	0.222076825086	0.221893523032	0.22203696293
1.5	1.1	1.4	1.2	1.4	1.1	1	0.222172183785	0.222256329599	0.222246444076
1.5	1.2	1.4	1.3	1.4	1.2	1	0.222064339995	0.222167685503	0.222256329599
1.6	1.3	1.6	1.2	1.7	1.2	1	0.223808986567	0.223863962728	0.257149272406
1.6	1.3	1.5	1.3	1.6	1.2	1	0.223808986567	0.22203696293	0.223863962728
1.6	1.2	1.6	1.1	1.7	1.1	1	0.223863962728	0.223948082141	0.257136709091
1.6	1.2	1.5	1.2	1.6	1.1	1	0.223863962728	0.222064339995	0.223948082141
1.6	1	1.5	1.1	1.5	1	1	0.224014209391	0.222172183785	0.22231409241
1.6	1.1	1.5	1.2	1.5	1.1	1	0.223948082141	0.222064339995	0.222172183785
1.4	1.1	1.4	1	1.5	1	1	0.222246444076	0.222475107383	0.22231409241
1.7	0.9	1.6	1	1.6	0.9	1	0.257183390127	0.224014209391	0.223900952335
1.6	1.1	1.5	1.1	1.6	1	1	0.223948082141	0.222172183785	0.224014209391
1.6	0.7	1.6	0.8	1.5	0.8	1	0.223898494557	0.223752572835	0.22252225185
1.7	0.8	1.7	0.9	1.6	0.9	1	0.257020885792	0.257183390127	0.223900952335
1.8	0.8	1.8	0.9	1.7	0.9	1	0.327306386867	0.3272744196	0.257183390127
1.7	1	1.7	1.1	1.6	1.1	1	0.257200593765	0.257136709091	0.223948082141
1.9	0.9	1.8	0.9	1.9	0.8	1	0.454942522042	0.3272744196	0.45500343808
1.8	1	1.8	1.1	1.7	1.1	1	0.327133448524	0.326822036892	0.257136709091
1.8	0.9	1.7	1	1.7	0.9	1	0.3272744196	0.257200593765	0.257183390127
1.8	0.9	1.9	0.9	1.8	1	1	0.3272744196	0.454942522042	0.327133448524
1.9	1.1	1.8	1.1	1.9	1	1	0.455463935927	0.326822036892	0.455171919082
1.9	1.1	1.8	1.2	1.8	1.1	1	0.455463935927	0.327054774428	0.326822036892
1.8	0.9	1.8	1	1.7	1	1	0.3272744196	0.327133448524	0.257200593765
1.9	1	1.8	1.1	1.8	1	1	0.455171919082	0.326822036892	0.327133448524
1.9	1	1.8	1	1.9	0.9	1	0.455171919082	0.327133448524	0.454942522042
1.8	0.5	1.9	0.5	1.8	0.6	1	0.327480567528	0.455166601604	0.327087988888
1.6	0.8	1.7	0.7	1.7	0.8	1	0.223752572835	0.256802811097	0.257020885792
1.8	0.7	1.8	0.8	1.7	0.8	1	0.326885373358	0.327306386867	0.257020885792
1.8	0.7	1.9	0.7	1.8	0.8	1	0.326885373358	0.454534963491	0.327306386867
1.8	0.6	1.9	0.6	1.8	0.7	1	0.327087988888	0.454889304762	0.326885373358
1.8	0.7	1.9	0.6	1.9	0.7	1	0.326885373358	0.454889304762	0.454534963491
1.7	0.4	1.6	0.5	1.6	0.4	1	0.25724673001	0.223884827078	0.223704796146
1.7	0.4	1.8	0.4	1.7	0.5	1	0.25724673001	0.327318251254	0.257345922916
1.9	0.4	1.9	0.5	1.8	0.5	1	0.455659691947	0.455166601604	0.327480567528
1.9	0.4	1.8	0.5	1.8	0.4	1	0.455659691947	0.327480567528	0.327318251254
1.8	0.6	1.7	0.6	1.8	0.5	1	0.327087988888	0.257054317428	0.327480567528
1.8	0.6	1.8	0.7	1.7	0.7	1	0.327087988888	0.326885373358	0.256802811097
1.7	0.6	1.6	0.6	1.7	0.5	1	0.257054317428	0.223941827735	0.257345922916
1.4	0.3	1.4	0.4	1.3	0.4	1	0.221743447974	0.221869566265	0.223469222803
1.8	0.5	1.7	0.5	1.8	0.4	1	0.327480567528	0.257345922916	0.327318251254
1.8	0.5	1.7	0.6	1.7	0.5	1	0.327480567528	0.257054317428	0.257345922916
1.5	0.5	1.6	0.4	1.6	0.5	1	0.222080132516	0.223704796146	0.223884827078
1.6	0.3	1.7	0.3	1.6	0.4	1	0.22349316958	0.256751489506	0.223704796146
1.5	0.6	1.5	0.5	1.6	0.5	1	0.222255146491	0.222080132516	0.223884827078
1.4	0.6	1.4	0.7	1.3	0.7	1	0.222035874912	0.222385101847	0.223571901482
1.5	0.8	1.5	0.7	1.6	0.7	1	0.22252225185	0.222467446608	0.223898494557
1.5	0.8	1.4	0.8	1.5	0.7	1	0.22252225185	0.222475673543	0.222467446608
1.6	0.5	1.6	0.6	1.5	0.6	1	0.223884827078	0.223941827735	0.222255146491
1.6	0.5	1.7	0.5	1.6	0.6	1	0.223884827078	0.257345922916	0.223941827735
1.7	0.6	1.7	0.7	1.6	0.7	1	0.257054317428	0.256802811097	0.223898494557
1.7	0.6	1.8	0.6	1.7	0.7	1	0.257054317428	0.327087988888	0.256802811097
1.5	0.9	1.6	0.8	1.6	0.9	1	0.222305778437	0.223752572835	0.223900952335
1.6	0.7	1.7	0.7	1.6	0.8	1	0.223898494557	0.256802811097	0.223752572835
1.6	0.8	1.5	0.9	1.5	0.8	1	0.223752572835	0.222305778437	0.22252225185
1.6	0.9	1.5	1	1.5	0.9	1	0.223900952335	0.22231409241	0.222305778437
1.2	1	1.2	0.9	1.3	0.9	1	0.256822226377	0.256786087944	0.223987833666
1.2	1	1.1	1	1.2	0.9	1	0.256822226377	0.32654457818	0.256786087944
1.4	0.8	1.3	0.8	1.4	0.7	1	0.222475673543	0.223914571847	0.222385101847
1.2	0.7	1.1	0.8	1.1	0.7	1	0.25618761292	0.326239184669	0.326197004787
1.3	1	1.3	0.9	1.4	0.9	1	0.223946173711	0.223987833666	0.222536208035
1.2	0.9	1.2	0.8	1.3	0.8	1	0.256786087944	0.256612723426	0.223914571847
1.3	0.9	1.3	0.8	1.4	0.8	1	0.223987833666	0.223914571847	0.222475673543
1.3	0.9	1.2	0.9	1.3	0.8	1	0.223987833666	0.256786087944	0.223914571847
1	0.9	1.1	0.8	1.1	0.9	1	0.454867396918	0.326239184669	0.326611956639
1	0.8	1.1	0.7	1.1	0.8	1	0.454604452384	0.326197004787	0.326239184669
1	0.9	1	0.8	1.1	0.8	1	0.454867396918	0.454604452384	0.326239184669
1	0.9	0.9	0.9	1	0.8	1	0.454867396918	0.661192538822	0.454604452384
1.1	0.6	1.1	0.7	1	0.7	1	0.326868778581	0.326197004787	0.454749815616
1	0.7	0.9	0.7	1	0.6	1	0.454749815616	0.6606466498	0.455118395115
1.1	0.5	1.1	0.6	1	0.6	1	0.327242090577	0.326868778581	0.455118395115
1.2	0.7	1.2	0.8	1.1	0.8	1	0.25618761292	0.256612723426	0.326239184669
1.2	0.6	1.2	0.7	1.1	0.7	1	0.256385871231	0.25618761292	0.326197004787
1.3	0.7	1.2	0.8	1.2	0.7	1	0.223571901482	0.256612723426	0.25618761292
1.3	0.5	1.2	0.6	1.2	0.5	1	0.223556016814	0.256385871231	0.256607204304
1.3	0.6	1.2	0.7	1.2	0.6	1	0.22356995025	0.25618761292	0.256385871231
1.2	0.5	1.1	0.6	1.1	0.5	1	0.256607204304	0.326868778581	0.327242090577
1.2	0.6	1.1	0.7	1.1	0.6	1	0.256385871231	0.326197004787	0.326868778581
1.2	0.3	1.1	0.4	1.1	0.3	1	0.255959493339	0.326841710646	0.325883401533
1	0.5	0.9	0.5	1	0.4	1	0.454951731796	0.660306596217	0.455045304406
1.3	0.4	1.2	0.5	1.2	0.4	1	0.223469222803	0.256607204304	0.256356744868
1.2	0.6	1.1	0.6	1.2	0.5	1	0.256385871231	0.326868778581	0.256607204304
1.3	0.3	1.2	0.4	1.2	0.3	1	0.22327839417	0.256356744868	0.255959493339
1.2	0.5	1.1	0.5	1.2	0.4	1	0.256607204304	0.327242090577	0.256356744868
1.5	0.5	1.4	0.6	1.4	0.5	1	0.222080132516	0.222035874912	0.222015831479
1.5	0.5	1.5	0.6	1.4	0.6	1	0.222080132516	0.222255146491	0.222035874912
1.3	0.5	1.3	0.6	1.2	0.6	1	0.223556016814	0.22356995025	0.256385871231
1.4	0.5	1.4	0.4	1.5	0.4	1	0.222015831479	0.221869566265	0.222002469209
1.3	0.5	1.4	0.5	1.3	0.6	1	0.223556016814	0.222015831479	0.22356995025
1.5	0.6	1.4	0.7	1.4	0.6	1	0.222255146491	0.222385101847	0.222035874912
1.3	0.6	1.4	0.5	1.4	0.6	1	0.22356995025	0.222015831479	0.222035874912
1.3	0.5	1.4	0.4	1.4	0.5	1	0.223556016814	0.221869566265	0.222015831479
1.5	0.5	1.5	0.4	1.6	0.4	1	0.222080132516	0.222002469209	0.223704796146
1.5	0.5	1.4	0.5	1.5	0.4	1	0.222080132516	0.222015831479	0.222002469209
1.3	0.2	1.3	0.3	1.2	0.3	1	0.223215428711	0.22327839417	0.255959493339
1.4	0.4	1.3	0.5	1.3	0.4	1	0.221869566265	0.223556016814	0.223469222803
1.4	0.1	1.4	0.2	1.3	0.2	1	0.2215997784	0.221470869333	0.223215428711
1.3	0.3	1.4	0.3	1.3	0.4	1	0.22327839417	0.221743447974	0.223469222803
1.3	0.1	1.4	0.1	1.3	0.2	1	0.223250116341	0.2215997784	0.223215428711
1.5	0.2	1.5	0.3	1.4	0.3	1	0.221751261448	0.221684448732	0.221743447974
1.2	0.4	1.3	0.3	1.3	0.4	1	0.256356744868	0.22327839417	0.223469222803
1.3	0.2	1.4	0.2	1.3	0.3	1	0.223215428711	0.221470869333	0.22327839417
1.2	0.4	1.1	0.4	1.2	0.3	1	0.256356744868	0.326841710646	0.255959493339
1.2	0.4	1.1	0.5	1.1	0.4	1	0.256356744868	0.327242090577	0.326841710646
1.2	0.2	1.1	0.3	1.1	0.2	1	0.256207549883	0.325883401533	0.326315344774
1.1	0.4	1	0.4	1.1	0.3	1	0.326841710646	0.455045304406	0.325883401533
0.9	0.2	1	0.2	0.9	0.3	1	0.661043671394	0.455509141562	0.660235241412
1.1	0.3	1	0.4	1	0.3	1	0.325883401533	0.455045304406	0.455160126963
0.9	0.1	1	0.1	0.9	0.2	1	0.660426680718	0.454524021677	0.661043671394
1.1	0.2	1	0.3	1	0.2	1	0.326315344774	0.455160126963	0.455509141562
1.1	0.1	1.2	0.1	1.1	0.2	1	0.326186099505	0.256193625335	0.326315344774
1.3	0.2	1.2	0.3	1.2	0.2	1	0.223215428711	0.255959493339	0.256207549883
1.2	0	1.1	0.1	1.1	0	1	0.256340588977	0.326186099505	0.326328517986
1.1	0.2	1	0.2	1.1	0.1	1	0.326315344774	0.455509141562	0.326186099505
1	0	1	0.1	0.9	0.1	1	0.454501077576	0.454524021677	0.660426680718
1.1	0.1	1	0.2	1	0.1	1	0.326186099505	0.455509141562	0.454524021677
1.2	0.1	1.3	0.1	1.2	0.2	1	0.256193625335	0.223250116341	0.256207549883
1.4	0	1.4	0.1	1.3	0.1	1	0.221904177096	0.2215997784	0.223250116341
1.3	0	1.2	0.1	1.2	0	1	0.223428918817	0.256193625335	0.256340588977
1.3	0.1	1.3	0.2	1.2	0.2	1	0.223250116341	0.223215428711	0.256207549883
1.3	0	1.3	0.1	1.2	0.1	1	0.223428918817	0.223250116341	0.256193625335
1.3	0	1.4	0	1.3	0.1	1	0.223428918817	0.221904177096	0.223250116341
1.5	0.1	1.4	0.2	1.4	0.1	1	0.221675161584	0.221470869333	0.2215997784
1.4	0.1	1.5	0	1.5	0.1	1	0.2215997784	0.221882537755	0.221675161584
1.4	0	1.5	0	1.4	0.1	1	0.221904177096	0.221882537755	0.2215997784
1.6	0	1.7	0	1.6	0.1	1	0.223209899635	0.255958074183	0.223364440798
1.8	0.1	1.8	0	1.9	0	1	0.32620693233	0.325683911831	0.453362742303
1.6	0.2	1.5	0.3	1.5	0.2	1	0.223368484335	0.221684448732	0.221751261448
1.6	0.3	1.5	0.4	1.5	0.3	1	0.22349316958	0.222002469209	0.221684448732
1.5	0.2	1.4	0.3	1.4	0.2	1	0.221751261448	0.221743447974	0.221470869333
1.5	0.3	1.4	0.4	1.4	0.3	1	0.221684448732	0.221869566265	0.221743447974
1.6	0.2	1.7	0.2	1.6	0.3	1	0.223368484335	0.256432678671	0.22349316958
1.8	0.3	1.8	0.4	1.7	0.4	1	0.327167295984	0.327318251254	0.25724673001
1.5	0.3	1.6	0.2	1.6	0.3	1	0.221684448732	0.223368484335	0.22349316958
1.6	0.1	1.7	0.1	1.6	0.2	1	0.223364440798	0.256105087825	0.223368484335
1.4	0.2	1.5	0.1	1.5	0.2	1	0.221470869333	0.221675161584	0.221751261448
1.5	0	1.6	0	1.5	0.1	1	0.221882537755	0.223209899635	0.221675161584
1.6	0.3	1.7	0.2	1.7	0.3	1	0.22349316958	0.256432678671	0.256751489506
1.6	0.2	1.7	0.1	1.7	0.2	1	0.223368484335	0.256105087825	0.256432678671
1.7	0.3	1.7	0.4	1.6	0.4	1	0.256751489506	0.25724673001	0.223704796146
1.7	0.3	1.8	0.3	1.7	0.4	1	0.256751489506	0.327167295984	0.25724673001
1.7	0.2	1.8	0.2	1.7	0.3	1	0.256432678671	0.326612142251	0.256751489506
1.9	0.3	1.9	0.4	1.8	0.4	1	0.45521948473	0.455659691947	0.327318251254
1.9	0.2	1.9	0.3	1.8	0.3	1	0.454359866033	0.45521948473	0.327167295984
1.7	0.3	1.8	0.2	1.8	0.3	1	0.256751489506	0.326612142251	0.327167295984
1.7	0.2	1.7	0.1	1.8	0.1	1	0.256432678671	0.256105087825	0.32620693233
1.8	0.2	1.8	0.1	1.9	0.1	1	0.326612142251	0.32620693233	0.454063388887
1.8	0.2	1.7	0.2	1.8	0.1	1	0.326612142251	0.256432678671	0.32620693233
1.6	0.1	1.7	0	1.7	0.1	1	0.223364440798	0.255958074183	0.256105087825
1.7	0.1	1.8	0	1.8	0.1	1	0.256105087825	0.325683911831	0.32620693233
1.8	0.1	1.9	0	1.9	0.1	1	0.32620693233	0.453362742303	0.454063388887
