800	
0.3	0.4	0.3	0.3	0.4	0.3	1	0.916074804712	0.916093388021	0.938820701792
1	0	1.1	0	1	0.1	1	0.457160336317	0.33083860371	0.457248277733
0.2	0.4	0.3	0.3	0.3	0.4	1	0.868723231746	0.916093388021	0.916074804712
0.9	0.7	0.9	0.6	1	0.6	1	0.657092837708	0.65722077516	0.457785205834
1.3	0.5	1.2	0.5	1.3	0.4	1	0.229440664626	0.261666804702	0.229347953058
0.9	0.5	0.8	0.5	0.9	0.4	1	0.656771176854	0.7826287331	0.656461380202
0.4	0.5	0.3	0.5	0.4	0.4	1	0.93874795558	0.915948258077	0.938806913197
0.2	0.7	0.1	0.7	0.2	0.6	1	0.868537358381	0.782902539817	0.868643385311
1.3	1.1	1.4	1	1.4	1.1	1	0.229674553094	0.229120370716	0.228890678236
1.8	1.1	1.8	1.2	1.7	1.2	1	0.331364856773	0.331592268328	0.26222543048
0.9	0.8	0.8	0.8	0.9	0.7	1	0.656593599196	0.782939638672	0.657092837708
1.5	0.8	1.5	0.9	1.4	0.9	1	0.229159264252	0.228940785043	0.229182782316
0.9	1.3	0.9	1.4	0.8	1.4	1	0.657739727397	0.657176259479	0.782960679138
1.1	1.6	1	1.6	1.1	1.5	1	0.331387520545	0.457210607898	0.331419956475
1.5	1.3	1.4	1.3	1.5	1.2	1	0.22867119169	0.228807790394	0.228706814356
0.2	1.7	0.2	1.6	0.3	1.6	1	0.868649409884	0.868642743479	0.915867912183
1.4	1.7	1.4	1.6	1.5	1.6	1	0.228896643702	0.229062629749	0.228789743918
1.7	1.5	1.7	1.4	1.8	1.4	1	0.261526247476	0.26205375983	0.331524524943
1	1.7	0.9	1.8	0.9	1.7	1	0.457907341831	0.656920893275	0.657529293364
1.2	1.9	1.2	1.8	1.3	1.8	1	0.261386819398	0.261399503644	0.229359952093
1.9	1.8	1.9	1.9	1.8	1.9	1	0.457715296615	0.456627296641	0.330287665404
0.6	0.2	0.7	0.2	0.6	0.3	1	0.915590232628	0.868316149418	0.915588737374
1.3	1	1.2	1	1.3	0.9	1	0.229880215699	0.261905668152	0.229918816906
1.5	0.7	1.5	0.6	1.6	0.6	1	0.22910019289	0.228898691968	0.229844280216
1.5	1.1	1.5	1.2	1.4	1.2	1	0.228818625244	0.228706814356	0.228906416642
1.4	1	1.3	1	1.4	0.9	1	0.229120370716	0.229880215699	0.229182782316
0.1	1.2	0.1	1.1	0.2	1.1	1	0.782857460081	0.783279401466	0.868674643323
1.6	1.6	1.5	1.6	1.6	1.5	1	0.229435115387	0.228789743918	0.22950477353
1.6	1.4	1.6	1.3	1.7	1.3	1	0.22969832516	0.229719822189	0.262273265414
1.4	0.8	1.5	0.8	1.4	0.9	1	0.229115339623	0.229159264252	0.229182782316
1.7	1	1.6	1.1	1.6	1	1	0.262297620407	0.229866936317	0.229939655186
1.9	1.2	1.8	1.2	1.9	1.1	1	0.458149823836	0.331592268328	0.458160464237
0.5	0.9	0.4	0.9	0.5	0.8	1	0.938888972946	0.938832467177	0.938835050384
0.4	0.5	0.4	0.6	0.3	0.6	1	0.93874795558	0.938766536529	0.915874481341
0.7	0.7	0.6	0.7	0.7	0.6	1	0.868649481881	0.915760535664	0.868584041811
0.4	0.4	0.3	0.4	0.4	0.3	1	0.938806913197	0.916074804712	0.938820701792
0.1	0.7	0	0.7	0.1	0.6	1	0.782902539817	0.657966158445	0.782892430419
1.9	1.4	1.8	1.4	1.9	1.3	1	0.45842607554	0.331524524943	0.458095482448
0	1.3	0.1	1.3	0	1.4	1	0.657835565771	0.78329173093	0.657784328588
1.9	0.1	1.9	0.2	1.8	0.2	1	0.456763118394	0.4569920085	0.331137359167
0.3	1.6	0.4	1.5	0.4	1.6	1	0.915867912183	0.938985849316	0.938861555042
0.2	1.8	0.2	1.9	0.1	1.9	1	0.868369046843	0.868843436987	0.782965018184
0.6	1.7	0.7	1.6	0.7	1.7	1	0.916101622817	0.86863356916	0.868740134357
0.5	1.6	0.4	1.7	0.4	1.6	1	0.938935086062	0.938838972736	0.938861555042
0.5	1.3	0.4	1.3	0.5	1.2	1	0.938977751576	0.938977008392	0.939003547149
0.3	1.1	0.3	1.2	0.2	1.2	1	0.915938604836	0.915941558447	0.868516383512
1.3	1.2	1.2	1.2	1.3	1.1	1	0.22971394548	0.261851014275	0.229674553094
1.4	1	1.4	0.9	1.5	0.9	1	0.229120370716	0.229182782316	0.228940785043
1	1.6	1	1.7	0.9	1.7	1	0.457210607898	0.457907341831	0.657529293364
1.1	1	1.1	1.1	1	1.1	1	0.331094617157	0.331408287172	0.457402322212
1.5	1.4	1.4	1.5	1.4	1.4	1	0.22870964906	0.228753435886	0.228524492238
1.2	1.5	1.2	1.6	1.1	1.6	1	0.261702954906	0.261490276416	0.331387520545
1.7	1.3	1.7	1.2	1.8	1.2	1	0.262273265414	0.26222543048	0.331592268328
1.8	1.3	1.7	1.3	1.8	1.2	1	0.331689177522	0.262273265414	0.331592268328
0.9	1.1	0.9	1	1	1	1	0.658212151695	0.658281984508	0.457558482041
0.7	1.3	0.7	1.4	0.6	1.4	1	0.868899973751	0.869217801614	0.916153502927
1.3	1	1.4	1	1.3	1.1	1	0.229880215699	0.229120370716	0.229674553094
0.4	0.1	0.3	0.2	0.3	0.1	1	0.938696791696	0.915959902057	0.915764520946
1	0.5	1	0.4	1.1	0.4	1	0.457605002311	0.457724622077	0.331382452595
1.1	0	1.1	0.1	1	0.1	1	0.33083860371	0.330731571008	0.457248277733
0.9	1.7	0.8	1.8	0.8	1.7	1	0.657529293364	0.782921279087	0.783145468762
1	0.8	1	0.7	1.1	0.7	1	0.457253543537	0.457433184118	0.330751245387
1.2	0.1	1.2	0.2	1.1	0.2	1	0.261218159841	0.261239453604	0.330869988076
0.2	0.5	0.2	0.4	0.3	0.4	1	0.868722653269	0.868723231746	0.916074804712
1.7	0.7	1.8	0.7	1.7	0.8	1	0.261863898878	0.331445194526	0.262102017248
1.3	0.3	1.4	0.2	1.4	0.3	1	0.229135842626	0.228117329823	0.228386508588
0.5	0.2	0.5	0.1	0.6	0.1	1	0.938581337831	0.938594096416	0.915598965199
0.1	0.2	0	0.3	0	0.2	1	0.782942650722	0.657743087197	0.656881600101
0.7	0.1	0.7	0	0.8	0	1	0.868298582863	0.868717969897	0.782591669719
0.8	0.1	0.8	0	0.9	0	1	0.782367326342	0.782591669719	0.656136534582
0.9	0.5	0.9	0.4	1	0.4	1	0.656771176854	0.656461380202	0.457724622077
0.9	0.2	0.8	0.2	0.9	0.1	1	0.657531630178	0.782421421998	0.656915608998
0.8	0.5	0.8	0.4	0.9	0.4	1	0.7826287331	0.782332615076	0.656461380202
0.8	0.3	0.9	0.3	0.8	0.4	1	0.782269077125	0.656714335814	0.782332615076
0.7	0.8	0.7	0.7	0.8	0.7	1	0.868739409478	0.868649481881	0.782919994656
0.7	0.5	0.7	0.4	0.8	0.4	1	0.868477712447	0.868224019601	0.782332615076
0.7	0.9	0.7	0.8	0.8	0.8	1	0.868670537064	0.868739409478	0.782939638672
0.9	0.8	1	0.7	1	0.8	1	0.656593599196	0.457433184118	0.457253543537
0.8	0.7	0.9	0.7	0.8	0.8	1	0.782919994656	0.657092837708	0.782939638672
0.8	0.6	0.9	0.5	0.9	0.6	1	0.782854180141	0.656771176854	0.65722077516
0.3	1	0.2	1.1	0.2	1	1	0.915792279445	0.868674643323	0.868733211848
0.3	0.6	0.3	0.7	0.2	0.7	1	0.915874481341	0.915837183465	0.868537358381
0.8	0.9	0.7	0.9	0.8	0.8	1	0.783021966937	0.868670537064	0.782939638672
0.6	0.6	0.6	0.5	0.7	0.5	1	0.91567233451	0.915619758879	0.868477712447
0.4	0.9	0.3	1	0.3	0.9	1	0.938832467177	0.915792279445	0.915802924281
0.3	0.6	0.2	0.7	0.2	0.6	1	0.915874481341	0.868537358381	0.868643385311
0.3	0.6	0.2	0.6	0.3	0.5	1	0.915874481341	0.868643385311	0.915948258077
0.1	0.4	0	0.4	0.1	0.3	1	0.782940406884	0.658234016925	0.782986594324
0.2	0.9	0.1	0.9	0.2	0.8	1	0.868526804731	0.782926841192	0.868513941217
0.1	0.9	0	0.9	0.1	0.8	1	0.782926841192	0.657920604959	0.782898947933
1.6	0.6	1.6	0.7	1.5	0.7	1	0.229844280216	0.229789392561	0.22910019289
0	1.1	0.1	1.1	0	1.2	1	0.658074926086	0.783279401466	0.65771369438
0.2	1.1	0.3	1.1	0.2	1.2	1	0.868674643323	0.915938604836	0.868516383512
0	1.1	0	1	0.1	1	1	0.658074926086	0.65791939537	0.78290195935
0.2	1.3	0.2	1.4	0.1	1.4	1	0.868567359711	0.868643149133	0.783199210519
0	1.3	0	1.2	0.1	1.2	1	0.657835565771	0.65771369438	0.782857460081
0.1	1.5	0.1	1.4	0.2	1.4	1	0.783219467444	0.783199210519	0.868643149133
0.1	1.4	0.1	1.3	0.2	1.3	1	0.783199210519	0.78329173093	0.868567359711
0.2	1.6	0.1	1.6	0.2	1.5	1	0.868642743479	0.78297437786	0.868742511948
0.2	1.8	0.1	1.8	0.2	1.7	1	0.868369046843	0.78275958469	0.868649409884
0	1.7	0.1	1.6	0.1	1.7	1	0.657720295548	0.78297437786	0.782901017475
0.4	0	0.3	0.1	0.3	0	1	0.938670679961	0.915764520946	0.915734976415
0.9	1.5	0.8	1.6	0.8	1.5	1	0.657156841649	0.783133553763	0.782949461103
0.1	1.7	0.1	1.6	0.2	1.6	1	0.782901017475	0.78297437786	0.868642743479
0.3	1.8	0.4	1.7	0.4	1.8	1	0.915771113306	0.938838972736	0.938864901258
0.3	1.5	0.2	1.6	0.2	1.5	1	0.915878174863	0.868642743479	0.868742511948
0.3	1.7	0.4	1.6	0.4	1.7	1	0.915881064252	0.938861555042	0.938838972736
0.5	1.3	0.4	1.4	0.4	1.3	1	0.938977751576	0.938931942134	0.938977008392
0.4	0.1	0.4	0	0.5	0	1	0.938696791696	0.938670679961	0.93867106909
0.6	1.6	0.5	1.7	0.5	1.6	1	0.916072569257	0.938941262906	0.938935086062
0.9	1.9	0.9	1.8	1	1.8	1	0.657073350572	0.656920893275	0.456917626747
0.8	1.7	0.7	1.8	0.7	1.7	1	0.783145468762	0.868824321988	0.868740134357
0.6	1.9	0.6	1.8	0.7	1.8	1	0.915741007912	0.915898784522	0.868824321988
0.6	1.8	0.5	1.9	0.5	1.8	1	0.915898784522	0.938761317708	0.938932494566
0.9	1.2	0.8	1.3	0.8	1.2	1	0.657890784173	0.783302667403	0.783044098932
0.7	0.8	0.7	0.9	0.6	0.9	1	0.868739409478	0.868670537064	0.915898503853
0.4	1.6	0.4	1.5	0.5	1.5	1	0.938861555042	0.938985849316	0.939059554083
0.7	1.5	0.6	1.5	0.7	1.4	1	0.868659879979	0.916197201359	0.869217801614
0.7	1.2	0.6	1.2	0.7	1.1	1	0.868736167004	0.916024733077	0.868608029439
0.8	1.4	0.8	1.5	0.7	1.5	1	0.782960679138	0.782949461103	0.868659879979
0.7	1.1	0.6	1.2	0.6	1.1	1	0.868608029439	0.916024733077	0.91598532111
1	1.2	1.1	1.2	1	1.3	1	0.458054718354	0.331192656552	0.458061970541
0.9	0.9	0.8	0.9	0.9	0.8	1	0.657654471921	0.783021966937	0.656593599196
1.3	1.3	1.3	1.4	1.2	1.4	1	0.229629190011	0.229514180075	0.261593679027
1.2	1.1	1.2	1	1.3	1	1	0.26183492457	0.261905668152	0.229880215699
1.5	0.9	1.5	1	1.4	1	1	0.228940785043	0.228952230546	0.229120370716
1.5	1.1	1.4	1.1	1.5	1	1	0.228818625244	0.228890678236	0.228952230546
1.3	1.6	1.2	1.6	1.3	1.5	1	0.229328287905	0.261490276416	0.229313612443
1	1.3	0.9	1.4	0.9	1.3	1	0.458061970541	0.657176259479	0.657739727397
1.4	1.1	1.3	1.2	1.3	1.1	1	0.228890678236	0.22971394548	0.229674553094
1.2	1.1	1.1	1.2	1.1	1.1	1	0.26183492457	0.331192656552	0.331408287172
1	0.1	1	0.2	0.9	0.2	1	0.457248277733	0.458218550737	0.657531630178
0.8	1.9	0.9	1.8	0.9	1.9	1	0.78277054726	0.656920893275	0.657073350572
1.6	1.7	1.6	1.6	1.7	1.6	1	0.229440358536	0.229435115387	0.261454709577
1.5	1.5	1.5	1.6	1.4	1.6	1	0.2287230789	0.228789743918	0.229062629749
1.4	1.8	1.3	1.9	1.3	1.8	1	0.228787413706	0.229252408668	0.229359952093
1.2	1.7	1.1	1.7	1.2	1.6	1	0.261255180174	0.33120712778	0.261490276416
1	1.8	1	1.9	0.9	1.9	1	0.456917626747	0.457423895113	0.657073350572
1.7	1.6	1.7	1.7	1.6	1.7	1	0.261454709577	0.261422941416	0.229440358536
1.6	1.8	1.7	1.8	1.6	1.9	1	0.22944582613	0.261353942005	0.22916930839
1.7	1.7	1.8	1.6	1.8	1.7	1	0.261422941416	0.3310343357	0.33090458795
1.9	1.7	1.8	1.7	1.9	1.6	1	0.457612332113	0.33090458795	0.458020241808
1.6	0.1	1.6	0.2	1.5	0.2	1	0.229231614677	0.229238378856	0.228406125993
1.7	1.9	1.7	1.8	1.8	1.8	1	0.261098439959	0.261353942005	0.331118435973
1.8	1.5	1.8	1.4	1.9	1.4	1	0.331033999331	0.331524524943	0.45842607554
0.1	1.4	0.1	1.5	0	1.5	1	0.783199210519	0.783219467444	0.657670769373
1.8	1.5	1.7	1.6	1.7	1.5	1	0.331033999331	0.261454709577	0.261526247476
1.8	1.4	1.8	1.3	1.9	1.3	1	0.331524524943	0.331689177522	0.458095482448
1.8	1.4	1.7	1.4	1.8	1.3	1	0.331524524943	0.26205375983	0.331689177522
1.6	1.5	1.6	1.4	1.7	1.4	1	0.22950477353	0.22969832516	0.26205375983
1.5	1.5	1.4	1.5	1.5	1.4	1	0.2287230789	0.228753435886	0.22870964906
1.7	1.3	1.6	1.3	1.7	1.2	1	0.262273265414	0.229719822189	0.26222543048
1.5	1.3	1.4	1.4	1.4	1.3	1	0.22867119169	0.228524492238	0.228807790394
1.7	1.1	1.8	1.1	1.7	1.2	1	0.262213677727	0.331364856773	0.26222543048
1.9	1.2	1.8	1.3	1.8	1.2	1	0.458149823836	0.331689177522	0.331592268328
1.8	0.8	1.9	0.8	1.8	0.9	1	0.331852628535	0.457680684005	0.331826521777
1.6	0.9	1.6	1	1.5	1	1	0.229805953226	0.229939655186	0.228952230546
1.8	0.8	1.7	0.9	1.7	0.8	1	0.331852628535	0.262284574501	0.262102017248
1.7	0.9	1.7	1	1.6	1	1	0.262284574501	0.262297620407	0.229939655186
1.9	0.7	1.9	0.8	1.8	0.8	1	0.457207398994	0.457680684005	0.331852628535
1.3	0.8	1.3	0.7	1.4	0.7	1	0.229834755427	0.229448403398	0.229023057067
1.6	0.8	1.7	0.8	1.6	0.9	1	0.229629690731	0.262102017248	0.229805953226
1.1	1.1	1.2	1	1.2	1.1	1	0.331408287172	0.261905668152	0.26183492457
1.1	0.9	1.2	0.8	1.2	0.9	1	0.331164214981	0.261675213198	0.261879365043
1.1	1	1	1	1.1	0.9	1	0.331094617157	0.457558482041	0.331164214981
0.7	1.1	0.8	1.1	0.7	1.2	1	0.868608029439	0.78310567869	0.868736167004
1.1	0.8	1.2	0.8	1.1	0.9	1	0.330754639681	0.261675213198	0.331164214981
1	0.6	1	0.5	1.1	0.5	1	0.457785205834	0.457605002311	0.331787392543
1.5	0.7	1.4	0.7	1.5	0.6	1	0.22910019289	0.229023057067	0.228898691968
1.1	0.6	1	0.7	1	0.6	1	0.33143967594	0.457433184118	0.457785205834
1.3	0.9	1.4	0.8	1.4	0.9	1	0.229918816906	0.229115339623	0.229182782316
1.4	0.7	1.5	0.7	1.4	0.8	1	0.229023057067	0.22910019289	0.229115339623
1.1	0.4	1.1	0.5	1	0.5	1	0.331382452595	0.331787392543	0.457605002311
1	0.3	0.9	0.4	0.9	0.3	1	0.45786103668	0.656461380202	0.656714335814
1.5	0.1	1.6	0	1.6	0.1	1	0.228330090055	0.229051312667	0.229231614677
0.9	0.3	0.8	0.3	0.9	0.2	1	0.656714335814	0.782269077125	0.657531630178
1.2	0.2	1.2	0.3	1.1	0.3	1	0.261239453604	0.260982510074	0.330431012228
1	0.3	1	0.4	0.9	0.4	1	0.45786103668	0.457724622077	0.656461380202
1.6	0.4	1.5	0.4	1.6	0.3	1	0.229603346065	0.228637704369	0.229367025093
1.3	0.6	1.3	0.7	1.2	0.7	1	0.229446013979	0.229448403398	0.261221513919
1.5	0.1	1.6	0.1	1.5	0.2	1	0.228330090055	0.229231614677	0.228406125993
1.5	0.3	1.5	0.4	1.4	0.4	1	0.228321816794	0.228637704369	0.228505211459
1.7	0.6	1.6	0.7	1.6	0.6	1	0.262132798918	0.229789392561	0.229844280216
1.4	0.6	1.3	0.7	1.3	0.6	1	0.228678866799	0.229448403398	0.229446013979
1.9	0.5	1.9	0.6	1.8	0.6	1	0.457851076141	0.457597210781	0.331647666217
1.8	0	1.7	0.1	1.7	0	1	0.330219415768	0.261139471613	0.260980921414
1.7	0.4	1.7	0.5	1.6	0.5	1	0.262325657127	0.26243468724	0.229785333767
1.9	0.3	1.8	0.4	1.8	0.3	1	0.457882325047	0.331866530015	0.331700582995
0.2	0.1	0.1	0.1	0.2	0	1	0.868348969022	0.782876589622	0.868478645265
0.1	0.1	0.1	0	0.2	0	1	0.782876589622	0.78292421774	0.868478645265
0	0.1	0	0	0.1	0	1	0.657691694699	0.657577564874	0.78292421774
0.2	0.4	0.1	0.4	0.2	0.3	1	0.868723231746	0.782940406884	0.868702297436
0	0.1	0.1	0	0.1	0.1	1	0.657691694699	0.78292421774	0.782876589622
0.2	0.4	0.2	0.5	0.1	0.5	1	0.868723231746	0.868722653269	0.78289368972
0.1	0.3	0	0.4	0	0.3	1	0.782986594324	0.658234016925	0.657743087197
0.2	0.2	0.2	0.3	0.1	0.3	1	0.868622721811	0.868702297436	0.782986594324
0.2	0.4	0.1	0.5	0.1	0.4	1	0.868723231746	0.78289368972	0.782940406884
0.1	0.1	0	0.2	0	0.1	1	0.782876589622	0.656881600101	0.657691694699
0.1	0.2	0.1	0.3	0	0.3	1	0.782942650722	0.782986594324	0.657743087197
0.1	0.1	0.1	0.2	0	0.2	1	0.782876589622	0.782942650722	0.656881600101
0.2	0.1	0.2	0	0.3	0	1	0.868348969022	0.868478645265	0.915734976415
0.2	0.3	0.3	0.2	0.3	0.3	1	0.868702297436	0.915959902057	0.916093388021
0.2	0.4	0.2	0.3	0.3	0.3	1	0.868723231746	0.868702297436	0.916093388021
0.1	0.3	0.1	0.2	0.2	0.2	1	0.782986594324	0.782942650722	0.868622721811
0.4	0.4	0.4	0.3	0.5	0.3	1	0.938806913197	0.938820701792	0.938613415673
0.3	0.3	0.3	0.2	0.4	0.2	1	0.916093388021	0.915959902057	0.938763756643
0.2	0.3	0.2	0.2	0.3	0.2	1	0.868702297436	0.868622721811	0.915959902057
0.1	0.2	0.1	0.1	0.2	0.1	1	0.782942650722	0.782876589622	0.868348969022
0.2	0.2	0.3	0.1	0.3	0.2	1	0.868622721811	0.915764520946	0.915959902057
0.2	0.2	0.2	0.1	0.3	0.1	1	0.868622721811	0.868348969022	0.915764520946
0.2	0.2	0.1	0.2	0.2	0.1	1	0.868622721811	0.782942650722	0.868348969022
0.2	0.1	0.3	0	0.3	0.1	1	0.868348969022	0.915734976415	0.915764520946
0.5	0.1	0.4	0.1	0.5	0	1	0.938594096416	0.938696791696	0.93867106909
0.4	0.2	0.3	0.2	0.4	0.1	1	0.938763756643	0.915959902057	0.938696791696
0.3	0.1	0.4	0	0.4	0.1	1	0.915764520946	0.938670679961	0.938696791696
0.6	0	0.5	0.1	0.5	0	1	0.915825505477	0.938594096416	0.93867106909
0.6	0.2	0.6	0.1	0.7	0.1	1	0.915590232628	0.915598965199	0.868298582863
0.4	0.3	0.3	0.3	0.4	0.2	1	0.938820701792	0.916093388021	0.938763756643
0.7	0	0.7	0.1	0.6	0.1	1	0.868717969897	0.868298582863	0.915598965199
0.4	0.2	0.4	0.1	0.5	0.1	1	0.938763756643	0.938696791696	0.938594096416
0.8	0.2	0.8	0.1	0.9	0.1	1	0.782421421998	0.782367326342	0.656915608998
0.7	0.1	0.8	0	0.8	0.1	1	0.868298582863	0.782591669719	0.782367326342
1	0	0.9	0.1	0.9	0	1	0.457160336317	0.656915608998	0.656136534582
0.8	0.1	0.9	0	0.9	0.1	1	0.782367326342	0.656136534582	0.656915608998
1.1	0.3	1	0.3	1.1	0.2	1	0.330431012228	0.45786103668	0.330869988076
0.8	0.3	0.7	0.3	0.8	0.2	1	0.782269077125	0.868231450664	0.782421421998
0.7	0.2	0.6	0.2	0.7	0.1	1	0.868316149418	0.915590232628	0.868298582863
0.6	0.1	0.6	0	0.7	0	1	0.915598965199	0.915825505477	0.868717969897
0.6	0	0.6	0.1	0.5	0.1	1	0.915825505477	0.915598965199	0.938594096416
0.7	0.1	0.8	0.1	0.7	0.2	1	0.868298582863	0.782367326342	0.868316149418
0.7	0.3	0.7	0.2	0.8	0.2	1	0.868231450664	0.868316149418	0.782421421998
0.7	0.3	0.6	0.3	0.7	0.2	1	0.868231450664	0.915588737374	0.868316149418
0.8	0.3	0.8	0.2	0.9	0.2	1	0.782269077125	0.782421421998	0.657531630178
0.7	0.2	0.8	0.1	0.8	0.2	1	0.868316149418	0.782367326342	0.782421421998
1	0.2	1	0.3	0.9	0.3	1	0.458218550737	0.45786103668	0.656714335814
0.9	0.4	0.8	0.4	0.9	0.3	1	0.656461380202	0.782332615076	0.656714335814
0.8	0.4	0.7	0.4	0.8	0.3	1	0.782332615076	0.868224019601	0.782269077125
0.5	0.2	0.4	0.3	0.4	0.2	1	0.938581337831	0.938820701792	0.938763756643
0.5	0.4	0.4	0.4	0.5	0.3	1	0.938589853959	0.938806913197	0.938613415673
0.7	0.3	0.8	0.3	0.7	0.4	1	0.868231450664	0.782269077125	0.868224019601
0.7	0.4	0.6	0.4	0.7	0.3	1	0.868224019601	0.915614994494	0.868231450664
0.7	0.4	0.6	0.5	0.6	0.4	1	0.868224019601	0.915619758879	0.915614994494
0.5	0.3	0.5	0.2	0.6	0.2	1	0.938613415673	0.938581337831	0.915590232628
0.5	0.2	0.6	0.1	0.6	0.2	1	0.938581337831	0.915598965199	0.915590232628
0.6	0.3	0.5	0.3	0.6	0.2	1	0.915588737374	0.938613415673	0.915590232628
0.4	0.2	0.5	0.1	0.5	0.2	1	0.938763756643	0.938594096416	0.938581337831
0.6	0.4	0.5	0.5	0.5	0.4	1	0.915614994494	0.938608257058	0.938589853959
0.4	0.3	0.5	0.2	0.5	0.3	1	0.938820701792	0.938581337831	0.938613415673
0.6	0.3	0.6	0.4	0.5	0.4	1	0.915588737374	0.915614994494	0.938589853959
0.6	0.7	0.5	0.7	0.6	0.6	1	0.915760535664	0.938771454314	0.91567233451
0.5	0.6	0.4	0.6	0.5	0.5	1	0.938703824337	0.938766536529	0.938608257058
0.6	0.6	0.5	0.6	0.6	0.5	1	0.91567233451	0.938703824337	0.915619758879
0.5	0.6	0.5	0.7	0.4	0.7	1	0.938703824337	0.938771454314	0.938847053254
0.6	0.5	0.5	0.6	0.5	0.5	1	0.915619758879	0.938703824337	0.938608257058
0.6	0.7	0.7	0.7	0.6	0.8	1	0.915760535664	0.868649481881	0.915923290833
0.7	0.3	0.6	0.4	0.6	0.3	1	0.868231450664	0.915614994494	0.915588737374
0.6	0.5	0.5	0.5	0.6	0.4	1	0.915619758879	0.938608257058	0.915614994494
0.7	0.6	0.7	0.5	0.8	0.5	1	0.868584041811	0.868477712447	0.7826287331
0.6	0.5	0.7	0.4	0.7	0.5	1	0.915619758879	0.868224019601	0.868477712447
0.9	0.6	0.9	0.5	1	0.5	1	0.65722077516	0.656771176854	0.457605002311
0.8	0.5	0.7	0.5	0.8	0.4	1	0.7826287331	0.868477712447	0.782332615076
1	0.6	0.9	0.6	1	0.5	1	0.457785205834	0.65722077516	0.457605002311
0.9	0.7	0.8	0.7	0.9	0.6	1	0.657092837708	0.782919994656	0.65722077516
0.8	0.6	0.8	0.5	0.9	0.5	1	0.782854180141	0.7826287331	0.656771176854
0.8	0.6	0.7	0.6	0.8	0.5	1	0.782854180141	0.868584041811	0.7826287331
0.7	0.7	0.7	0.6	0.8	0.6	1	0.868649481881	0.868584041811	0.782854180141
0.6	0.6	0.7	0.5	0.7	0.6	1	0.91567233451	0.868477712447	0.868584041811
0.8	0.7	0.7	0.7	0.8	0.6	1	0.782919994656	0.868649481881	0.782854180141
0.7	0.8	0.6	0.8	0.7	0.7	1	0.868739409478	0.915923290833	0.868649481881
0.9	0.6	0.8	0.7	0.8	0.6	1	0.65722077516	0.782919994656	0.782854180141
0.8	0.8	0.7	0.8	0.8	0.7	1	0.782939638672	0.868739409478	0.782919994656
1	0.7	0.9	0.8	0.9	0.7	1	0.457433184118	0.656593599196	0.657092837708
1	1.1	1.1	1.1	1	1.2	1	0.457402322212	0.331408287172	0.458054718354
1	0.8	0.9	0.9	0.9	0.8	1	0.457253543537	0.657654471921	0.656593599196
0.9	1	0.8	1.1	0.8	1	1	0.658281984508	0.78310567869	0.782938464087
0.9	0.8	0.8	0.9	0.8	0.8	1	0.656593599196	0.783021966937	0.782939638672
0.9	1	0.9	1.1	0.8	1.1	1	0.658281984508	0.658212151695	0.78310567869
0.5	0.9	0.5	0.8	0.6	0.8	1	0.938888972946	0.938835050384	0.915923290833
0.5	0.7	0.5	0.6	0.6	0.6	1	0.938771454314	0.938703824337	0.91567233451
0.5	0.8	0.5	0.7	0.6	0.7	1	0.938835050384	0.938771454314	0.915760535664
0.6	0.6	0.7	0.6	0.6	0.7	1	0.91567233451	0.868584041811	0.915760535664
0.6	0.8	0.5	0.8	0.6	0.7	1	0.915923290833	0.938835050384	0.915760535664
0.4	0.8	0.5	0.7	0.5	0.8	1	0.93883234261	0.938771454314	0.938835050384
0.5	1	0.4	1.1	0.4	1	1	0.938964508338	0.938969273171	0.938882134723
0.4	0.9	0.4	0.8	0.5	0.8	1	0.938832467177	0.93883234261	0.938835050384
0.4	0.8	0.4	0.7	0.5	0.7	1	0.93883234261	0.938847053254	0.938771454314
0.1	1	0.2	0.9	0.2	1	1	0.78290195935	0.868526804731	0.868733211848
0.4	0.8	0.3	0.8	0.4	0.7	1	0.93883234261	0.915841088829	0.938847053254
0.2	0.8	0.1	0.8	0.2	0.7	1	0.868513941217	0.782898947933	0.868537358381
0.6	1	0.6	1.1	0.5	1.1	1	0.916089864155	0.91598532111	0.938998426318
0.3	0.9	0.4	0.8	0.4	0.9	1	0.915802924281	0.93883234261	0.938832467177
0.4	0.7	0.3	0.8	0.3	0.7	1	0.938847053254	0.915841088829	0.915837183465
0.4	0.8	0.3	0.9	0.3	0.8	1	0.93883234261	0.915802924281	0.915841088829
0.4	0.7	0.4	0.6	0.5	0.6	1	0.938847053254	0.938766536529	0.938703824337
0.4	0.7	0.3	0.7	0.4	0.6	1	0.938847053254	0.915837183465	0.938766536529
0.6	0.3	0.5	0.4	0.5	0.3	1	0.915588737374	0.938589853959	0.938613415673
0.5	0.5	0.4	0.5	0.5	0.4	1	0.938608257058	0.93874795558	0.938589853959
0.3	0.5	0.3	0.4	0.4	0.4	1	0.915948258077	0.916074804712	0.938806913197
0.3	0.5	0.2	0.5	0.3	0.4	1	0.915948258077	0.868722653269	0.916074804712
0.5	0.4	0.4	0.5	0.4	0.4	1	0.938589853959	0.93874795558	0.938806913197
0.5	0.5	0.4	0.6	0.4	0.5	1	0.938608257058	0.938766536529	0.93874795558
0.4	0.5	0.3	0.6	0.3	0.5	1	0.93874795558	0.915874481341	0.915948258077
0.4	0.6	0.3	0.7	0.3	0.6	1	0.938766536529	0.915837183465	0.915874481341
0.2	0.6	0.2	0.5	0.3	0.5	1	0.868643385311	0.868722653269	0.915948258077
0.2	0.6	0.1	0.6	0.2	0.5	1	0.868643385311	0.782892430419	0.868722653269
0.1	0.6	0.1	0.5	0.2	0.5	1	0.782892430419	0.78289368972	0.868722653269
0.1	0.6	0	0.6	0.1	0.5	1	0.782892430419	0.657921128981	0.78289368972
0.2	0.3	0.1	0.4	0.1	0.3	1	0.868702297436	0.782940406884	0.782986594324
0.1	0.5	0	0.5	0.1	0.4	1	0.78289368972	0.657882314276	0.782940406884
0.1	0.4	0	0.5	0	0.4	1	0.782940406884	0.657882314276	0.658234016925
0.1	0.5	0	0.6	0	0.5	1	0.78289368972	0.657921128981	0.657882314276
0.2	0.6	0.1	0.7	0.1	0.6	1	0.868643385311	0.782902539817	0.782892430419
0.1	0.8	0	0.8	0.1	0.7	1	0.782898947933	0.657942758534	0.782902539817
0.1	0.6	0	0.7	0	0.6	1	0.782892430419	0.657966158445	0.657921128981
0.1	0.7	0	0.8	0	0.7	1	0.782902539817	0.657942758534	0.657966158445
0.3	0.8	0.2	0.8	0.3	0.7	1	0.915841088829	0.868513941217	0.915837183465
0.1	0.8	0.1	0.7	0.2	0.7	1	0.782898947933	0.782902539817	0.868537358381
0.3	0.7	0.2	0.8	0.2	0.7	1	0.915837183465	0.868513941217	0.868537358381
0.3	0.8	0.3	0.9	0.2	0.9	1	0.915841088829	0.915802924281	0.868526804731
0.1	1	0.1	0.9	0.2	0.9	1	0.78290195935	0.782926841192	0.868526804731
0.2	0.8	0.3	0.8	0.2	0.9	1	0.868513941217	0.915841088829	0.868526804731
0.2	0.8	0.1	0.9	0.1	0.8	1	0.868513941217	0.782926841192	0.782898947933
0.4	1	0.3	1	0.4	0.9	1	0.938882134723	0.915792279445	0.938832467177
0	1.3	0.1	1.2	0.1	1.3	1	0.657835565771	0.782857460081	0.78329173093
0	1.2	0.1	1.1	0.1	1.2	1	0.65771369438	0.783279401466	0.782857460081
0.1	0.8	0	0.9	0	0.8	1	0.782898947933	0.657920604959	0.657942758534
0.1	0.9	0	1	0	0.9	1	0.782926841192	0.65791939537	0.657920604959
0	1.1	0.1	1	0.1	1.1	1	0.658074926086	0.78290195935	0.783279401466
0	1	0.1	0.9	0.1	1	1	0.65791939537	0.782926841192	0.78290195935
0.2	1.2	0.1	1.3	0.1	1.2	1	0.868516383512	0.78329173093	0.782857460081
0.1	1.1	0.1	1	0.2	1	1	0.783279401466	0.78290195935	0.868733211848
0.1	1.1	0.2	1	0.2	1.1	1	0.783279401466	0.868733211848	0.868674643323
0.2	0.9	0.3	0.9	0.2	1	1	0.868526804731	0.915802924281	0.868733211848
0.5	0.9	0.4	1	0.4	0.9	1	0.938888972946	0.938882134723	0.938832467177
0.3	1.1	0.2	1.1	0.3	1	1	0.915938604836	0.868674643323	0.915792279445
0.5	1	0.6	1	0.5	1.1	1	0.938964508338	0.916089864155	0.938998426318
0.4	1.3	0.4	1.4	0.3	1.4	1	0.938977008392	0.938931942134	0.915945604123
0.3	0.9	0.3	1	0.2	1	1	0.915802924281	0.915792279445	0.868733211848
0.4	1	0.4	1.1	0.3	1.1	1	0.938882134723	0.938969273171	0.915938604836
0.4	1	0.3	1.1	0.3	1	1	0.938882134723	0.915938604836	0.915792279445
0.4	1.2	0.5	1.2	0.4	1.3	1	0.939010026542	0.939003547149	0.938977008392
0.4	1.1	0.3	1.2	0.3	1.1	1	0.938969273171	0.915941558447	0.915938604836
0.1	1.5	0.2	1.5	0.1	1.6	1	0.783219467444	0.868742511948	0.78297437786
0.4	1.3	0.3	1.4	0.3	1.3	1	0.938977008392	0.915945604123	0.915991256064
0.4	1.4	0.3	1.5	0.3	1.4	1	0.938931942134	0.915878174863	0.915945604123
0.4	1.2	0.4	1.3	0.3	1.3	1	0.939010026542	0.938977008392	0.915991256064
0.5	1.3	0.6	1.3	0.5	1.4	1	0.938977751576	0.916092566135	0.93905262992
0.4	1.1	0.4	1.2	0.3	1.2	1	0.938969273171	0.939010026542	0.915941558447
0.4	1.1	0.5	1.1	0.4	1.2	1	0.938969273171	0.938998426318	0.939010026542
0.2	1.3	0.3	1.3	0.2	1.4	1	0.868567359711	0.915991256064	0.868643149133
0.3	1.4	0.2	1.5	0.2	1.4	1	0.915945604123	0.868742511948	0.868643149133
0.4	1.2	0.3	1.3	0.3	1.2	1	0.939010026542	0.915991256064	0.915941558447
0.3	1.4	0.2	1.4	0.3	1.3	1	0.915945604123	0.868643149133	0.915991256064
0.2	1.1	0.2	1.2	0.1	1.2	1	0.868674643323	0.868516383512	0.782857460081
0.3	1.2	0.3	1.3	0.2	1.3	1	0.915941558447	0.915991256064	0.868567359711
0.2	1.2	0.2	1.3	0.1	1.3	1	0.868516383512	0.868567359711	0.78329173093
0.2	1.2	0.3	1.2	0.2	1.3	1	0.868516383512	0.915941558447	0.868567359711
0.2	1.5	0.1	1.5	0.2	1.4	1	0.868742511948	0.783219467444	0.868643149133
0	1.4	0.1	1.3	0.1	1.4	1	0.657784328588	0.78329173093	0.783199210519
0	1.5	0.1	1.5	0	1.6	1	0.657670769373	0.783219467444	0.657627380048
0.1	1.6	0	1.7	0	1.6	1	0.78297437786	0.657720295548	0.657627380048
0	1.6	0.1	1.5	0.1	1.6	1	0.657627380048	0.783219467444	0.78297437786
0	1.4	0.1	1.4	0	1.5	1	0.657784328588	0.783199210519	0.657670769373
0.3	1.5	0.3	1.6	0.2	1.6	1	0.915878174863	0.915867912183	0.868642743479
0.2	1.7	0.1	1.7	0.2	1.6	1	0.868649409884	0.782901017475	0.868642743479
0	1.7	0.1	1.7	0	1.8	1	0.657720295548	0.782901017475	0.657925066808
0	1.8	0.1	1.8	0	1.9	1	0.657925066808	0.78275958469	0.657438260083
0	1.9	0.1	1.8	0.1	1.9	1	0.657438260083	0.78275958469	0.782965018184
0.1	1.8	0.2	1.8	0.1	1.9	1	0.78275958469	0.868369046843	0.782965018184
0.2	1.8	0.3	1.7	0.3	1.8	1	0.868369046843	0.915881064252	0.915771113306
0.1	1.8	0.1	1.7	0.2	1.7	1	0.78275958469	0.782901017475	0.868649409884
0.1	1.8	0	1.8	0.1	1.7	1	0.78275958469	0.657925066808	0.782901017475
0.4	1.7	0.3	1.8	0.3	1.7	1	0.938838972736	0.915771113306	0.915881064252
0.3	1.9	0.2	1.9	0.3	1.8	1	0.915885917452	0.868843436987	0.915771113306
0.4	1.8	0.3	1.9	0.3	1.8	1	0.938864901258	0.915885917452	0.915771113306
0.4	1.8	0.4	1.7	0.5	1.7	1	0.938864901258	0.938838972736	0.938941262906
0.4	1.9	0.4	1.8	0.5	1.8	1	0.93882292274	0.938864901258	0.938932494566
0.4	1.9	0.3	1.9	0.4	1.8	1	0.93882292274	0.915885917452	0.938864901258
0.6	1.7	0.5	1.8	0.5	1.7	1	0.916101622817	0.938932494566	0.938941262906
0.5	1.9	0.4	1.9	0.5	1.8	1	0.938761317708	0.93882292274	0.938932494566
0.4	1.8	0.5	1.7	0.5	1.8	1	0.938864901258	0.938941262906	0.938932494566
0.5	1.6	0.5	1.5	0.6	1.5	1	0.938935086062	0.939059554083	0.916197201359
0.3	1.7	0.2	1.8	0.2	1.7	1	0.915881064252	0.868369046843	0.868649409884
0.3	1.8	0.2	1.9	0.2	1.8	1	0.915771113306	0.868843436987	0.868369046843
0.3	1.7	0.3	1.6	0.4	1.6	1	0.915881064252	0.915867912183	0.938861555042
0.3	1.7	0.2	1.7	0.3	1.6	1	0.915881064252	0.868649409884	0.915867912183
0.3	1.4	0.3	1.5	0.2	1.5	1	0.915945604123	0.915878174863	0.868742511948
0.4	1.5	0.3	1.6	0.3	1.5	1	0.938985849316	0.915867912183	0.915878174863
0.3	1.5	0.4	1.4	0.4	1.5	1	0.915878174863	0.938931942134	0.938985849316
0.6	1.6	0.5	1.6	0.6	1.5	1	0.916072569257	0.938935086062	0.916197201359
0.4	1.5	0.4	1.4	0.5	1.4	1	0.938985849316	0.938931942134	0.93905262992
0.7	1.5	0.7	1.4	0.8	1.4	1	0.868659879979	0.869217801614	0.782960679138
0.6	1.4	0.6	1.3	0.7	1.3	1	0.916153502927	0.916092566135	0.868899973751
0.6	1.5	0.6	1.4	0.7	1.4	1	0.916197201359	0.916153502927	0.869217801614
0.5	1.5	0.4	1.5	0.5	1.4	1	0.939059554083	0.938985849316	0.93905262992
0.6	1.4	0.5	1.4	0.6	1.3	1	0.916153502927	0.93905262992	0.916092566135
0.6	1.4	0.6	1.5	0.5	1.5	1	0.916153502927	0.916197201359	0.939059554083
0.6	1.4	0.5	1.5	0.5	1.4	1	0.916153502927	0.939059554083	0.93905262992
0.6	1.5	0.7	1.5	0.6	1.6	1	0.916197201359	0.868659879979	0.916072569257
0.4	1.7	0.5	1.6	0.5	1.7	1	0.938838972736	0.938935086062	0.938941262906
0.4	1.6	0.5	1.5	0.5	1.6	1	0.938861555042	0.939059554083	0.938935086062
0.7	1.8	0.6	1.8	0.7	1.7	1	0.868824321988	0.915898784522	0.868740134357
0.6	1.9	0.5	1.9	0.6	1.8	1	0.915741007912	0.938761317708	0.915898784522
0.6	1.8	0.6	1.7	0.7	1.7	1	0.915898784522	0.916101622817	0.868740134357
0.6	1.8	0.5	1.8	0.6	1.7	1	0.915898784522	0.938932494566	0.916101622817
0.6	1.7	0.6	1.6	0.7	1.6	1	0.916101622817	0.916072569257	0.86863356916
0.6	1.7	0.5	1.7	0.6	1.6	1	0.916101622817	0.938941262906	0.916072569257
0.7	1.6	0.8	1.6	0.7	1.7	1	0.86863356916	0.783133553763	0.868740134357
0.7	1.9	0.6	1.9	0.7	1.8	1	0.868535605487	0.915741007912	0.868824321988
0.8	1.8	0.7	1.9	0.7	1.8	1	0.782921279087	0.868535605487	0.868824321988
0.8	1.9	0.8	1.8	0.9	1.8	1	0.78277054726	0.782921279087	0.656920893275
0.8	1.9	0.7	1.9	0.8	1.8	1	0.78277054726	0.868535605487	0.782921279087
0.9	1.6	0.9	1.7	0.8	1.7	1	0.657319765805	0.657529293364	0.783145468762
0.8	1.8	0.7	1.8	0.8	1.7	1	0.782921279087	0.868824321988	0.783145468762
0.8	1.8	0.9	1.7	0.9	1.8	1	0.782921279087	0.657529293364	0.656920893275
0.8	1.6	0.7	1.6	0.8	1.5	1	0.783133553763	0.86863356916	0.782949461103
0.9	1.5	0.9	1.6	0.8	1.6	1	0.657156841649	0.657319765805	0.783133553763
1	1.5	1.1	1.5	1	1.6	1	0.457372352215	0.331419956475	0.457210607898
0.8	1.7	0.8	1.6	0.9	1.6	1	0.783145468762	0.783133553763	0.657319765805
0.8	1.7	0.7	1.7	0.8	1.6	1	0.783145468762	0.868740134357	0.783133553763
0.7	1.6	0.7	1.5	0.8	1.5	1	0.86863356916	0.868659879979	0.782949461103
0.7	1.6	0.6	1.6	0.7	1.5	1	0.86863356916	0.916072569257	0.868659879979
1	1.4	0.9	1.5	0.9	1.4	1	0.457597236589	0.657156841649	0.657176259479
1	1.5	0.9	1.6	0.9	1.5	1	0.457372352215	0.657319765805	0.657156841649
1.2	1.4	1.2	1.3	1.3	1.3	1	0.261593679027	0.26164948428	0.229629190011
0.9	1.5	0.8	1.5	0.9	1.4	1	0.657156841649	0.782949461103	0.657176259479
0.9	1.1	0.9	1.2	0.8	1.2	1	0.658212151695	0.657890784173	0.783044098932
0.9	1.4	0.8	1.5	0.8	1.4	1	0.657176259479	0.782949461103	0.782960679138
0.8	1.3	0.9	1.2	0.9	1.3	1	0.783302667403	0.657890784173	0.657739727397
0.9	1.1	1	1.1	0.9	1.2	1	0.658212151695	0.457402322212	0.657890784173
0.8	1.3	0.9	1.3	0.8	1.4	1	0.783302667403	0.657739727397	0.782960679138
0.9	1.2	1	1.1	1	1.2	1	0.657890784173	0.457402322212	0.458054718354
0.7	1.4	0.8	1.3	0.8	1.4	1	0.869217801614	0.783302667403	0.782960679138
0.7	1.3	0.7	1.2	0.8	1.2	1	0.868899973751	0.868736167004	0.783044098932
0.6	1.2	0.7	1.2	0.6	1.3	1	0.916024733077	0.868736167004	0.916092566135
0.8	1.3	0.7	1.4	0.7	1.3	1	0.783302667403	0.869217801614	0.868899973751
0.4	1.4	0.5	1.3	0.5	1.4	1	0.938931942134	0.938977751576	0.93905262992
0.5	1.2	0.6	1.2	0.5	1.3	1	0.939003547149	0.916024733077	0.938977751576
0.5	1.3	0.6	1.2	0.6	1.3	1	0.938977751576	0.916024733077	0.916092566135
0.8	1.2	0.7	1.2	0.8	1.1	1	0.783044098932	0.868736167004	0.78310567869
0.7	1.3	0.6	1.3	0.7	1.2	1	0.868899973751	0.916092566135	0.868736167004
0.9	1.1	0.8	1.2	0.8	1.1	1	0.658212151695	0.783044098932	0.78310567869
0.8	1.3	0.7	1.3	0.8	1.2	1	0.783302667403	0.868899973751	0.783044098932
0.5	1.2	0.6	1.1	0.6	1.2	1	0.939003547149	0.91598532111	0.916024733077
0.5	1.2	0.4	1.2	0.5	1.1	1	0.939003547149	0.939010026542	0.938998426318
0.5	1	0.5	1.1	0.4	1.1	1	0.938964508338	0.938998426318	0.938969273171
0.6	1.1	0.5	1.2	0.5	1.1	1	0.91598532111	0.939003547149	0.938998426318
0.5	0.9	0.5	1	0.4	1	1	0.938888972946	0.938964508338	0.938882134723
0.6	0.9	0.6	0.8	0.7	0.8	1	0.915898503853	0.915923290833	0.868739409478
0.5	0.9	0.6	0.9	0.5	1	1	0.938888972946	0.915898503853	0.938964508338
0.7	1	0.6	1.1	0.6	1	1	0.868512109191	0.91598532111	0.916089864155
0.5	1	0.6	0.9	0.6	1	1	0.938964508338	0.915898503853	0.916089864155
0.5	0.9	0.6	0.8	0.6	0.9	1	0.938888972946	0.915923290833	0.915898503853
0.6	0.9	0.7	0.9	0.6	1	1	0.915898503853	0.868670537064	0.916089864155
0.8	1	0.8	1.1	0.7	1.1	1	0.782938464087	0.78310567869	0.868608029439
0.7	1	0.7	1.1	0.6	1.1	1	0.868512109191	0.868608029439	0.91598532111
0.7	1	0.8	1	0.7	1.1	1	0.868512109191	0.782938464087	0.868608029439
0.8	0.9	0.8	1	0.7	1	1	0.783021966937	0.782938464087	0.868512109191
0.8	0.9	0.9	0.9	0.8	1	1	0.783021966937	0.657654471921	0.782938464087
0.9	0.9	0.9	1	0.8	1	1	0.657654471921	0.658281984508	0.782938464087
0.9	0.9	1	0.9	0.9	1	1	0.657654471921	0.457561430638	0.658281984508
0.7	1	0.7	0.9	0.8	0.9	1	0.868512109191	0.868670537064	0.783021966937
0.7	1	0.6	1	0.7	0.9	1	0.868512109191	0.916089864155	0.868670537064
1	0.9	1	1	0.9	1	1	0.457561430638	0.457558482041	0.658281984508
1	0.9	1.1	0.9	1	1	1	0.457561430638	0.331164214981	0.457558482041
1	1	1	1.1	0.9	1.1	1	0.457558482041	0.457402322212	0.658212151695
1	1	1.1	1	1	1.1	1	0.457558482041	0.331094617157	0.457402322212
0.9	1.2	1	1.2	0.9	1.3	1	0.657890784173	0.458054718354	0.657739727397
1.1	1.2	1.2	1.1	1.2	1.2	1	0.331192656552	0.26183492457	0.261851014275
1.2	0.9	1.1	1	1.1	0.9	1	0.261879365043	0.331094617157	0.331164214981
1.2	1	1.1	1.1	1.1	1	1	0.261905668152	0.331408287172	0.331094617157
1.3	1.1	1.2	1.2	1.2	1.1	1	0.229674553094	0.261851014275	0.26183492457
1	1.3	1	1.4	0.9	1.4	1	0.458061970541	0.457597236589	0.657176259479
1.2	1.1	1.3	1	1.3	1.1	1	0.26183492457	0.229880215699	0.229674553094
1.3	0.8	1.2	0.8	1.3	0.7	1	0.229834755427	0.261675213198	0.229448403398
1.4	1.2	1.4	1.3	1.3	1.3	1	0.228906416642	0.228807790394	0.229629190011
1.4	1.3	1.4	1.4	1.3	1.4	1	0.228807790394	0.228524492238	0.229514180075
1.3	1.2	1.3	1.3	1.2	1.3	1	0.22971394548	0.229629190011	0.26164948428
1.3	1.2	1.4	1.1	1.4	1.2	1	0.22971394548	0.228890678236	0.228906416642
1	1.3	1.1	1.2	1.1	1.3	1	0.458061970541	0.331192656552	0.33069273773
1	1.2	1.1	1.1	1.1	1.2	1	0.458054718354	0.331408287172	0.331192656552
1.4	1.4	1.3	1.5	1.3	1.4	1	0.228524492238	0.229313612443	0.229514180075
1.4	1.6	1.4	1.7	1.3	1.7	1	0.229062629749	0.228896643702	0.229366189041
1.3	1.5	1.4	1.4	1.4	1.5	1	0.229313612443	0.228524492238	0.228753435886
1.3	1.4	1.3	1.3	1.4	1.3	1	0.229514180075	0.229629190011	0.228807790394
1.3	1.2	1.4	1.2	1.3	1.3	1	0.22971394548	0.228906416642	0.229629190011
1.5	1.3	1.6	1.3	1.5	1.4	1	0.22867119169	0.229719822189	0.22870964906
1.2	1.3	1.2	1.4	1.1	1.4	1	0.26164948428	0.261593679027	0.330613310181
1.3	1.4	1.3	1.5	1.2	1.5	1	0.229514180075	0.229313612443	0.261702954906
1.2	1.2	1.2	1.3	1.1	1.3	1	0.261851014275	0.26164948428	0.33069273773
1.2	1.2	1.3	1.2	1.2	1.3	1	0.261851014275	0.22971394548	0.26164948428
1.2	1.2	1.1	1.3	1.1	1.2	1	0.261851014275	0.33069273773	0.331192656552
1	1.4	1	1.5	0.9	1.5	1	0.457597236589	0.457372352215	0.657156841649
1	1.2	1	1.3	0.9	1.3	1	0.458054718354	0.458061970541	0.657739727397
1.1	1.3	1.1	1.4	1	1.4	1	0.33069273773	0.330613310181	0.457597236589
1.2	1.3	1.1	1.4	1.1	1.3	1	0.26164948428	0.330613310181	0.33069273773
1.2	1.4	1.3	1.4	1.2	1.5	1	0.261593679027	0.229514180075	0.261702954906
1.1	1.3	1	1.4	1	1.3	1	0.33069273773	0.457597236589	0.458061970541
1.1	1.4	1	1.5	1	1.4	1	0.330613310181	0.457372352215	0.457597236589
1.1	1.4	1.1	1.5	1	1.5	1	0.330613310181	0.331419956475	0.457372352215
1.1	1.4	1.2	1.4	1.1	1.5	1	0.330613310181	0.261593679027	0.331419956475
1.1	1.7	1.1	1.6	1.2	1.6	1	0.33120712778	0.331387520545	0.261490276416
1.1	1.5	1.2	1.5	1.1	1.6	1	0.331419956475	0.261702954906	0.331387520545
0.9	1.6	1	1.6	0.9	1.7	1	0.657319765805	0.457210607898	0.657529293364
0.9	1.6	1	1.5	1	1.6	1	0.657319765805	0.457372352215	0.457210607898
0.9	1.8	1	1.7	1	1.8	1	0.656920893275	0.457907341831	0.456917626747
1	1.6	1.1	1.6	1	1.7	1	0.457210607898	0.331387520545	0.457907341831
1.1	1.6	1.1	1.7	1	1.7	1	0.331387520545	0.33120712778	0.457907341831
1	1.7	1.1	1.7	1	1.8	1	0.457907341831	0.33120712778	0.456917626747
1	1.9	1	1.8	1.1	1.8	1	0.457423895113	0.456917626747	0.331074487601
1.2	1.7	1.1	1.8	1.1	1.7	1	0.261255180174	0.331074487601	0.33120712778
1.1	1.9	1	1.9	1.1	1.8	1	0.331155523761	0.457423895113	0.331074487601
1.2	1.7	1.2	1.8	1.1	1.8	1	0.261255180174	0.261399503644	0.331074487601
1.1	1.8	1	1.8	1.1	1.7	1	0.331074487601	0.456917626747	0.33120712778
1.3	1.8	1.2	1.8	1.3	1.7	1	0.229359952093	0.261399503644	0.229366189041
1.1	1.9	1.1	1.8	1.2	1.8	1	0.331155523761	0.331074487601	0.261399503644
1.2	0.1	1.1	0.1	1.2	0	1	0.261218159841	0.330731571008	0.261363021387
1.1	1.9	1.2	1.8	1.2	1.9	1	0.331155523761	0.261399503644	0.261386819398
1.4	1.7	1.4	1.8	1.3	1.8	1	0.228896643702	0.228787413706	0.229359952093
1.3	1.9	1.2	1.9	1.3	1.8	1	0.229252408668	0.261386819398	0.229359952093
1.3	1.7	1.4	1.7	1.3	1.8	1	0.229366189041	0.228896643702	0.229359952093
1.5	1.8	1.5	1.9	1.4	1.9	1	0.228938373546	0.228820749791	0.22886387704
1.3	1.6	1.4	1.6	1.3	1.7	1	0.229328287905	0.229062629749	0.229366189041
1.5	1.7	1.4	1.8	1.4	1.7	1	0.228679185886	0.228787413706	0.228896643702
1.3	1.6	1.2	1.7	1.2	1.6	1	0.229328287905	0.261255180174	0.261490276416
1.3	1.7	1.2	1.8	1.2	1.7	1	0.229366189041	0.261399503644	0.261255180174
1.2	1.4	1.2	1.5	1.1	1.5	1	0.261593679027	0.261702954906	0.331419956475
1.3	1.5	1.2	1.6	1.2	1.5	1	0.229313612443	0.261490276416	0.261702954906
1.4	1.5	1.3	1.6	1.3	1.5	1	0.228753435886	0.229328287905	0.229313612443
1.3	1.7	1.2	1.7	1.3	1.6	1	0.229366189041	0.261255180174	0.229328287905
1.4	1.5	1.4	1.6	1.3	1.6	1	0.228753435886	0.229062629749	0.229328287905
1.4	1.5	1.5	1.5	1.4	1.6	1	0.228753435886	0.2287230789	0.229062629749
1.6	1.5	1.5	1.5	1.6	1.4	1	0.22950477353	0.2287230789	0.22969832516
1.5	1.6	1.5	1.7	1.4	1.7	1	0.228789743918	0.228679185886	0.228896643702
1.7	1.5	1.6	1.6	1.6	1.5	1	0.261526247476	0.229435115387	0.22950477353
1.6	1.8	1.5	1.8	1.6	1.7	1	0.22944582613	0.228938373546	0.229440358536
1.5	1.7	1.6	1.6	1.6	1.7	1	0.228679185886	0.229435115387	0.229440358536
1.6	1.5	1.5	1.6	1.5	1.5	1	0.22950477353	0.228789743918	0.2287230789
1.6	1.6	1.5	1.7	1.5	1.6	1	0.229435115387	0.228679185886	0.228789743918
1.5	1.7	1.5	1.8	1.4	1.8	1	0.228679185886	0.228938373546	0.228787413706
1.5	1.7	1.6	1.7	1.5	1.8	1	0.228679185886	0.229440358536	0.228938373546
1.4	1.8	1.4	1.9	1.3	1.9	1	0.228787413706	0.22886387704	0.229252408668
1.4	1.8	1.5	1.8	1.4	1.9	1	0.228787413706	0.228938373546	0.22886387704
1.5	1.8	1.6	1.8	1.5	1.9	1	0.228938373546	0.22944582613	0.228820749791
1.7	1.8	1.7	1.9	1.6	1.9	1	0.261353942005	0.261098439959	0.22916930839
1.8	0.2	1.9	0.2	1.8	0.3	1	0.331137359167	0.4569920085	0.331700582995
1.7	1.7	1.6	1.8	1.6	1.7	1	0.261422941416	0.22944582613	0.229440358536
1.6	1.9	1.5	1.9	1.6	1.8	1	0.22916930839	0.228820749791	0.22944582613
1.7	1.7	1.8	1.7	1.7	1.8	1	0.261422941416	0.33090458795	0.261353942005
1.7	1.9	1.8	1.8	1.8	1.9	1	0.261098439959	0.331118435973	0.330287665404
1.7	1.8	1.8	1.7	1.8	1.8	1	0.261353942005	0.33090458795	0.331118435973
1.8	1.9	1.8	1.8	1.9	1.8	1	0.330287665404	0.331118435973	0.457715296615
1.8	1.7	1.9	1.7	1.8	1.8	1	0.33090458795	0.457612332113	0.331118435973
1.9	1.8	1.8	1.8	1.9	1.7	1	0.457715296615	0.331118435973	0.457612332113
1.7	1.5	1.7	1.6	1.6	1.6	1	0.261526247476	0.261454709577	0.229435115387
1.8	1.5	1.9	1.5	1.8	1.6	1	0.331033999331	0.457758653967	0.3310343357
1.6	1.8	1.7	1.7	1.7	1.8	1	0.22944582613	0.261422941416	0.261353942005
1.7	1.6	1.8	1.6	1.7	1.7	1	0.261454709577	0.3310343357	0.261422941416
1.6	1.5	1.7	1.4	1.7	1.5	1	0.22950477353	0.26205375983	0.261526247476
1.9	1.6	1.8	1.6	1.9	1.5	1	0.458020241808	0.3310343357	0.457758653967
1.9	1.6	1.8	1.7	1.8	1.6	1	0.458020241808	0.33090458795	0.3310343357
1.7	1.6	1.8	1.5	1.8	1.6	1	0.261454709577	0.331033999331	0.3310343357
1.7	1.5	1.8	1.4	1.8	1.5	1	0.261526247476	0.331524524943	0.331033999331
1.9	1.3	1.8	1.3	1.9	1.2	1	0.458095482448	0.331689177522	0.458149823836
1.9	1.5	1.8	1.5	1.9	1.4	1	0.457758653967	0.331033999331	0.45842607554
1.7	1.4	1.7	1.3	1.8	1.3	1	0.26205375983	0.262273265414	0.331689177522
1.7	1.4	1.6	1.4	1.7	1.3	1	0.26205375983	0.22969832516	0.262273265414
1.8	1	1.7	1.1	1.7	1	1	0.331675692521	0.262213677727	0.262297620407
1.7	1.2	1.6	1.2	1.7	1.1	1	0.26222543048	0.229776261502	0.262213677727
1.6	1.4	1.5	1.4	1.6	1.3	1	0.22969832516	0.22870964906	0.229719822189
1.6	1.4	1.5	1.5	1.5	1.4	1	0.22969832516	0.2287230789	0.22870964906
1.6	1.2	1.5	1.3	1.5	1.2	1	0.229776261502	0.22867119169	0.228706814356
1.5	1.4	1.4	1.4	1.5	1.3	1	0.22870964906	0.228524492238	0.22867119169
1.5	1.1	1.4	1.2	1.4	1.1	1	0.228818625244	0.228906416642	0.228890678236
1.5	1.2	1.4	1.3	1.4	1.2	1	0.228706814356	0.228807790394	0.228906416642
1.6	1.3	1.6	1.2	1.7	1.2	1	0.229719822189	0.229776261502	0.26222543048
1.6	1.3	1.5	1.3	1.6	1.2	1	0.229719822189	0.22867119169	0.229776261502
1.6	1.2	1.6	1.1	1.7	1.1	1	0.229776261502	0.229866936317	0.262213677727
1.6	1.2	1.5	1.2	1.6	1.1	1	0.229776261502	0.228706814356	0.229866936317
1.6	1	1.5	1.1	1.5	1	1	0.229939655186	0.228818625244	0.228952230546
1.6	1.1	1.5	1.2	1.5	1.1	1	0.229866936317	0.228706814356	0.228818625244
1.4	1.1	1.4	1	1.5	1	1	0.228890678236	0.229120370716	0.228952230546
1.7	0.9	1.6	1	1.6	0.9	1	0.262284574501	0.229939655186	0.229805953226
1.6	1.1	1.5	1.1	1.6	1	1	0.229866936317	0.228818625244	0.229939655186
1.6	0.7	1.6	0.8	1.5	0.8	1	0.229789392561	0.229629690731	0.229159264252
1.7	0.8	1.7	0.9	1.6	0.9	1	0.262102017248	0.262284574501	0.229805953226
1.8	0.8	1.8	0.9	1.7	0.9	1	0.331852628535	0.331826521777	0.262284574501
1.7	1	1.7	1.1	1.6	1.1	1	0.262297620407	0.262213677727	0.229866936317
1.9	0.9	1.8	0.9	1.9	0.8	1	0.457632556599	0.331826521777	0.457680684005
1.8	1	1.8	1.1	1.7	1.1	1	0.331675692521	0.331364856773	0.262213677727
1.8	0.9	1.7	1	1.7	0.9	1	0.331826521777	0.262297620407	0.262284574501
1.8	0.9	1.9	0.9	1.8	1	1	0.331826521777	0.457632556599	0.331675692521
1.9	1.1	1.8	1.1	1.9	1	1	0.458160464237	0.331364856773	0.45785644918
1.9	1.1	1.8	1.2	1.8	1.1	1	0.458160464237	0.331592268328	0.331364856773
1.8	0.9	1.8	1	1.7	1	1	0.331826521777	0.331675692521	0.262297620407
1.9	1	1.8	1.1	1.8	1	1	0.45785644918	0.331364856773	0.331675692521
1.9	1	1.8	1	1.9	0.9	1	0.45785644918	0.331675692521	0.457632556599
1.8	0.5	1.9	0.5	1.8	0.6	1	0.332034031389	0.457851076141	0.331647666217
1.6	0.8	1.7	0.7	1.7	0.8	1	0.229629690731	0.261863898878	0.262102017248
1.8	0.7	1.8	0.8	1.7	0.8	1	0.331445194526	0.331852628535	0.262102017248
1.8	0.7	1.9	0.7	1.8	0.8	1	0.331445194526	0.457207398994	0.331852628535
1.8	0.6	1.9	0.6	1.8	0.7	1	0.331647666217	0.457597210781	0.331445194526
1.8	0.7	1.9	0.6	1.9	0.7	1	0.331445194526	0.457597210781	0.457207398994
1.7	0.4	1.6	0.5	1.6	0.4	1	0.262325657127	0.229785333767	0.229603346065
1.7	0.4	1.8	0.4	1.7	0.5	1	0.262325657127	0.331866530015	0.26243468724
1.9	0.4	1.9	0.5	1.8	0.5	1	0.458346290263	0.457851076141	0.332034031389
1.9	0.4	1.8	0.5	1.8	0.4	1	0.458346290263	0.332034031389	0.331866530015
1.8	0.6	1.7	0.6	1.8	0.5	1	0.331647666217	0.262132798918	0.332034031389
1.8	0.6	1.8	0.7	1.7	0.7	1	0.331647666217	0.331445194526	0.261863898878
1.7	0.6	1.6	0.6	1.7	0.5	1	0.262132798918	0.229844280216	0.26243468724
1.4	0.3	1.4	0.4	1.3	0.4	1	0.228386508588	0.228505211459	0.229347953058
1.8	0.5	1.7	0.5	1.8	0.4	1	0.332034031389	0.26243468724	0.331866530015
1.8	0.5	1.7	0.6	1.7	0.5	1	0.332034031389	0.262132798918	0.26243468724
1.5	0.5	1.6	0.4	1.6	0.5	1	0.228725217451	0.229603346065	0.229785333767
1.6	0.3	1.7	0.3	1.6	0.4	1	0.229367025093	0.261801160467	0.229603346065
1.5	0.6	1.5	0.5	1.6	0.5	1	0.228898691968	0.228725217451	0.229785333767
1.4	0.6	1.4	0.7	1.3	0.7	1	0.228678866799	0.229023057067	0.229448403398
1.5	0.8	1.5	0.7	1.6	0.7	1	0.229159264252	0.22910019289	0.229789392561
1.5	0.8	1.4	0.8	1.5	0.7	1	0.229159264252	0.229115339623	0.22910019289
1.6	0.5	1.6	0.6	1.5	0.6	1	0.229785333767	0.229844280216	0.228898691968
1.6	0.5	1.7	0.5	1.6	0.6	1	0.229785333767	0.26243468724	0.229844280216
1.7	0.6	1.7	0.7	1.6	0.7	1	0.262132798918	0.261863898878	0.229789392561
1.7	0.6	1.8	0.6	1.7	0.7	1	0.262132798918	0.331647666217	0.261863898878
1.5	0.9	1.6	0.8	1.6	0.9	1	0.228940785043	0.229629690731	0.229805953226
1.6	0.7	1.7	0.7	1.6	0.8	1	0.229789392561	0.261863898878	0.229629690731
1.6	0.8	1.5	0.9	1.5	0.8	1	0.229629690731	0.228940785043	0.229159264252
1.6	0.9	1.5	1	1.5	0.9	1	0.229805953226	0.228952230546	0.228940785043
1.2	1	1.2	0.9	1.3	0.9	1	0.261905668152	0.261879365043	0.229918816906
1.2	1	1.1	1	1.2	0.9	1	0.261905668152	0.331094617157	0.261879365043
1.4	0.8	1.3	0.8	1.4	0.7	1	0.229115339623	0.229834755427	0.229023057067
1.2	0.7	1.1	0.8	1.1	0.7	1	0.261221513919	0.330754639681	0.330751245387
1.3	1	1.3	0.9	1.4	0.9	1	0.229880215699	0.229918816906	0.229182782316
1.2	0.9	1.2	0.8	1.3	0.8	1	0.261879365043	0.261675213198	0.229834755427
1.3	0.9	1.3	0.8	1.4	0.8	1	0.229918816906	0.229834755427	0.229115339623
1.3	0.9	1.2	0.9	1.3	0.8	1	0.229918816906	0.261879365043	0.229834755427
1	0.9	1.1	0.8	1.1	0.9	1	0.457561430638	0.330754639681	0.331164214981
1	0.8	1.1	0.7	1.1	0.8	1	0.457253543537	0.330751245387	0.330754639681
1	0.9	1	0.8	1.1	0.8	1	0.457561430638	0.457253543537	0.330754639681
1	0.9	0.9	0.9	1	0.8	1	0.457561430638	0.657654471921	0.457253543537
1.1	0.6	1.1	0.7	1	0.7	1	0.33143967594	0.330751245387	0.457433184118
1	0.7	0.9	0.7	1	0.6	1	0.457433184118	0.657092837708	0.457785205834
1.1	0.5	1.1	0.6	1	0.6	1	0.331787392543	0.33143967594	0.457785205834
1.2	0.7	1.2	0.8	1.1	0.8	1	0.261221513919	0.261675213198	0.330754639681
1.2	0.6	1.2	0.7	1.1	0.7	1	0.261438782544	0.261221513919	0.330751245387
1.3	0.7	1.2	0.8	1.2	0.7	1	0.229448403398	0.261675213198	0.261221513919
1.3	0.5	1.2	0.6	1.2	0.5	1	0.229440664626	0.261438782544	0.261666804702
1.3	0.6	1.2	0.7	1.2	0.6	1	0.229446013979	0.261221513919	0.261438782544
1.2	0.5	1.1	0.6	1.1	0.5	1	0.261666804702	0.33143967594	0.331787392543
1.2	0.6	1.1	0.7	1.1	0.6	1	0.261438782544	0.330751245387	0.33143967594
1.2	0.3	1.1	0.4	1.1	0.3	1	0.260982510074	0.331382452595	0.330431012228
1	0.5	0.9	0.5	1	0.4	1	0.457605002311	0.656771176854	0.457724622077
1.3	0.4	1.2	0.5	1.2	0.4	1	0.229347953058	0.261666804702	0.261402314985
1.2	0.6	1.1	0.6	1.2	0.5	1	0.261438782544	0.33143967594	0.261666804702
1.3	0.3	1.2	0.4	1.2	0.3	1	0.229135842626	0.261402314985	0.260982510074
1.2	0.5	1.1	0.5	1.2	0.4	1	0.261666804702	0.331787392543	0.261402314985
1.5	0.5	1.4	0.6	1.4	0.5	1	0.228725217451	0.228678866799	0.228656141428
1.5	0.5	1.5	0.6	1.4	0.6	1	0.228725217451	0.228898691968	0.228678866799
1.3	0.5	1.3	0.6	1.2	0.6	1	0.229440664626	0.229446013979	0.261438782544
1.4	0.5	1.4	0.4	1.5	0.4	1	0.228656141428	0.228505211459	0.228637704369
1.3	0.5	1.4	0.5	1.3	0.6	1	0.229440664626	0.228656141428	0.229446013979
1.5	0.6	1.4	0.7	1.4	0.6	1	0.228898691968	0.229023057067	0.228678866799
1.3	0.6	1.4	0.5	1.4	0.6	1	0.229446013979	0.228656141428	0.228678866799
1.3	0.5	1.4	0.4	1.4	0.5	1	0.229440664626	0.228505211459	0.228656141428
1.5	0.5	1.5	0.4	1.6	0.4	1	0.228725217451	0.228637704369	0.229603346065
1.5	0.5	1.4	0.5	1.5	0.4	1	0.228725217451	0.228656141428	0.228637704369
1.3	0.2	1.3	0.3	1.2	0.3	1	0.229066242548	0.229135842626	0.260982510074
1.4	0.4	1.3	0.5	1.3	0.4	1	0.228505211459	0.229440664626	0.229347953058
1.4	0.1	1.4	0.2	1.3	0.2	1	0.228236894341	0.228117329823	0.229066242548
1.3	0.3	1.4	0.3	1.3	0.4	1	0.229135842626	0.228386508588	0.229347953058
1.3	0.1	1.4	0.1	1.3	0.2	1	0.229088903338	0.228236894341	0.229066242548
1.5	0.2	1.5	0.3	1.4	0.3	1	0.228406125993	0.228321816794	0.228386508588
1.2	0.4	1.3	0.3	1.3	0.4	1	0.261402314985	0.229135842626	0.229347953058
1.3	0.2	1.4	0.2	1.3	0.3	1	0.229066242548	0.228117329823	0.229135842626
1.2	0.4	1.1	0.4	1.2	0.3	1	0.261402314985	0.331382452595	0.260982510074
1.2	0.4	1.1	0.5	1.1	0.4	1	0.261402314985	0.331787392543	0.331382452595
1.2	0.2	1.1	0.3	1.1	0.2	1	0.261239453604	0.330431012228	0.330869988076
1.1	0.4	1	0.4	1.1	0.3	1	0.331382452595	0.457724622077	0.330431012228
0.9	0.2	1	0.2	0.9	0.3	1	0.657531630178	0.458218550737	0.656714335814
1.1	0.3	1	0.4	1	0.3	1	0.330431012228	0.457724622077	0.45786103668
0.9	0.1	1	0.1	0.9	0.2	1	0.656915608998	0.457248277733	0.657531630178
1.1	0.2	1	0.3	1	0.2	1	0.330869988076	0.45786103668	0.458218550737
1.1	0.1	1.2	0.1	1.1	0.2	1	0.330731571008	0.261218159841	0.330869988076
1.3	0.2	1.2	0.3	1.2	0.2	1	0.229066242548	0.260982510074	0.261239453604
1.2	0	1.1	0.1	1.1	0	1	0.261363021387	0.330731571008	0.33083860371
1.1	0.2	1	0.2	1.1	0.1	1	0.330869988076	0.458218550737	0.330731571008
1	0	1	0.1	0.9	0.1	1	0.457160336317	0.457248277733	0.656915608998
1.1	0.1	1	0.2	1	0.1	1	0.330731571008	0.458218550737	0.457248277733
1.2	0.1	1.3	0.1	1.2	0.2	1	0.261218159841	0.229088903338	0.261239453604
1.4	0	1.4	0.1	1.3	0.1	1	0.228534992314	0.228236894341	0.229088903338
1.3	0	1.2	0.1	1.2	0	1	0.229279574664	0.261218159841	0.261363021387
1.3	0.1	1.3	0.2	1.2	0.2	1	0.229088903338	0.229066242548	0.261239453604
1.3	0	1.3	0.1	1.2	0.1	1	0.229279574664	0.229088903338	0.261218159841
1.3	0	1.4	0	1.3	0.1	1	0.229279574664	0.228534992314	0.229088903338
1.5	0.1	1.4	0.2	1.4	0.1	1	0.228330090055	0.228117329823	0.228236894341
1.4	0.1	1.5	0	1.5	0.1	1	0.228236894341	0.228522870888	0.228330090055
1.4	0	1.5	0	1.4	0.1	1	0.228534992314	0.228522870888	0.228236894341
1.6	0	1.7	0	1.6	0.1	1	0.229051312667	0.260980921414	0.229231614677
1.8	0.1	1.8	0	1.9	0	1	0.330759874609	0.330219415768	0.456056311334
1.6	0.2	1.5	0.3	1.5	0.2	1	0.229238378856	0.228321816794	0.228406125993
1.6	0.3	1.5	0.4	1.5	0.3	1	0.229367025093	0.228637704369	0.228321816794
1.5	0.2	1.4	0.3	1.4	0.2	1	0.228406125993	0.228386508588	0.228117329823
1.5	0.3	1.4	0.4	1.4	0.3	1	0.228321816794	0.228505211459	0.228386508588
1.6	0.2	1.7	0.2	1.6	0.3	1	0.229238378856	0.261475199215	0.229367025093
1.8	0.3	1.8	0.4	1.7	0.4	1	0.331700582995	0.331866530015	0.262325657127
1.5	0.3	1.6	0.2	1.6	0.3	1	0.228321816794	0.229238378856	0.229367025093
1.6	0.1	1.7	0.1	1.6	0.2	1	0.229231614677	0.261139471613	0.229238378856
1.4	0.2	1.5	0.1	1.5	0.2	1	0.228117329823	0.228330090055	0.228406125993
1.5	0	1.6	0	1.5	0.1	1	0.228522870888	0.229051312667	0.228330090055
1.6	0.3	1.7	0.2	1.7	0.3	1	0.229367025093	0.261475199215	0.261801160467
1.6	0.2	1.7	0.1	1.7	0.2	1	0.229238378856	0.261139471613	0.261475199215
1.7	0.3	1.7	0.4	1.6	0.4	1	0.261801160467	0.262325657127	0.229603346065
1.7	0.3	1.8	0.3	1.7	0.4	1	0.261801160467	0.331700582995	0.262325657127
1.7	0.2	1.8	0.2	1.7	0.3	1	0.261475199215	0.331137359167	0.261801160467
1.9	0.3	1.9	0.4	1.8	0.4	1	0.457882325047	0.458346290263	0.331866530015
1.9	0.2	1.9	0.3	1.8	0.3	1	0.4569920085	0.457882325047	0.331700582995
1.7	0.3	1.8	0.2	1.8	0.3	1	0.261801160467	0.331137359167	0.331700582995
1.7	0.2	1.7	0.1	1.8	0.1	1	0.261475199215	0.261139471613	0.330759874609
1.8	0.2	1.8	0.1	1.9	0.1	1	0.331137359167	0.330759874609	0.456763118394
1.8	0.2	1.7	0.2	1.8	0.1	1	0.331137359167	0.261475199215	0.330759874609
1.6	0.1	1.7	0	1.7	0.1	1	0.229231614677	0.260980921414	0.261139471613
1.7	0.1	1.8	0	1.8	0.1	1	0.261139471613	0.330219415768	0.330759874609
1.8	0.1	1.9	0	1.9	0.1	1	0.330759874609	0.456056311334	0.456763118394
