400	0.175687
0	0	0.661109	-0.385366	-0.00944024	0.536842	1.29235	0.01
1	0.5	0.454952	0.602817	-0.00302935	0.386218	1.45508	0.01
0	1	0.661444	-0.387958	-0.00893858	0.535547	1.28979	0.01
1	1.5	0.454692	0.595726	0.00119973	0.386733	1.45325	0.00999999
1.4	0.9	0.222536	0.189103	-0.0178459	0.27264	1.85576	0.01
1.5	1.2	0.222064	-0.19362	0.0180576	0.27176	1.85459	0.01
0	1.3	0.661365	-0.389745	-0.00801456	0.535384	1.29025	0.01
1.7	1.4	0.256973	-0.659309	0.0180827	0.281604	1.86128	0.01
1.7	1.2	0.257149	-0.661695	0.0170696	0.281457	1.86086	0.01
1.9	1	0.455172	-0.600953	0.00277613	0.385658	1.4515	0.01
0	1.1	0.66159	-0.389809	-0.00779408	0.53555	1.29024	0.01
0.3	0.5	0.920658	-0.0687918	-0.000584789	0.868664	1.41765	0.01
0.6	0.5	0.920314	0.0689361	0.000651491	0.867769	1.41673	0.01
0.1	0.6	0.787461	-0.239256	-0.00344815	0.679926	1.32379	0.01
0	1.4	0.661314	-0.389308	-0.00950624	0.535169	1.2897	0.01
0	1.7	0.661278	-0.388868	-0.0103522	0.5359	1.29126	0.01
0.3	1.7	0.920575	-0.0687863	-0.000635294	0.868359	1.41728	0.01
0.7	1.6	0.873509	0.136822	0.00235919	0.792792	1.37075	0.01
0.5	1.2	0.943555	0.0204669	0.000206714	0.9066	1.44146	0.01
1.4	1.1	0.222246	0.188438	-0.0161483	0.272282	1.85558	0.01
1.3	1.7	0.223515	0.500315	-0.0241848	0.268825	1.92952	0.01
1.4	1.5	0.222121	0.186539	-0.0174454	0.27195	1.85405	0.01
1.8	1.4	0.326976	-0.701108	0.0104855	0.311011	1.67259	0.01
1.9	1.3	0.4554	-0.600704	0.00254365	0.385891	1.45148	0.01
1.1	0.9	0.326612	0.702006	-0.0119578	0.311191	1.67566	0.01
1.1	1.1	0.326842	0.698729	-0.0109319	0.311674	1.67456	0.01
0.8	0.3	0.786816	0.239256	0.00317552	0.678815	1.32273	0.01
0.9	0	0.659653	0.386414	0.0114332	0.535613	1.29267	0.01
1	0.7	0.45475	0.598413	-0.00265015	0.386612	1.4543	0.01
0.2	0.4	0.873598	-0.137042	-0.00220472	0.792574	1.37027	0.01
0	0.6	0.66147	-0.388349	-0.00966362	0.535967	1.29085	0.00999999
0	0.1	0.661219	-0.388525	-0.00912742	0.536178	1.29186	0.01
0.3	0.3	0.920793	-0.0683586	-0.000856862	0.868647	1.41739	0.01
0.7	0	0.873571	0.136867	0.00225138	0.79209	1.36946	0.01
0.8	0	0.787126	0.239079	0.00326916	0.679261	1.32303	0.01
0.9	0.4	0.659987	0.390365	0.00881618	0.535049	1.29228	0.01
0.8	0.4	0.786876	0.239502	0.00304061	0.678884	1.32282	0.01
0.8	0.6	0.787398	0.238859	0.00282687	0.679481	1.32295	0.01
0.8	0.8	0.787503	0.238328	0.00272141	0.679945	1.32353	0.01
0.9	0.7	0.660647	0.388886	0.00798996	0.535834	1.29226	0.01
0.4	0.8	0.9434	-0.0205874	-0.000186406	0.906346	1.4413	0.01
0.7	0.8	0.873609	0.136785	0.00178921	0.792702	1.37044	0.01
0.3	0.9	0.920501	-0.069061	-0.000781184	0.868288	1.4173	0.00999999
0.2	0.6	0.873526	-0.137167	-0.00199461	0.792677	1.37058	0.01
0.1	0.8	0.787468	-0.239368	-0.00310741	0.679872	1.3237	0.01
0	0.8	0.661486	-0.388709	-0.00925506	0.535644	1.29023	0.00999999
0	1.2	0.661238	-0.387914	-0.0108132	0.535177	1.28933	0.01
0.1	1.1	0.787818	-0.237514	-0.00401614	0.680049	1.32302	0.01
0.1	1.3	0.787845	-0.237646	-0.00411819	0.68014	1.32318	0.01
0.2	1.5	0.873614	-0.136977	-0.00201397	0.792829	1.37068	0.01
0.1	1.6	0.787557	-0.239003	-0.00296728	0.679905	1.32353	0.01
0.1	1.8	0.78734	-0.238859	-0.00361783	0.679746	1.32355	0.01
0.4	1.9	0.9434	-0.0205238	-9.88954e-05	0.906344	1.44129	0.01
0.2	1.7	0.873513	-0.13682	-0.00194099	0.792662	1.37052	0.01
0.4	1.7	0.94341	-0.0205223	-0.000180291	0.906326	1.44125	0.01
0.4	1.6	0.943433	-0.0205811	-0.000142353	0.90639	1.44132	0.01
0.6	1.9	0.920444	0.0689299	0.0010666	0.868223	1.41727	0.01
0.8	1.9	0.787304	0.238296	0.0044312	0.679549	1.3231	0.01
0.9	1.8	0.660454	0.386533	0.0114748	0.535698	1.29143	0.01
0.7	1.7	0.873607	0.137321	0.00209015	0.79269	1.3705	0.01
0.8	1.5	0.787515	0.238152	0.00316245	0.680118	1.3238	0.01
0.4	1.4	0.943502	-0.0206567	-0.000175218	0.906516	1.44141	0.01
0.6	1.3	0.920784	0.0687843	0.000624289	0.868852	1.41777	0.01
0.8	1.1	0.787666	0.238513	0.00344281	0.680034	1.32348	0.00999999
0.9	1.1	0.66174	0.3887	0.00862438	0.535903	1.29034	0.00999999
1.3	1.1	0.223779	0.499178	-0.0244448	0.269243	1.92964	0.01
1.5	1	0.222314	-0.192472	0.0174808	0.272244	1.85556	0.00999999
1.3	1.4	0.223628	0.498494	-0.0254144	0.269053	1.92926	0.00999999
1.2	1.1	0.25675	0.660107	-0.017673	0.281821	1.8645	0.01
1	1.9	0.454742	0.599694	-0.00374169	0.386533	1.45483	0.00999999
0.9	1.9	0.660602	0.38909	0.00932661	0.535645	1.292	0.01
1.5	1.9	0.222186	-0.186393	0.0175886	0.272041	1.8541	0.01
1.5	1.7	0.222051	-0.189467	0.0155223	0.271701	1.85347	0.00999999
1.2	1.6	0.256456	0.660206	-0.0182406	0.281787	1.86626	0.01
1.6	1.6	0.223562	-0.50009	0.0241297	0.268816	1.92897	0.01
1.7	1.8	0.256305	-0.660046	0.0178891	0.281455	1.86518	0.01
1.8	1.9	0.325751	-0.701674	0.0116053	0.311427	1.68028	0.01
1.9	1.6	0.455314	-0.600264	0.00257673	0.386039	1.45194	0.01
1.9	1.5	0.455045	-0.60211	0.0029751	0.385832	1.45312	0.01
1.8	1.3	0.327145	-0.700885	0.0100884	0.310997	1.67163	0.01
1.6	1.4	0.223801	-0.49903	0.0256761	0.268988	1.92771	0.01
1.6	1.3	0.223809	-0.501489	0.0257996	0.268751	1.92729	0.01
1.8	1.2	0.327055	-0.701391	0.0103835	0.311095	1.67283	0.01
1.9	1.1	0.455464	-0.601854	0.00307437	0.385856	1.45188	0.01
1.6	0.7	0.223898	-0.501629	0.0255661	0.269156	1.92934	0.00999999
1.7	0.8	0.257021	-0.660329	0.0184791	0.281761	1.86257	0.00999999
1.9	0.8	0.455003	-0.602955	0.00338488	0.385532	1.45276	0.00999999
1.5	0.8	0.222522	-0.189279	0.0180032	0.272586	1.85555	0.00999999
1.2	1	0.256822	0.660714	-0.0162782	0.281479	1.86241	0.01
1	0.9	0.454867	0.600752	-0.00262949	0.385987	1.45331	0.01
1.2	0.8	0.256613	0.66135	-0.0175997	0.281576	1.86477	0.01
1.4	0.7	0.222385	0.184711	-0.0180321	0.272411	1.85465	0.01
1.4	0.8	0.222476	0.188843	-0.0173736	0.27251	1.85533	0.01
1.1	0.5	0.327242	0.700443	-0.0126686	0.312217	1.67652	0.00999999
1.1	0.2	0.326315	0.701201	-0.0117692	0.311398	1.67734	0.01
1.2	0.3	0.255959	0.658442	-0.0181119	0.281613	1.86728	0.00999999
1.4	0.4	0.22187	0.186991	-0.0160511	0.271458	1.85286	0.00999999
1.5	0.2	0.221751	-0.188315	0.0173234	0.271194	1.85233	0.00999999
1.5	0.6	0.222255	-0.191802	0.0161765	0.272123	1.85508	0.00999999
1.9	0.4	0.45566	-0.601904	0.00419612	0.38609	1.45213	0.00999999
1.6	0.3	0.223493	-0.500458	0.0227138	0.268585	1.92812	0.01
1.9	0.2	0.45436	-0.603045	0.00501376	0.38628	1.45709	0.00999999
0.2	0	0.873345	-0.137064	-0.00220923	0.792272	1.37015	0.00999999
0.1	0	0.787473	-0.238438	-0.00339537	0.679893	1.32351	0.01
0.1	0.1	0.787436	-0.238464	-0.00369042	0.679898	1.32359	0.01
0	0.3	0.661274	-0.388925	-0.00842597	0.536161	1.29187	0.00999999
0	0.4	0.661759	-0.388462	-0.00951655	0.53593	1.29028	0.01
0.1	0.3	0.787542	-0.239046	-0.00315077	0.6799	1.32355	0.00999999
0	0.2	0.66041	-0.384643	-0.0106407	0.536754	1.29317	0.00999999
0.1	0.2	0.787506	-0.238141	-0.00298418	0.680018	1.32362	0.00999999
0.3	0.2	0.920662	-0.0684652	-0.000933163	0.868441	1.41726	0.01
0.2	0.3	0.873575	-0.13692	-0.00203507	0.792507	1.37018	0.01
0.4	0.3	0.943405	-0.0206636	-0.000197757	0.906419	1.44141	0.01
0.2	0.2	0.873496	-0.136561	-0.00202528	0.792493	1.37022	0.01
0.3	0.1	0.920464	-0.0688762	-0.000912493	0.868122	1.41707	0.01
0.2	0.1	0.873225	-0.136927	-0.00217723	0.79237	1.37049	0.01
0.3	0	0.920432	-0.0689313	-0.000772144	0.86808	1.41706	0.01
0.4	0.1	0.943278	-0.0206232	-0.00027497	0.906155	1.44118	0.01
0.4	0	0.943249	-0.0206063	-0.000182646	0.906068	1.44109	0.01
0.6	0	0.920516	0.0685537	0.000891286	0.868092	1.41692	0.01
0.5	0	0.943249	0.0205733	0.000250953	0.906057	1.44107	0.01
0.4	0.2	0.943351	-0.0207436	-0.000241057	0.906337	1.44136	0.01
0.5	0.1	0.943178	0.0207749	0.00026218	0.90598	1.44106	0.01
0.8	0.1	0.786908	0.239225	0.00362594	0.678921	1.32278	0.01
0.9	0.1	0.660427	0.390274	0.0108171	0.534848	1.29099	0.01
0.9	0.2	0.661044	0.389868	0.00966223	0.534822	1.28963	0.01
0.7	0.1	0.873163	0.137132	0.00236187	0.791769	1.36958	0.01
0.6	0.1	0.920301	0.0689011	0.000941015	0.867874	1.41692	0.00999999
0.7	0.2	0.873181	0.137422	0.00216648	0.79173	1.36952	0.01
0.8	0.2	0.78696	0.239357	0.0031506	0.678863	1.32261	0.01
0.9	0.3	0.660235	0.389561	0.00942676	0.534745	1.29082	0.01
0.7	0.3	0.873098	0.137522	0.00216717	0.791577	1.3694	0.01
0.7	0.4	0.873087	0.137576	0.00204135	0.791578	1.36943	0.01
0.6	0.3	0.920291	0.0690049	0.000759226	0.867854	1.41691	0.01
0.6	0.2	0.920289	0.0691243	0.00076469	0.867836	1.4169	0.01
0.5	0.2	0.943165	0.0207615	0.000214439	0.905922	1.44099	0.01
0.5	0.3	0.943194	0.020733	0.000178535	0.905967	1.44101	0.01
0.4	0.4	0.943392	-0.0206918	-0.000128273	0.906401	1.4414	0.01
0.6	0.6	0.920368	0.0689159	0.000591269	0.867976	1.41699	0.01
0.5	0.5	0.943187	0.0206804	0.000173423	0.905955	1.441	0.01
0.5	0.6	0.943273	0.0205979	0.000160099	0.906106	1.44111	0.01
0.6	0.4	0.920313	0.068841	0.000849275	0.867773	1.41674	0.01
0.7	0.5	0.873335	0.137251	0.00187991	0.791748	1.36929	0.01
0.9	0.5	0.660307	0.387756	0.00934438	0.53576	1.29229	0.01
0.9	0.6	0.660774	0.387863	0.00928225	0.535873	1.29173	0.01
0.8	0.5	0.78717	0.238935	0.00273094	0.679199	1.3228	0.01
0.7	0.6	0.873445	0.137084	0.00181565	0.792048	1.36961	0.01
0.7	0.7	0.873513	0.137048	0.00175566	0.792351	1.37002	0.01
0.8	0.7	0.787468	0.23866	0.00294452	0.679741	1.32328	0.01
0.9	0.8	0.660143	0.3856	0.00994079	0.536319	1.29304	0.01
0.9	0.9	0.661193	0.389076	0.00963517	0.53587	1.29143	0.01
0.8	0.9	0.787573	0.238797	0.00305538	0.680046	1.32372	0.01
0.6	0.8	0.920616	0.068802	0.00065906	0.86846	1.41739	0.01
0.6	0.7	0.920457	0.0689709	0.000579089	0.868234	1.41728	0.01
0.5	0.7	0.943337	0.0206396	0.000143118	0.906225	1.4412	0.01
0.5	0.8	0.943399	0.0206579	0.000130183	0.906342	1.44129	0.01
0.5	0.9	0.943455	0.020628	0.000155781	0.906458	1.44139	0.01
0.4	0.7	0.943417	-0.0206812	-0.000171867	0.906412	1.44138	0.01
0.3	0.7	0.920545	-0.0690368	-0.000742586	0.868368	1.41736	0.01
0.4	0.9	0.9434	-0.020692	-0.00022138	0.906343	1.44129	0.01
0.3	0.8	0.920544	-0.0689627	-0.00073504	0.868367	1.41736	0.01
0.4	0.6	0.943343	-0.0206212	-0.000203826	0.906263	1.44125	0.01
0.5	0.4	0.943174	0.0207962	0.000155599	0.905968	1.44105	0.01
0.3	0.4	0.92078	-0.0684905	-0.000807388	0.86874	1.41757	0.01
0.4	0.5	0.94333	-0.0206185	-0.000167038	0.906241	1.44124	0.01
0.3	0.6	0.920579	-0.0689654	-0.000626352	0.868403	1.41736	0.00999999
0.2	0.5	0.873604	-0.136889	-0.00226132	0.792675	1.37042	0.01
0.1	0.5	0.787457	-0.239286	-0.00339582	0.679866	1.32369	0.01
0.1	0.4	0.7875	-0.239269	-0.00325972	0.67988	1.32364	0.01
0	0.5	0.66144	-0.388859	-0.00975323	0.535761	1.29064	0.01
0.1	0.7	0.787478	-0.2393	-0.00332179	0.679914	1.32375	0.01
0	0.7	0.661515	-0.388748	-0.00938942	0.535702	1.29032	0.00999999
0.2	0.7	0.873414	-0.137444	-0.00191485	0.792558	1.37059	0.01
0.2	0.8	0.87339	-0.137513	-0.00191642	0.792452	1.37045	0.01
0.2	0.9	0.873397	-0.137548	-0.00207066	0.792262	1.37012	0.01
0.1	0.9	0.787484	-0.239119	-0.00324962	0.679805	1.32349	0.01
0.1	1.2	0.787409	-0.239841	-0.00324153	0.679746	1.32367	0.01
0	0.9	0.661456	-0.388647	-0.00912982	0.535532	1.29001	0.00999999
0.1	1	0.787446	-0.239109	-0.00336075	0.679664	1.32328	0.01
0.2	1.1	0.873538	-0.137272	-0.00189538	0.792497	1.37026	0.01
0.2	1	0.873599	-0.137122	-0.00247409	0.792301	1.36981	0.01
0.4	1	0.943453	-0.0209134	-0.000236198	0.906462	1.44141	0.00999999
0.4	1.1	0.943533	-0.0207919	-0.000225227	0.906595	1.44149	0.00999999
0.3	1	0.920498	-0.069156	-0.000812013	0.868358	1.41743	0.01
0.3	1.1	0.920634	-0.0689416	-0.000782603	0.868514	1.41746	0.00999999
0.3	1.2	0.92064	-0.0690701	-0.000816798	0.868539	1.4175	0.00999999
0.3	1.4	0.920652	-0.0689809	-0.000741204	0.868609	1.41759	0.00999999
0.4	1.3	0.94354	-0.0207606	-0.000157558	0.906616	1.44152	0.00999999
0.4	1.2	0.943567	-0.0207439	-0.000223585	0.906655	1.44154	0.00999999
0.2	1.4	0.873523	-0.137175	-0.00214604	0.79273	1.37067	0.01
0.3	1.3	0.92069	-0.0689599	-0.000806809	0.868632	1.41756	0.00999999
0.2	1.2	0.873389	-0.137689	-0.00231649	0.792432	1.37044	0.00999999
0.2	1.3	0.873443	-0.137363	-0.00217033	0.792618	1.37063	0.00999999
0.1	1.4	0.787763	-0.238056	-0.00347051	0.680163	1.32346	0.00999999
0	1.6	0.661189	-0.388499	-0.0108417	0.535456	1.29028	0.01
0.1	1.5	0.787789	-0.238394	-0.00298365	0.680236	1.32363	0.01
0	1.5	0.661215	-0.389465	-0.010209	0.535166	1.28995	0.00999999
0.2	1.6	0.87351	-0.136953	-0.00197705	0.792694	1.3706	0.01
0	1.8	0.661463	-0.388642	-0.0106927	0.535842	1.29071	0.01
0	1.9	0.660965	-0.385241	-0.01141	0.536618	1.29208	0.01
0.1	1.9	0.78752	-0.239282	-0.00243739	0.679995	1.32383	0.01
0.2	1.9	0.873699	-0.136635	-0.0021353	0.792544	1.37001	0.00999999
0.1	1.7	0.787483	-0.239232	-0.00297992	0.679849	1.3236	0.01
0.3	1.8	0.920469	-0.069059	-0.000792407	0.868191	1.41719	0.01
0.3	1.9	0.920579	-0.0686794	-0.000723338	0.868317	1.4172	0.01
0.5	1.9	0.943341	0.0206518	0.000337028	0.906248	1.44123	0.01
0.4	1.8	0.943441	-0.0205903	-0.000202386	0.906409	1.44133	0.01
0.5	1.8	0.943508	0.0204058	0.000290091	0.906519	1.4414	0.01
0.5	1.7	0.943513	0.0205143	0.000215518	0.906525	1.44141	0.01
0.2	1.8	0.873239	-0.137453	-0.0018827	0.792365	1.37053	0.01
0.3	1.6	0.920565	-0.0688614	-0.000720209	0.86848	1.4175	0.01
0.3	1.5	0.92058	-0.0690197	-0.00068385	0.868485	1.4175	0.00999999
0.4	1.5	0.943551	-0.0203751	-0.000205666	0.906561	1.4414	0.01
0.6	1.5	0.920893	0.0684899	0.000817512	0.869037	1.41788	0.01
0.7	1.4	0.87408	0.136175	0.00232009	0.793126	1.37035	0.01
0.6	1.4	0.920842	0.068588	0.000617453	0.868946	1.41782	0.00999999
0.5	1.4	0.943614	0.0205361	0.000140463	0.906717	1.44156	0.01
0.5	1.5	0.943623	0.0205589	0.000207492	0.906735	1.44157	0.01
0.5	1.6	0.943506	0.0207227	0.000208332	0.906551	1.44146	0.01
0.6	1.8	0.920608	0.0685035	0.000868881	0.868608	1.41762	0.01
0.6	1.7	0.920799	0.0684917	0.000871721	0.868785	1.41761	0.01
0.6	1.6	0.920773	0.0687015	0.000818036	0.86886	1.41779	0.01
0.7	1.8	0.873697	0.136259	0.00249742	0.792591	1.37004	0.01
0.7	1.9	0.873398	0.137395	0.00251778	0.792116	1.36985	0.01
0.8	1.8	0.787468	0.237532	0.00362369	0.679942	1.3234	0.01
0.8	1.7	0.787681	0.238617	0.00362977	0.680208	1.32381	0.01
0.9	1.7	0.661082	0.388714	0.0103038	0.536014	1.29182	0.00999999
0.9	1.6	0.660892	0.385038	0.0116355	0.53636	1.29155	0.00999999
0.8	1.6	0.78767	0.238079	0.00296307	0.680403	1.32407	0.01
0.7	1.5	0.873541	0.136794	0.00199488	0.792886	1.37086	0.01
0.9	1.5	0.660719	0.388212	0.00926549	0.536162	1.29262	0.00999999
0.9	1.4	0.660714	0.387408	0.00988159	0.536397	1.29286	0.00999999
0.8	1.4	0.78751	0.239794	0.00234016	0.680026	1.32402	0.00999999
0.9	1.2	0.661411	0.384256	0.0116844	0.53624	1.29002	0.01
0.9	1.3	0.661257	0.389912	0.00802876	0.536137	1.29222	0.00999999
0.8	1.3	0.787848	0.237644	0.00442486	0.680214	1.32332	0.01
0.7	1.3	0.873768	0.136864	0.00188964	0.792959	1.37064	0.01
0.5	1.3	0.943539	0.0206977	0.00013068	0.906603	1.44149	0.01
0.6	1.2	0.920716	0.0687648	0.000648566	0.868614	1.41748	0.01
0.7	1.2	0.873608	0.136732	0.0020026	0.792878	1.37074	0.01
0.8	1.2	0.787604	0.238765	0.00290818	0.680138	1.32384	0.01
0.6	1.1	0.920674	0.0686067	0.000810858	0.86846	1.41728	0.00999999
0.5	1.1	0.943556	0.0205143	0.00018739	0.90663	1.44151	0.00999999
0.5	1	0.943533	0.0205316	0.000113727	0.906596	1.44149	0.00999999
0.6	1	0.92078	0.0685764	0.000831043	0.868648	1.41743	0.01
0.6	0.9	0.920601	0.069	0.000668797	0.86856	1.41759	0.01
0.7	1	0.873386	0.13732	0.0019162	0.792548	1.37059	0.00999999
0.7	1.1	0.87348	0.136843	0.00195044	0.792658	1.37057	0.00999999
0.8	1	0.787507	0.238809	0.00333842	0.679912	1.32358	0.00999999
0.9	1	0.66182	0.388064	0.0100307	0.53593	1.29002	0.00999999
0.7	0.9	0.873542	0.13665	0.00238049	0.792697	1.37052	0.01
1	1	0.454865	0.603701	-0.00323451	0.385483	1.45344	0.00999999
1	1.1	0.454712	0.599665	-0.000299581	0.385482	1.45142	0.00999999
1	1.2	0.45538	0.602395	-0.00697742	0.386542	1.45472	0.01
1.1	1	0.326545	0.700454	-0.0103184	0.311275	1.67523	0.01
1.2	1.2	0.256767	0.661307	-0.0178484	0.281988	1.86616	0.01
1.3	1	0.223946	0.500962	-0.0246959	0.269173	1.92872	0.01
1.3	1.2	0.223815	0.498174	-0.0253402	0.269433	1.93014	0.01
1.3	1.3	0.223735	0.49956	-0.025179	0.269164	1.92967	0.00999999
1.1	1.2	0.326637	0.702942	-0.0131023	0.311488	1.67758	0.01
1.3	1.5	0.223456	0.496679	-0.0239475	0.268847	1.92833	0.01
1.4	1.4	0.221894	0.186126	-0.0147543	0.271694	1.85408	0.01
1.4	1.3	0.222168	0.185365	-0.0159994	0.272213	1.8552	0.00999999
1.2	1.4	0.256543	0.658556	-0.0189223	0.281749	1.86441	0.00999999
1.2	1.3	0.256589	0.658741	-0.0169442	0.281817	1.86459	0.00999999
1.1	1.3	0.326139	0.700089	-0.0129315	0.311321	1.677	0.00999999
1	1.3	0.45536	0.598644	-0.00494407	0.387043	1.45415	0.00999999
1.1	1.4	0.326074	0.698267	-0.0114589	0.311314	1.67595	0.00999999
1	1.4	0.454942	0.598904	-0.00382501	0.386969	1.45524	0.00999999
1.1	1.5	0.326893	0.697892	-0.0126621	0.311937	1.67498	0.00999999
1.1	1.6	0.326847	0.698966	-0.0100395	0.312007	1.67622	0.00999999
1	1.6	0.454525	0.603492	-0.00424111	0.386127	1.45639	0.01
1	1.7	0.45524	0.596735	-0.000846573	0.386751	1.45238	0.00999999
1	1.8	0.454253	0.603586	-0.0039066	0.386002	1.45679	0.01
1.1	1.9	0.326601	0.69792	-0.00986306	0.311864	1.67591	0.01
1.1	1.8	0.326535	0.701563	-0.0111204	0.311882	1.67885	0.01
1.1	1.7	0.326657	0.697784	-0.0120778	0.312183	1.67706	0.01
1.2	1.8	0.25637	0.661499	-0.0173174	0.281797	1.86772	0.01
1.2	1.9	0.256347	0.659133	-0.017872	0.281774	1.86617	0.01
1.3	1.9	0.223411	0.499668	-0.0229801	0.268674	1.929	0.00999999
1.3	1.8	0.22352	0.501427	-0.0235843	0.268901	1.93054	0.01
1.4	1.8	0.222161	0.188146	-0.015183	0.272066	1.85476	0.00999999
1.4	1.7	0.222265	0.187173	-0.016404	0.27227	1.85512	0.00999999
1.2	1.7	0.256228	0.658906	-0.0175461	0.281694	1.86631	0.01
1.2	1.5	0.256645	0.658526	-0.0189268	0.281671	1.86328	0.00999999
1.3	1.6	0.223476	0.500069	-0.0238283	0.268759	1.92926	0.01
1.4	1.6	0.222431	0.187513	-0.0176905	0.272428	1.8549	0.00999999
1.5	1.5	0.222105	-0.191804	0.017427	0.271797	1.85414	0.01
1.6	1.5	0.223629	-0.499662	0.0247226	0.268857	1.92851	0.01
1.6	1.7	0.223565	-0.499898	0.024038	0.268782	1.92862	0.01
1.5	1.6	0.22217	-0.191139	0.0173875	0.271901	1.85418	0.00999999
1.5	1.8	0.222306	-0.188593	0.0167032	0.272109	1.85396	0.00999999
1.4	1.9	0.222239	0.189243	-0.0156471	0.271985	1.85379	0.00999999
1.6	1.9	0.22332	-0.500501	0.0238638	0.268672	1.93015	0.00999999
1.7	1.9	0.256067	-0.660874	0.0175384	0.281717	1.86879	0.01
1.6	1.8	0.223568	-0.500616	0.0241659	0.268766	1.92885	0.01
1.8	1.7	0.326358	-0.700486	0.0108308	0.311185	1.67566	0.01
1.8	1.8	0.326571	-0.700435	0.013106	0.311335	1.67541	0.01
1.9	1.9	0.453937	-0.602483	0.0065994	0.385905	1.45671	0.01
1.9	1.8	0.455008	-0.600408	0.00406428	0.385878	1.45236	0.01
1.9	1.7	0.45492	-0.602918	0.00352716	0.385652	1.45337	0.01
1.7	1.6	0.256409	-0.661642	0.018011	0.281296	1.86464	0.00999999
1.7	1.7	0.256378	-0.660672	0.0180087	0.281367	1.86461	0.01
1.7	1.5	0.256476	-0.65886	0.0176587	0.281508	1.86361	0.01
1.8	1.6	0.326492	-0.701875	0.0128123	0.311239	1.67632	0.01
1.8	1.5	0.326484	-0.699907	0.0105829	0.311154	1.67456	0.01
1.9	1.2	0.455453	-0.600807	0.00292829	0.385972	1.45166	0.01
1.9	1.4	0.455728	-0.600995	0.00311565	0.38615	1.45159	0.01
1.7	1.3	0.257185	-0.660278	0.0174473	0.281493	1.85991	0.01
1.7	1.1	0.257137	-0.662396	0.0169377	0.281544	1.86191	0.00999999
1.5	1.4	0.222077	-0.19086	0.0179094	0.271739	1.85382	0.01
1.5	1.3	0.222037	-0.191802	0.0170813	0.271666	1.85382	0.01
1.4	1.2	0.222256	0.185442	-0.0174336	0.272385	1.85566	0.00999999
1.6	1.2	0.223864	-0.501521	0.0250378	0.26893	1.92804	0.01
1.6	1.1	0.223948	-0.5024	0.0248154	0.269075	1.92877	0.01
1.5	1.1	0.222172	-0.193112	0.018337	0.272054	1.85559	0.01
1.4	1	0.222475	0.188745	-0.0160123	0.272542	1.85551	0.01
1.6	1	0.224014	-0.502093	0.0253965	0.269136	1.92851	0.00999999
1.6	0.9	0.223901	-0.500379	0.0254156	0.269074	1.92815	0.00999999
1.7	0.9	0.257183	-0.661304	0.0185995	0.281508	1.8607	0.00999999
1.8	0.9	0.327274	-0.700872	0.0115141	0.311266	1.6723	0.00999999
1.7	1	0.257201	-0.661681	0.0179227	0.28151	1.86085	0.00999999
1.8	1.1	0.326822	-0.702187	0.0111319	0.31113	1.67458	0.00999999
1.8	1	0.327133	-0.70151	0.0126825	0.31114	1.6728	0.00999999
1.9	0.9	0.454943	-0.602942	0.00315044	0.385447	1.45264	0.01
1.8	0.6	0.327088	-0.701352	0.0101048	0.311651	1.67521	0.00999999
1.8	0.7	0.326885	-0.701878	0.010005	0.31144	1.67549	0.00999999
1.8	0.8	0.327306	-0.700839	0.0106579	0.31137	1.67261	0.00999999
1.9	0.7	0.454535	-0.602652	0.00271109	0.385462	1.45365	0.00999999
1.9	0.6	0.454889	-0.603189	0.0045333	0.385881	1.45437	0.00999999
1.9	0.5	0.455167	-0.602905	0.0039262	0.385677	1.45275	0.00999999
1.8	0.4	0.327318	-0.700955	0.00999388	0.311515	1.6733	0.00999999
1.8	0.5	0.327481	-0.700581	0.00898843	0.311502	1.67226	0.01
1.7	0.6	0.257054	-0.661355	0.0167087	0.281623	1.8622	0.01
1.6	0.5	0.223885	-0.501583	0.024891	0.268987	1.92828	0.00999999
1.7	0.5	0.257346	-0.661455	0.0172125	0.281703	1.86088	0.01
1.6	0.4	0.223705	-0.502151	0.0243148	0.268679	1.92794	0.01
1.5	0.5	0.22208	-0.191642	0.0154371	0.271798	1.85429	0.01
1.5	0.7	0.222467	-0.191016	0.016724	0.27248	1.8556	0.01
1.6	0.6	0.223942	-0.50185	0.0254654	0.269117	1.92884	0.00999999
1.7	0.7	0.256803	-0.66169	0.0177541	0.28166	1.86427	0.00999999
1.6	0.8	0.223753	-0.499453	0.0249254	0.269009	1.92843	0.01
1.5	0.9	0.222306	-0.191028	0.0167075	0.272202	1.85506	0.00999999
1.2	0.9	0.256786	0.6617	-0.0167163	0.281401	1.86285	0.01
1.3	0.7	0.223572	0.497232	-0.0244414	0.269073	1.9292	0.00999999
1.3	0.9	0.223988	0.499006	-0.0240882	0.269392	1.92885	0.01
1.3	0.8	0.223915	0.500043	-0.0249334	0.269299	1.92936	0.01
1.1	0.8	0.326239	0.701299	-0.01095	0.311394	1.67771	0.01
1	0.8	0.454604	0.60022	-0.00530298	0.386814	1.45647	0.01
1	0.6	0.455118	0.60354	-0.00544519	0.386211	1.45504	0.01
1.1	0.7	0.326197	0.697258	-0.00967797	0.311919	1.67747	0.00999999
1.2	0.7	0.256188	0.658098	-0.0166833	0.281636	1.86569	0.00999999
1.2	0.6	0.256386	0.659539	-0.0172477	0.281741	1.86599	0.00999999
1.1	0.6	0.326869	0.699825	-0.0111178	0.312013	1.67676	0.00999999
1	0.4	0.455045	0.598247	3.6881e-05	0.386472	1.45291	0.01
1.2	0.5	0.256607	0.660731	-0.0180556	0.281617	1.86464	0.01
1.2	0.4	0.256357	0.659788	-0.018774	0.281551	1.86525	0.01
1.3	0.5	0.223556	0.498499	-0.02388	0.268864	1.92854	0.01
1.3	0.6	0.22357	0.497287	-0.0239982	0.269069	1.9292	0.00999999
1.4	0.6	0.222036	0.18496	-0.0175751	0.271887	1.85404	0.00999999
1.4	0.5	0.222016	0.187382	-0.0175057	0.271715	1.85349	0.01
1.5	0.4	0.222002	-0.191668	0.0145289	0.271573	1.85341	0.01
1.3	0.4	0.223469	0.499192	-0.0237451	0.268714	1.92857	0.01
1.3	0.2	0.223215	0.502215	-0.0229425	0.268357	1.92972	0.00999999
1.4	0.2	0.221471	0.189938	-0.0170241	0.270956	1.85334	0.01
1.3	0.3	0.223278	0.499406	-0.0234976	0.268607	1.9295	0.01
1.1	0.4	0.326842	0.698659	-0.0131354	0.312013	1.67609	0.01
1.1	0.3	0.325883	0.698016	-0.0116524	0.311505	1.6775	0.01
1	0.3	0.45516	0.598274	-0.00360864	0.38676	1.45356	0.00999999
1	0.2	0.455509	0.600147	-0.00443702	0.386374	1.45243	0.00999999
1.2	0.2	0.256208	0.660862	-0.0173812	0.281581	1.86707	0.00999999
1.1	0.1	0.326186	0.700295	-0.0103749	0.311394	1.67724	0.01
1	0.1	0.454524	0.602023	-0.00442073	0.38598	1.45502	0.00999999
1	0	0.454501	0.599121	-0.00553008	0.386854	1.45623	0.00999999
1.1	0	0.326329	0.701287	-0.0118603	0.311539	1.67799	0.00999999
1.2	0	0.256341	0.660742	-0.0170336	0.281489	1.8656	0.00999999
1.3	0	0.223429	0.501836	-0.022655	0.268507	1.92881	0.00999999
1.2	0.1	0.256194	0.660708	-0.0173275	0.281592	1.86712	0.00999999
1.3	0.1	0.22325	0.502264	-0.0229225	0.268381	1.92963	0.00999999
1.4	0.1	0.2216	0.191765	-0.0161419	0.271021	1.85305	0.00999999
1.4	0	0.221904	0.191731	-0.0152551	0.271437	1.85332	0.00999999
1.6	0.1	0.223364	-0.4992	0.0235402	0.268642	1.92894	0.01
1.6	0	0.22321	-0.498187	0.0234829	0.268641	1.92967	0.01
1.5	0	0.221883	-0.184576	0.0172981	0.271604	1.85332	0.01
1.7	0.1	0.256105	-0.660392	0.0163812	0.28134	1.86599	0.01
1.5	0.3	0.221684	-0.193023	0.015218	0.271019	1.85256	0.00999999
1.4	0.3	0.221743	0.186698	-0.0178052	0.271386	1.8534	0.00999999
1.7	0.3	0.256751	-0.66073	0.016966	0.281509	1.86307	0.01
1.6	0.2	0.223368	-0.498141	0.0231135	0.268547	1.92773	0.01
1.5	0.1	0.221675	-0.185571	0.0166086	0.27123	1.85268	0.01
1.7	0.2	0.256433	-0.659654	0.0173139	0.281478	1.86422	0.01
1.7	0.4	0.257247	-0.662015	0.0176669	0.28166	1.86164	0.00999999
1.8	0.3	0.327167	-0.699383	0.0122589	0.312043	1.6753	0.00999999
1.9	0.3	0.455219	-0.597712	0.000324182	0.386429	1.45196	0.00999999
1.8	0.2	0.326612	-0.70009	0.0108362	0.311621	1.67627	0.01
1.9	0.1	0.454063	-0.601001	0.00116049	0.38566	1.45463	0.01
1.8	0.1	0.326207	-0.699817	0.00968431	0.311633	1.6779	0.01
1.7	0	0.255958	-0.659937	0.0172211	0.281569	1.868	0.01
1.8	0	0.325684	-0.6991	0.00987828	0.311725	1.68013	0.01
1.9	0	0.453363	-0.600481	0.00358022	0.386051	1.45759	0.01
