400	0.193463
0	0	0.650883	-0.406151	-0.00893397	0.525581	1.29375	0.01
1	0.5	0.462454	0.61401	-0.00217341	0.38515	1.43777	0.01
0	1	0.651234	-0.408774	-0.00841051	0.524263	1.29113	0.01
1	1.5	0.462283	0.607551	0.00147344	0.385665	1.43595	0.00999999
1.4	0.9	0.242297	0.186057	-0.0199135	0.31453	1.96469	0.01
1.5	1.2	0.241829	-0.190624	0.0202661	0.31357	1.96336	0.01
0	1.3	0.651142	-0.410707	-0.0073515	0.524079	1.29166	0.01
1.7	1.4	0.272499	-0.674035	0.0169311	0.293075	1.84057	0.01
1.7	1.2	0.272658	-0.676399	0.0160453	0.292862	1.84004	0.01
1.9	1	0.462763	-0.612189	0.0021733	0.384615	1.43408	0.01
0	1.1	0.651405	-0.410695	-0.0072076	0.524276	1.29162	0.01
0.3	0.5	0.906373	-0.0796031	-0.000773161	0.846003	1.40326	0.01
0.6	0.5	0.906084	0.0797177	0.000870938	0.845145	1.4023	0.01
0.1	0.6	0.774005	-0.259558	-0.00353302	0.661243	1.31516	0.01
0	1.4	0.65109	-0.410114	-0.00902534	0.523852	1.291	0.01
0	1.7	0.650982	-0.409743	-0.0100307	0.524633	1.29286	0.01
0.3	1.7	0.906339	-0.0795786	-0.000834524	0.845763	1.40291	0.01
0.7	1.6	0.858937	0.153429	0.00278761	0.770946	1.35811	0.01
0.5	1.2	0.929596	0.0240933	0.000301858	0.884136	1.42694	0.01
1.4	1.1	0.241999	0.185513	-0.0180279	0.314242	1.96516	0.01
1.3	1.7	0.241633	0.505036	-0.0252054	0.295931	1.96492	0.01
1.4	1.5	0.24184	0.183552	-0.0194027	0.313805	1.96339	0.01
1.8	1.4	0.340366	-0.712126	0.00930525	0.314903	1.64139	0.01
1.9	1.3	0.463024	-0.612002	0.002046	0.384871	1.43409	0.01
1.1	0.9	0.340013	0.712902	-0.0107784	0.315105	1.64429	0.01
1.1	1.1	0.340286	0.709389	-0.00968802	0.315643	1.64303	0.01
0.8	0.3	0.773422	0.259572	0.0032715	0.660211	1.31413	0.01
0.9	0	0.649477	0.407269	0.0110423	0.52437	1.29405	0.01
1	0.7	0.46233	0.610398	-0.00263447	0.3855	1.43703	0.01
0.2	0.4	0.859022	-0.153673	-0.00257412	0.770711	1.3576	0.01
0	0.6	0.651183	-0.408796	-0.00920556	0.524743	1.29235	0.00999999
0	0.1	0.651001	-0.409345	-0.00862384	0.524901	1.29326	0.01
0.3	0.3	0.906535	-0.0791171	-0.00112018	0.845994	1.40296	0.01
0.7	0	0.859061	0.153452	0.0026437	0.77031	1.35681	0.01
0.8	0	0.773763	0.259373	0.00346543	0.660715	1.31449	0.01
0.9	0.4	0.649781	0.411243	0.00815983	0.523791	1.29375	0.01
0.8	0.4	0.773492	0.259763	0.00311163	0.660313	1.31426	0.01
0.8	0.6	0.774009	0.259106	0.00286859	0.660902	1.31438	0.01
0.8	0.8	0.774059	0.258602	0.00283551	0.661293	1.31492	0.01
0.9	0.7	0.650353	0.409575	0.00757669	0.524589	1.29384	0.01
0.4	0.8	0.929398	-0.0242579	-0.000273263	0.883817	1.42673	0.01
0.7	0.8	0.859052	0.15339	0.0020892	0.77086	1.35777	0.01
0.3	0.9	0.906256	-0.0798707	-0.0010382	0.845673	1.40292	0.00999999
0.2	0.6	0.858929	-0.153821	-0.002364	0.770793	1.35792	0.01
0.1	0.8	0.774009	-0.259726	-0.00324984	0.661174	1.31506	0.01
0	0.8	0.651222	-0.409572	-0.00875212	0.524281	1.29152	0.00999999
0	1.2	0.65103	-0.408655	-0.0103776	0.523905	1.29065	0.01
0.1	1.1	0.774444	-0.257694	-0.00422689	0.661469	1.31439	0.01
0.1	1.3	0.77443	-0.257891	-0.00430579	0.661513	1.31455	0.01
0.2	1.5	0.859047	-0.153517	-0.00238621	0.770976	1.358	0.01
0.1	1.6	0.774056	-0.259529	-0.00287949	0.661165	1.31492	0.01
0.1	1.8	0.773847	-0.259208	-0.00385553	0.661008	1.31488	0.01
0.4	1.9	0.929369	-0.0242145	-0.000145803	0.883771	1.4267	0.01
0.2	1.7	0.858971	-0.153315	-0.00234125	0.770831	1.35784	0.01
0.4	1.7	0.929401	-0.0242196	-0.000266975	0.883772	1.42665	0.01
0.4	1.6	0.929421	-0.0243155	-0.000193795	0.883846	1.42674	0.01
0.6	1.9	0.906184	0.0797379	0.00134269	0.84559	1.40288	0.01
0.8	1.9	0.773945	0.258427	0.00467731	0.661008	1.31452	0.01
0.9	1.8	0.650223	0.40736	0.0110289	0.524386	1.29274	0.01
0.7	1.7	0.859058	0.154022	0.00240755	0.770871	1.35788	0.01
0.8	1.5	0.774065	0.258545	0.00316714	0.661475	1.31525	0.01
0.4	1.4	0.929497	-0.0244015	-0.00025383	0.88398	1.42684	0.01
0.6	1.3	0.906553	0.0795727	0.00081791	0.846274	1.40343	0.01
0.8	1.1	0.774232	0.258849	0.00352001	0.661375	1.31486	0.00999999
0.9	1.1	0.651519	0.409592	0.00808961	0.524615	1.29174	0.00999999
1.3	1.1	0.242029	0.503511	-0.0257123	0.296642	1.96556	0.01
1.5	1	0.242057	-0.18932	0.0194144	0.314045	1.96421	0.00999999
1.3	1.4	0.24186	0.502669	-0.0265048	0.296377	1.9648	0.00999999
1.2	1.1	0.272292	0.674518	-0.0168175	0.293389	1.84384	0.01
1	1.9	0.462325	0.611465	-0.00333757	0.385391	1.43734	0.00999999
0.9	1.9	0.650381	0.409715	0.00898188	0.524395	1.29341	0.01
1.5	1.9	0.241912	-0.183734	0.0192356	0.313885	1.96334	0.01
1.5	1.7	0.241762	-0.186536	0.0170309	0.313466	1.96242	0.00999999
1.2	1.6	0.271841	0.674868	-0.0172838	0.293276	1.84615	0.01
1.6	1.6	0.241745	-0.5045	0.0252509	0.296079	1.96471	0.01
1.7	1.8	0.271732	-0.674622	0.0168848	0.292965	1.84491	0.01
1.8	1.9	0.33911	-0.712668	0.0105332	0.315345	1.64888	0.01
1.9	1.6	0.462958	-0.611324	0.00200472	0.385134	1.43471	0.01
1.9	1.5	0.462725	-0.613479	0.00236844	0.384838	1.4357	0.01
1.8	1.3	0.340521	-0.711836	0.00899435	0.314895	1.64051	0.01
1.6	1.4	0.242069	-0.503408	0.026472	0.296217	1.96259	0.01
1.6	1.3	0.242127	-0.506002	0.0267582	0.295901	1.96151	0.01
1.8	1.2	0.340412	-0.712252	0.00932071	0.314975	1.64161	0.01
1.9	1.1	0.463089	-0.613206	0.00255794	0.384833	1.43453	0.01
1.6	0.7	0.242143	-0.506336	0.0266467	0.29632	1.96415	0.00999999
1.7	0.8	0.272545	-0.67475	0.0173964	0.293299	1.84202	0.00999999
1.9	0.8	0.462575	-0.614328	0.00274422	0.384399	1.4352	0.00999999
1.5	0.8	0.242255	-0.186264	0.0197792	0.314417	1.96436	0.00999999
1.2	1	0.272357	0.675355	-0.0154134	0.293022	1.84198	0.01
1	0.9	0.462488	0.612138	-0.00207715	0.384925	1.4358	0.01
1.2	0.8	0.272083	0.675948	-0.0164777	0.293113	1.84453	0.01
1.4	0.7	0.242117	0.181615	-0.0197863	0.314291	1.96383	0.01
1.4	0.8	0.242217	0.185666	-0.019121	0.314364	1.96421	0.01
1.1	0.5	0.340616	0.711326	-0.0114812	0.316157	1.64535	0.00999999
1.1	0.2	0.339727	0.712098	-0.0107121	0.315308	1.64578	0.01
1.2	0.3	0.271314	0.673007	-0.0173242	0.293117	1.84716	0.00999999
1.4	0.4	0.241604	0.183986	-0.0177551	0.313316	1.9623	0.00999999
1.5	0.2	0.241549	-0.185526	0.0193788	0.313137	1.96196	0.00999999
1.5	0.6	0.242021	-0.188745	0.0179101	0.31392	1.96359	0.00999999
1.9	0.4	0.463253	-0.613209	0.003708	0.385025	1.43472	0.00999999
1.6	0.3	0.241688	-0.505216	0.024132	0.295784	1.96366	0.01
1.9	0.2	0.461801	-0.614476	0.00425527	0.385116	1.43972	0.00999999
0.2	0	0.858797	-0.153692	-0.00258291	0.770453	1.35751	0.00999999
0.1	0	0.774069	-0.258646	-0.00359621	0.661291	1.31491	0.01
0.1	0.1	0.774001	-0.258797	-0.00378802	0.661261	1.31501	0.01
0	0.3	0.651046	-0.409727	-0.00787281	0.524872	1.29327	0.00999999
0	0.4	0.651547	-0.40924	-0.00901554	0.524633	1.2916	0.01
0.1	0.3	0.774121	-0.259296	-0.00325143	0.661267	1.31495	0.00999999
0	0.2	0.650196	-0.405324	-0.0101561	0.52547	1.29445	0.00999999
0.1	0.2	0.774061	-0.258455	-0.00305948	0.661375	1.31504	0.00999999
0.3	0.2	0.906401	-0.0792382	-0.00123431	0.845784	1.40283	0.01
0.2	0.3	0.859006	-0.153545	-0.00240571	0.770655	1.35751	0.01
0.4	0.3	0.929355	-0.0243558	-0.00028851	0.883831	1.42682	0.01
0.2	0.2	0.858927	-0.153185	-0.00241565	0.770642	1.35756	0.01
0.3	0.1	0.906213	-0.0796962	-0.00117344	0.845479	1.40265	0.01
0.2	0.1	0.85865	-0.153586	-0.0025558	0.770526	1.35785	0.01
0.3	0	0.906189	-0.0797539	-0.000992358	0.845452	1.40264	0.01
0.4	0.1	0.92924	-0.0243002	-0.000378326	0.88357	1.42657	0.01
0.4	0	0.929221	-0.0243157	-0.000253389	0.883488	1.42647	0.01
0.6	0	0.906293	0.079282	0.00115355	0.845476	1.40249	0.01
0.5	0	0.929224	0.0242629	0.000358992	0.883478	1.42645	0.01
0.4	0.2	0.929293	-0.0244645	-0.000338977	0.88374	1.42677	0.01
0.5	0.1	0.929133	0.0245207	0.000369885	0.883383	1.42644	0.01
0.8	0.1	0.773529	0.259533	0.0037513	0.660344	1.3142	0.01
0.9	0.1	0.650259	0.411133	0.0104413	0.523602	1.2924	0.01
0.9	0.2	0.650871	0.410664	0.00927731	0.523577	1.291	0.01
0.7	0.1	0.858622	0.153702	0.0028246	0.769964	1.35693	0.01
0.6	0.1	0.906045	0.0797006	0.00121985	0.845235	1.4025	0.00999999
0.7	0.2	0.85864	0.154062	0.00257306	0.76991	1.35687	0.01
0.8	0.2	0.773588	0.259647	0.00325488	0.660288	1.31402	0.01
0.9	0.3	0.650043	0.410429	0.00894647	0.523485	1.29223	0.01
0.7	0.3	0.858552	0.154146	0.0025603	0.769753	1.35674	0.01
0.7	0.4	0.858552	0.154181	0.00238491	0.769768	1.35677	0.01
0.6	0.3	0.906035	0.0797965	0.000989041	0.845212	1.40249	0.01
0.6	0.2	0.906043	0.0799248	0.00101257	0.845204	1.40247	0.01
0.5	0.2	0.929122	0.0244942	0.000300538	0.883319	1.42635	0.01
0.5	0.3	0.929161	0.0244481	0.000260373	0.883378	1.42639	0.01
0.4	0.4	0.92934	-0.0243882	-0.00018617	0.883814	1.42682	0.01
0.6	0.6	0.906133	0.0796827	0.000791135	0.845362	1.40258	0.01
0.5	0.5	0.929162	0.0243821	0.000245356	0.883378	1.42639	0.01
0.5	0.6	0.929271	0.0242632	0.000225424	0.883572	1.42653	0.01
0.6	0.4	0.90607	0.0795936	0.00111299	0.845133	1.40229	0.01
0.7	0.5	0.858816	0.153844	0.00221565	0.769951	1.35663	0.01
0.9	0.5	0.650074	0.408461	0.00872063	0.524493	1.29369	0.01
0.9	0.6	0.650491	0.408528	0.00875823	0.524617	1.29323	0.01
0.8	0.5	0.77379	0.259177	0.00276514	0.660636	1.31424	0.01
0.7	0.6	0.858914	0.153686	0.00214812	0.770232	1.35694	0.01
0.7	0.7	0.858974	0.153654	0.00207694	0.770523	1.35735	0.01
0.8	0.7	0.774067	0.25894	0.00301825	0.66114	1.3147	0.01
0.9	0.8	0.649876	0.40649	0.00952849	0.524968	1.29436	0.01
0.9	0.9	0.650945	0.410207	0.00885803	0.524529	1.29287	0.01
0.8	0.9	0.774163	0.259065	0.00307243	0.661415	1.3151	0.01
0.6	0.8	0.906384	0.0795516	0.000876777	0.845866	1.40301	0.01
0.6	0.7	0.906218	0.0797408	0.000768664	0.845632	1.4029	0.01
0.5	0.7	0.929343	0.0243443	0.000203115	0.883711	1.42664	0.01
0.5	0.8	0.929411	0.0243888	0.000190303	0.883844	1.42676	0.01
0.5	0.9	0.929458	0.0243376	0.000235523	0.883947	1.42685	0.01
0.4	0.7	0.929405	-0.0243598	-0.000262704	0.883881	1.42682	0.01
0.3	0.7	0.906268	-0.0798753	-0.000966827	0.845717	1.40297	0.01
0.4	0.9	0.929401	-0.0243992	-0.000313285	0.883817	1.42673	0.01
0.3	0.8	0.906283	-0.0797428	-0.000979959	0.845729	1.40295	0.01
0.4	0.6	0.92932	-0.0243256	-0.000300453	0.883705	1.42667	0.01
0.5	0.4	0.92913	0.0245398	0.000223909	0.883373	1.42643	0.01
0.3	0.4	0.906507	-0.0792473	-0.00103967	0.84608	1.40315	0.01
0.4	0.5	0.92929	-0.0243261	-0.000241005	0.883652	1.42663	0.01
0.3	0.6	0.906311	-0.0798048	-0.000837519	0.845762	1.40297	0.00999999
0.2	0.5	0.85901	-0.153546	-0.00263416	0.770785	1.35773	0.01
0.1	0.5	0.774015	-0.259589	-0.00351683	0.6612	1.31507	0.01
0.1	0.4	0.774068	-0.259545	-0.00334495	0.661216	1.315	0.01
0	0.5	0.651142	-0.409714	-0.00934027	0.524431	1.29208	0.01
0.1	0.7	0.774001	-0.259647	-0.00343519	0.661195	1.3151	0.01
0	0.7	0.651237	-0.409655	-0.00879853	0.524338	1.29166	0.00999999
0.2	0.7	0.858831	-0.154056	-0.00226868	0.770689	1.35792	0.01
0.2	0.8	0.85881	-0.154204	-0.00220439	0.77059	1.35781	0.01
0.2	0.9	0.858837	-0.154276	-0.00243934	0.770415	1.35747	0.01
0.1	0.9	0.77406	-0.259511	-0.00340138	0.661153	1.31488	0.01
0.1	1.2	0.774	-0.260325	-0.00330376	0.661132	1.31515	0.01
0	0.9	0.651216	-0.409523	-0.00863566	0.524198	1.29132	0.00999999
0.1	1	0.774058	-0.259486	-0.00350639	0.661061	1.3147	0.01
0.2	1.1	0.858995	-0.153958	-0.00217889	0.770676	1.35763	0.01
0.2	1	0.859049	-0.153749	-0.00294117	0.770463	1.35714	0.01
0.4	1	0.929442	-0.0247071	-0.000339155	0.883927	1.42685	0.00999999
0.4	1.1	0.929542	-0.0245219	-0.000323919	0.884092	1.42696	0.00999999
0.3	1	0.906228	-0.0800537	-0.00105933	0.84573	1.40307	0.01
0.3	1.1	0.906394	-0.0797304	-0.00103802	0.845904	1.40307	0.00999999
0.3	1.2	0.906391	-0.0798996	-0.00105482	0.84592	1.40312	0.00999999
0.3	1.4	0.906381	-0.079842	-0.00096703	0.845976	1.40322	0.00999999
0.4	1.3	0.929549	-0.0244794	-0.000212682	0.884114	1.42698	0.00999999
0.4	1.2	0.929595	-0.0244418	-0.000314153	0.884183	1.42702	0.00999999
0.2	1.4	0.858934	-0.153795	-0.00258951	0.770848	1.358	0.01
0.3	1.3	0.906441	-0.0797702	-0.00105136	0.846012	1.40318	0.00999999
0.2	1.2	0.858823	-0.154401	-0.00269306	0.77058	1.3578	0.00999999
0.2	1.3	0.858868	-0.154066	-0.00254959	0.77075	1.35798	0.00999999
0.1	1.4	0.774317	-0.258327	-0.0035452	0.661495	1.31482	0.00999999
0	1.6	0.650883	-0.409303	-0.0106826	0.524186	1.29184	0.01
0.1	1.5	0.774324	-0.258677	-0.00299134	0.661533	1.31496	0.01
0	1.5	0.65095	-0.410531	-0.00977691	0.523862	1.29146	0.00999999
0.2	1.6	0.858958	-0.153538	-0.00230658	0.770858	1.35794	0.01
0	1.8	0.651217	-0.409501	-0.0103055	0.524574	1.29219	0.01
0	1.9	0.650753	-0.406021	-0.0110133	0.525346	1.29342	0.01
0.1	1.9	0.774098	-0.259736	-0.00245811	0.661349	1.31526	0.01
0.2	1.9	0.859177	-0.153189	-0.00249425	0.770749	1.35735	0.00999999
0.1	1.7	0.773985	-0.259737	-0.00299922	0.661098	1.31496	0.01
0.3	1.8	0.906223	-0.0798968	-0.00102966	0.845579	1.40281	0.01
0.3	1.9	0.906346	-0.0794016	-0.000960501	0.845705	1.40279	0.01
0.5	1.9	0.929306	0.0243895	0.000459161	0.883666	1.42663	0.01
0.4	1.8	0.929415	-0.0243172	-0.000292522	0.883843	1.42675	0.01
0.5	1.8	0.929482	0.0240852	0.000412407	0.883948	1.42681	0.01
0.5	1.7	0.929499	0.024224	0.000306059	0.883972	1.42682	0.01
0.2	1.8	0.858676	-0.15412	-0.00222951	0.770542	1.35792	0.01
0.3	1.6	0.90632	-0.0796139	-0.000987247	0.845879	1.40314	0.01
0.3	1.5	0.906323	-0.0798418	-0.000900689	0.84587	1.40314	0.00999999
0.4	1.5	0.929556	-0.0240443	-0.000301802	0.884032	1.42683	0.01
0.6	1.5	0.906647	0.0792412	0.0010849	0.846438	1.40353	0.01
0.7	1.4	0.85954	0.152702	0.0027709	0.771301	1.35768	0.01
0.6	1.4	0.906616	0.0793235	0.000833008	0.846376	1.40348	0.00999999
0.5	1.4	0.929626	0.0242176	0.000202004	0.884216	1.42702	0.01
0.5	1.5	0.929629	0.0242571	0.000315194	0.884224	1.42703	0.01
0.5	1.6	0.929495	0.0244686	0.000298261	0.884012	1.4269	0.01
0.6	1.8	0.906328	0.079275	0.00114419	0.845962	1.40324	0.01
0.6	1.7	0.906553	0.0792201	0.00116841	0.846168	1.40322	0.01
0.6	1.6	0.906516	0.0795084	0.00107108	0.846247	1.40343	0.01
0.7	1.8	0.859131	0.15287	0.00291977	0.770747	1.35737	0.01
0.7	1.9	0.858862	0.154036	0.00293025	0.770315	1.35722	0.01
0.8	1.8	0.774073	0.257756	0.00379448	0.661361	1.31481	0.01
0.8	1.7	0.774313	0.258675	0.00376715	0.66165	1.31521	0.01
0.9	1.7	0.650782	0.409439	0.00980806	0.524757	1.29339	0.00999999
0.9	1.6	0.650545	0.406201	0.0110447	0.524973	1.29302	0.00999999
0.8	1.6	0.774298	0.258213	0.00299521	0.66185	1.3155	0.01
0.7	1.5	0.858952	0.15348	0.00239378	0.771022	1.35823	0.01
0.9	1.5	0.650441	0.40885	0.00909546	0.524857	1.29401	0.00999999
0.9	1.4	0.65047	0.40833	0.00935484	0.5251	1.29431	0.00999999
0.8	1.4	0.774105	0.26025	0.00235882	0.661404	1.31549	0.00999999
0.9	1.2	0.651213	0.40483	0.0113784	0.52498	1.29124	0.01
0.9	1.3	0.651068	0.410882	0.00745313	0.524872	1.29369	0.00999999
0.8	1.3	0.774454	0.257698	0.00473458	0.661614	1.31466	0.01
0.7	1.3	0.859213	0.153542	0.0021751	0.771134	1.35802	0.01
0.5	1.3	0.929554	0.0244011	0.000188824	0.884109	1.42696	0.01
0.6	1.2	0.906487	0.0795718	0.000842562	0.846022	1.40311	0.01
0.7	1.2	0.859044	0.15336	0.00234879	0.771036	1.35809	0.01
0.8	1.2	0.77417	0.259167	0.00289661	0.661498	1.31528	0.01
0.6	1.1	0.906453	0.0793765	0.0010623	0.845862	1.40289	0.00999999
0.5	1.1	0.929582	0.024173	0.00025935	0.884153	1.42699	0.00999999
0.5	1	0.929529	0.0241886	0.000165619	0.884073	1.42694	0.00999999
0.6	1	0.906555	0.079315	0.00108544	0.846045	1.40303	0.01
0.6	0.9	0.90634	0.0798476	0.00087052	0.845943	1.40323	0.01
0.7	1	0.858818	0.154052	0.00225084	0.770699	1.35796	0.00999999
0.7	1.1	0.858916	0.153477	0.00228991	0.770815	1.35792	0.00999999
0.8	1	0.77405	0.25919	0.00341891	0.661228	1.31496	0.00999999
0.9	1	0.651569	0.408817	0.00953129	0.524603	1.29132	0.00999999
0.7	0.9	0.858978	0.153186	0.00284107	0.770852	1.35785	0.01
1	1	0.462487	0.615024	-0.00264025	0.384401	1.43587	0.00999999
1	1.1	0.462327	0.611174	5.20312e-05	0.384423	1.43401	0.00999999
1	1.2	0.462942	0.61345	-0.00632417	0.385493	1.43724	0.01
1.1	1	0.339947	0.71156	-0.00935938	0.315199	1.644	0.01
1.2	1.2	0.272303	0.675798	-0.0170722	0.293619	1.84592	0.01
1.3	1	0.242317	0.505082	-0.0257983	0.296561	1.96367	0.01
1.3	1.2	0.242078	0.50273	-0.0264754	0.296885	1.96632	0.01
1.3	1.3	0.241993	0.503597	-0.0259379	0.296476	1.96486	0.00999999
1.1	1.2	0.340046	0.713793	-0.0119666	0.315423	1.64621	0.01
1.3	1.5	0.241593	0.501015	-0.0250274	0.296132	1.96444	0.01
1.4	1.4	0.241615	0.183105	-0.0162886	0.313544	1.96345	0.01
1.4	1.3	0.241913	0.182509	-0.0174168	0.314106	1.96445	0.00999999
1.2	1.4	0.271987	0.672992	-0.0178661	0.293274	1.84402	0.00999999
1.2	1.3	0.272058	0.673291	-0.0160761	0.293359	1.84424	0.00999999
1.1	1.3	0.339547	0.711084	-0.0118252	0.315254	1.64557	0.00999999
1	1.3	0.462994	0.61028	-0.00440661	0.385975	1.43671	0.00999999
1.1	1.4	0.33945	0.709217	-0.0103448	0.315261	1.64466	0.00999999
1	1.4	0.462398	0.610388	-0.00281988	0.385731	1.43759	0.00999999
1.1	1.5	0.340228	0.70865	-0.0112885	0.315862	1.64373	0.00999999
1.1	1.6	0.340214	0.709899	-0.0089581	0.315962	1.64509	0.00999999
1	1.6	0.462114	0.614487	-0.00308843	0.385103	1.43883	0.01
1	1.7	0.462776	0.608743	-0.000467134	0.385654	1.43531	0.00999999
1	1.8	0.461796	0.614742	-0.00299794	0.384853	1.43903	0.01
1.1	1.9	0.340008	0.708908	-0.00885476	0.315824	1.64462	0.01
1.1	1.8	0.339899	0.712437	-0.0100858	0.315816	1.64755	0.01
1.1	1.7	0.340057	0.708657	-0.0107163	0.316161	1.64575	0.01
1.2	1.8	0.271741	0.676163	-0.0164473	0.293279	1.84762	0.01
1.2	1.9	0.27175	0.673619	-0.0167444	0.29329	1.84591	0.01
1.3	1.9	0.241501	0.504643	-0.0241039	0.295766	1.96467	0.00999999
1.3	1.8	0.241601	0.506462	-0.0246236	0.295984	1.96619	0.01
1.4	1.8	0.241866	0.185363	-0.0166805	0.313856	1.96378	0.00999999
1.4	1.7	0.241983	0.184061	-0.0179942	0.314081	1.96403	0.00999999
1.2	1.7	0.271595	0.673643	-0.0167335	0.293184	1.84628	0.01
1.2	1.5	0.272104	0.673029	-0.017932	0.293178	1.84282	0.00999999
1.3	1.6	0.241596	0.505009	-0.0249906	0.295904	1.96501	0.01
1.4	1.6	0.242146	0.184287	-0.0193985	0.314242	1.96378	0.00999999
1.5	1.5	0.241787	-0.188794	0.0191919	0.313495	1.96287	0.01
1.6	1.5	0.241825	-0.504023	0.0257385	0.296074	1.96385	0.01
1.6	1.7	0.24176	-0.504617	0.0251455	0.295992	1.96412	0.01
1.5	1.6	0.241852	-0.188315	0.0190401	0.313621	1.96303	0.00999999
1.5	1.8	0.242027	-0.185574	0.0183556	0.313887	1.96275	0.00999999
1.4	1.9	0.241941	0.186124	-0.0169594	0.313724	1.96251	0.00999999
1.6	1.9	0.241429	-0.505462	0.0248678	0.295879	1.96635	0.00999999
1.7	1.9	0.271444	-0.675605	0.016654	0.293254	1.84888	0.01
1.6	1.8	0.241769	-0.505314	0.0252913	0.295966	1.96425	0.01
1.8	1.7	0.339743	-0.711442	0.00969101	0.315099	1.64431	0.01
1.8	1.8	0.339957	-0.711377	0.0119116	0.315251	1.64409	0.01
1.9	1.9	0.461546	-0.613805	0.00589369	0.384825	1.43906	0.01
1.9	1.8	0.462662	-0.61167	0.00348576	0.384891	1.43494	0.01
1.9	1.7	0.46253	-0.614119	0.0029368	0.384676	1.43609	0.01
1.7	1.6	0.271826	-0.676252	0.0171901	0.292743	1.84423	0.00999999
1.7	1.7	0.27179	-0.675497	0.0170771	0.292792	1.8442	0.01
1.7	1.5	0.271912	-0.673616	0.0167484	0.292961	1.84314	0.01
1.8	1.6	0.339864	-0.712727	0.0115353	0.315132	1.6449	0.01
1.8	1.5	0.339882	-0.711	0.009392	0.315048	1.6432	0.01
1.9	1.2	0.463081	-0.611978	0.00240591	0.384966	1.43423	0.01
1.9	1.4	0.46336	-0.612258	0.00261798	0.385144	1.43423	0.01
1.7	1.3	0.272733	-0.674928	0.0162179	0.292938	1.83902	0.01
1.7	1.1	0.272649	-0.677058	0.0160424	0.292989	1.84123	0.00999999
1.5	1.4	0.241809	-0.187968	0.0198471	0.313489	1.96251	0.01
1.5	1.3	0.24178	-0.18866	0.0188931	0.313403	1.96232	0.01
1.4	1.2	0.242026	0.1828	-0.0190721	0.314371	1.96526	0.00999999
1.6	1.2	0.242182	-0.505882	0.026287	0.296165	1.96266	0.01
1.6	1.1	0.242281	-0.506643	0.0261248	0.296353	1.96345	0.01
1.5	1.1	0.241943	-0.189977	0.0204213	0.313903	1.96439	0.01
1.4	1	0.242233	0.185415	-0.0177212	0.314426	1.96439	0.01
1.6	1	0.242364	-0.506179	0.0265807	0.296432	1.96309	0.00999999
1.6	0.9	0.242184	-0.504746	0.0264705	0.296342	1.96318	0.00999999
1.7	0.9	0.272768	-0.675735	0.0175811	0.293024	1.83985	0.00999999
1.8	0.9	0.340674	-0.711725	0.0104424	0.315179	1.64107	0.00999999
1.7	1	0.272772	-0.676122	0.0169801	0.293011	1.84001	0.00999999
1.8	1.1	0.340201	-0.713028	0.0100347	0.315033	1.64328	0.00999999
1.8	1	0.340505	-0.712287	0.011548	0.315047	1.6416	0.00999999
1.9	0.9	0.462552	-0.614263	0.0025259	0.384363	1.43511	0.01
1.8	0.6	0.340513	-0.712296	0.00916695	0.315604	1.644	0.00999999
1.8	0.7	0.340314	-0.712563	0.0090663	0.315411	1.64415	0.00999999
1.8	0.8	0.340689	-0.711607	0.00952002	0.315277	1.64135	0.00999999
1.9	0.7	0.462111	-0.613889	0.00175092	0.384265	1.43575	0.00999999
1.9	0.6	0.462532	-0.614776	0.0044321	0.384828	1.43699	0.00999999
1.9	0.5	0.462755	-0.614163	0.00348259	0.384597	1.43526	0.00999999
1.8	0.4	0.340708	-0.711745	0.00888132	0.31543	1.64204	0.00999999
1.8	0.5	0.34088	-0.711432	0.00802855	0.315415	1.64104	0.01
1.7	0.6	0.272572	-0.676118	0.0156113	0.29307	1.8415	0.01
1.6	0.5	0.242168	-0.506208	0.0259385	0.296136	1.96274	0.00999999
1.7	0.5	0.272888	-0.676029	0.0159497	0.293132	1.83991	0.01
1.6	0.4	0.241983	-0.506998	0.0255242	0.295832	1.96265	0.01
1.5	0.5	0.241854	-0.188566	0.0170864	0.31361	1.96296	0.01
1.5	0.7	0.242195	-0.188007	0.0183041	0.31424	1.96405	0.01
1.6	0.6	0.24223	-0.506261	0.0263746	0.296276	1.96317	0.00999999
1.7	0.7	0.272269	-0.676281	0.0166436	0.293153	1.84387	0.00999999
1.6	0.8	0.241947	-0.504204	0.0261173	0.296221	1.96393	0.01
1.5	0.9	0.242037	-0.187912	0.0186514	0.314016	1.96391	0.00999999
1.2	0.9	0.27235	0.676339	-0.0158968	0.292943	1.84226	0.01
1.3	0.7	0.241772	0.501402	-0.0254082	0.296433	1.96515	0.00999999
1.3	0.9	0.242355	0.502983	-0.0251419	0.296856	1.96413	0.01
1.3	0.8	0.24225	0.504315	-0.0259782	0.296692	1.96461	0.01
1.1	0.8	0.339535	0.712159	-0.00972317	0.315315	1.64663	0.01
1	0.8	0.462096	0.611579	-0.0048075	0.38569	1.43901	0.01
1	0.6	0.462657	0.61477	-0.00460842	0.385135	1.43765	0.01
1.1	0.7	0.33961	0.708264	-0.00859097	0.3159	1.64613	0.00999999
1.2	0.7	0.271575	0.672806	-0.0156398	0.293142	1.84558	0.00999999
1.2	0.6	0.271829	0.674171	-0.0164093	0.293314	1.84595	0.00999999
1.1	0.6	0.340321	0.710824	-0.0101945	0.316007	1.64552	0.00999999
1	0.4	0.462621	0.609631	0.000640199	0.385456	1.43563	0.01
1.2	0.5	0.272065	0.675688	-0.0174311	0.293104	1.84443	0.01
1.2	0.4	0.271773	0.674647	-0.0179481	0.292989	1.84483	0.01
1.3	0.5	0.241774	0.503189	-0.0250572	0.296211	1.96465	0.01
1.3	0.6	0.241761	0.501868	-0.0252194	0.296467	1.96568	0.00999999
1.4	0.6	0.241785	0.182337	-0.0195685	0.313832	1.96378	0.00999999
1.4	0.5	0.241759	0.184734	-0.0194239	0.313612	1.96306	0.01
1.5	0.4	0.241747	-0.188569	0.0158293	0.313335	1.9621	0.01
1.3	0.4	0.241676	0.503849	-0.0250721	0.295985	1.96432	0.01
1.3	0.2	0.241337	0.507124	-0.0243411	0.295496	1.9655	0.00999999
1.4	0.2	0.241248	0.187523	-0.0191052	0.312877	1.96313	0.01
1.3	0.3	0.241416	0.503817	-0.0250218	0.295876	1.96561	0.01
1.1	0.4	0.340206	0.709472	-0.0117768	0.315944	1.64477	0.01
1.1	0.3	0.339277	0.708992	-0.010529	0.315444	1.64602	0.01
1	0.3	0.462799	0.609777	-0.00302679	0.385738	1.43615	0.00999999
1	0.2	0.463171	0.611391	-0.00378565	0.38537	1.43494	0.00999999
1.2	0.2	0.271586	0.675636	-0.0166941	0.293029	1.84682	0.00999999
1.1	0.1	0.33957	0.711245	-0.00939668	0.3153	1.64577	0.01
1	0.1	0.462233	0.613369	-0.00382495	0.38495	1.43733	0.00999999
1	0	0.462024	0.610476	-0.00485983	0.38574	1.43869	0.00999999
1.1	0	0.339602	0.71219	-0.0108015	0.315425	1.64688	0.00999999
1.2	0	0.271683	0.675767	-0.0161826	0.292874	1.84546	0.00999999
1.3	0	0.241551	0.506891	-0.0235195	0.295518	1.96387	0.00999999
1.2	0.1	0.271549	0.675416	-0.0165448	0.29303	1.84689	0.00999999
1.3	0.1	0.241335	0.507358	-0.0240465	0.295446	1.96532	0.00999999
1.4	0.1	0.241351	0.189337	-0.0179786	0.312863	1.96254	0.00999999
1.4	0	0.241634	0.188809	-0.0165922	0.313195	1.96219	0.00999999
1.6	0.1	0.241539	-0.503794	0.0247382	0.295898	1.96479	0.01
1.6	0	0.241299	-0.502899	0.0244923	0.295894	1.96613	0.01
1.5	0	0.241629	-0.18173	0.0189878	0.313531	1.96305	0.01
1.7	0.1	0.271491	-0.675113	0.0155494	0.292807	1.84578	0.01
1.5	0.3	0.241435	-0.190245	0.0170723	0.312836	1.96185	0.00999999
1.4	0.3	0.241501	0.183888	-0.0198815	0.313304	1.96308	0.00999999
1.7	0.3	0.272177	-0.675547	0.0161418	0.292914	1.8426	0.01
1.6	0.2	0.24155	-0.502796	0.0244052	0.295826	1.96375	0.01
1.5	0.1	0.241472	-0.182666	0.0184636	0.313209	1.96248	0.01
1.7	0.2	0.271836	-0.674553	0.0164137	0.292943	1.84411	0.01
1.7	0.4	0.272759	-0.676801	0.0165204	0.29306	1.84081	0.00999999
1.8	0.3	0.340513	-0.710127	0.0109925	0.315951	1.644	0.00999999
1.9	0.3	0.462747	-0.60917	-0.000198098	0.38532	1.43457	0.00999999
1.8	0.2	0.339928	-0.711099	0.00973642	0.315559	1.64534	0.01
1.9	0.1	0.461701	-0.612572	0.000675937	0.384545	1.43695	0.01
1.8	0.1	0.339614	-0.710637	0.0086297	0.315583	1.6464	0.01
1.7	0	0.271307	-0.674732	0.0163521	0.293048	1.84796	0.01
1.8	0	0.33904	-0.71006	0.00880114	0.315647	1.64863	0.01
1.9	0	0.460986	-0.61207	0.00295664	0.384886	1.4397	0.01
