400	0.0182584
0	0	0.895415	-0.0989266	0.0071921	0.83044	1.39607	0.01
1	0.5	0.249515	0.364962	-0.0170992	0.284298	1.77585	0.01
0	1	0.900821	-0.112397	0.0031478	0.838859	1.40314	0.01
1	1.5	0.249199	0.318458	-0.0950455	0.291595	1.81042	0.00999999
1.4	0.9	0.125	-3.06594e-10	9.99914e-10	0.1	1.2	0.01
1.5	1.2	0.125	2.30633e-09	9.9992e-10	0.1	1.2	0.01
0	1.3	0.865341	-0.0819056	-0.00218909	0.782619	1.35996	0.01
1.7	1.4	0.128079	-0.000396361	-0.00182841	0.102679	1.20253	0.01
1.7	1.2	0.126479	-0.0102612	-0.000442098	0.100431	1.19113	0.01
1.9	1	0.186981	-0.355003	0.120098	0.1881	1.5792	0.01
0	1.1	0.914901	-0.122338	0.00396127	0.859998	1.41748	0.01
0.3	0.5	0.999971	5.55665e-06	-3.01323e-09	0.999952	1.49997	0.01
0.6	0.5	0.999971	-5.55688e-06	5.14125e-09	0.999952	1.49997	0.01
0.1	0.6	0.983487	-0.00942897	-0.000867919	0.971018	1.48103	0.01
0	1.4	0.996095	-0.124157	0.0155834	0.991115	1.50033	0.01
0	1.7	1.23359	-0.0735203	0.155079	1.37588	1.68774	0.01
0.3	1.7	0.999971	5.55786e-06	-4.37173e-09	0.999952	1.49997	0.01
0.7	1.6	0.998796	0.000206344	-6.56463e-06	0.997999	1.4988	0.01
0.5	1.2	1	8.39521e-10	1e-09	1	1.5	0.01
1.4	1.1	0.125	-3.06392e-10	1.00026e-09	0.1	1.2	0.01
1.3	1.7	0.125035	-6.00327e-05	-2.65387e-07	0.100044	1.20019	0.01
1.4	1.5	0.125	-3.06801e-10	1e-09	0.1	1.2	0.01
1.8	1.4	0.143491	-0.0955639	0.00488184	0.128962	1.3527	0.01
1.9	1.3	0.25352	-0.333837	0.025142	0.292189	1.78483	0.01
1.1	0.9	0.139901	0.119998	-0.0296519	0.12294	1.32578	0.01
1.1	1.1	0.132064	0.22218	-0.00921983	0.111832	1.29494	0.01
0.8	0.3	0.979434	0.0075034	0.0022796	0.964164	1.47664	0.01
0.9	0	0.872508	0.0654872	0.0031944	0.796481	1.37145	0.01
1	0.7	0.235386	0.225927	-0.0260541	0.271539	1.75625	0.01
0.2	0.4	0.998812	-0.000217919	4.04327e-06	0.998026	1.49882	0.01
0	0.6	0.887883	-0.0942029	0.00328441	0.819509	1.38893	0.00999999
0	0.1	0.888152	-0.0980951	0.0117918	0.819333	1.38865	0.01
0.3	0.3	0.999971	5.5571e-06	-3.15734e-09	0.999952	1.49997	0.01
0.7	0	0.99881	0.000217505	-4.35528e-06	0.998023	1.49882	0.01
0.8	0	0.980992	0.00813179	0.00114103	0.966804	1.47834	0.01
0.9	0.4	0.907506	0.116954	-0.00823114	0.848277	1.40897	0.01
0.8	0.4	0.979143	0.00663077	0.000502946	0.963662	1.4763	0.01
0.8	0.6	0.9834	0.00854262	0.00021193	0.970793	1.48081	0.01
0.8	0.8	0.983403	0.00865447	-0.000125082	0.970831	1.48086	0.01
0.9	0.7	0.879832	0.0864996	-0.00151189	0.807334	1.38014	0.01
0.4	0.8	1	1.16048e-09	1e-09	1	1.5	0.01
0.7	0.8	0.998808	0.000215743	-4.35795e-06	0.99802	1.49882	0.01
0.3	0.9	0.999971	5.55609e-06	-2.93035e-09	0.999952	1.49997	0.00999999
0.2	0.6	0.998812	-0.000217907	4.0516e-06	0.998026	1.49882	0.01
0.1	0.8	0.984079	-0.00988125	-0.00130283	0.972024	1.48167	0.01
0	0.8	0.890538	-0.0982116	0.00216427	0.823041	1.39113	0.00999999
0	1.2	0.888372	-0.101658	0.012879	0.820282	1.39028	0.01
0.1	1.1	0.984481	-0.00967245	-0.00187166	0.972631	1.48199	0.01
0.1	1.3	0.981589	-0.00830264	-0.00152587	0.967778	1.47893	0.01
0.2	1.5	0.99881	-0.000216038	5.16355e-06	0.998023	1.49882	0.01
0.1	1.6	0.978022	-0.00355164	0.000920015	0.961577	1.47478	0.01
0.1	1.8	0.983895	-0.00888034	1.21706e-05	0.971687	1.48143	0.01
0.4	1.9	1	1.16048e-09	1e-09	1	1.5	0.01
0.2	1.7	0.998803	-0.000212459	4.69091e-06	0.998011	1.49881	0.01
0.4	1.7	1	1.16048e-09	1e-09	1	1.5	0.01
0.4	1.6	1	1.16048e-09	1e-09	1	1.5	0.01
0.6	1.9	0.999971	-5.55602e-06	6.27937e-09	0.999952	1.49997	0.01
0.8	1.9	0.984762	0.0121912	0.00517706	0.973113	1.48234	0.01
0.9	1.8	0.884681	0.187196	-0.130189	0.805957	1.39252	0.01
0.7	1.7	0.9988	0.00021181	-2.50924e-06	0.998007	1.49881	0.01
0.8	1.5	0.98044	0.00673569	1.38263e-05	0.965868	1.47773	0.01
0.4	1.4	1	1.16048e-09	1e-09	1	1.5	0.01
0.6	1.3	0.999971	-5.5565e-06	5.73421e-09	0.999952	1.49997	0.01
0.8	1.1	0.980093	0.00698666	0.00132457	0.965285	1.47736	0.00999999
0.9	1.1	0.905163	0.100763	0.0272907	0.843046	1.40251	0.00999999
1.3	1.1	0.125035	-6.00206e-05	-2.73909e-07	0.100044	1.20019	0.01
1.5	1	0.125	2.30683e-09	1.00079e-09	0.1	1.2	0.00999999
1.3	1.4	0.125035	-6.00325e-05	-2.86725e-07	0.100044	1.20019	0.00999999
1.2	1.1	0.126998	0.00643392	0.000722123	0.101074	1.19383	0.01
1	1.9	0.241411	0.402334	0.024804	0.268069	1.74688	0.00999999
0.9	1.9	1.02999	0.122313	-0.0620428	1.04343	1.52897	0.01
1.5	1.9	0.125	2.3066e-09	1.00014e-09	0.1	1.2	0.01
1.5	1.7	0.125	2.3066e-09	1.00005e-09	0.1	1.2	0.00999999
1.2	1.6	0.127759	9.78201e-05	0.000441224	0.102325	1.20138	0.01
1.6	1.6	0.125035	6.00382e-05	2.65814e-07	0.100044	1.20019	0.01
1.7	1.8	0.12808	-0.000409755	-0.00184907	0.102677	1.2025	0.01
1.8	1.9	0.15614	-0.0739318	0.00428176	0.149094	1.43505	0.01
1.9	1.6	0.20396	-0.333961	0.15047	0.216962	1.6627	0.01
1.9	1.5	0.100339	-1.46887	0.866404	0.0001	0.782321	0.01
1.8	1.3	0.132833	-0.187162	0.0147619	0.112453	1.28749	0.01
1.6	1.4	0.125035	6.00687e-05	2.72962e-07	0.100044	1.20019	0.01
1.6	1.3	0.125035	6.00611e-05	2.77496e-07	0.100044	1.20019	0.01
1.8	1.2	0.118681	-0.390776	0.0455587	0.0872147	1.17969	0.01
1.9	1.1	0.18812	-0.349821	0.118162	0.1901	1.58396	0.01
1.6	0.7	0.125035	6.00585e-05	2.78018e-07	0.100044	1.20019	0.00999999
1.7	0.8	0.124506	-0.00503921	0.0279414	0.0973252	1.17294	0.00999999
1.9	0.8	0.237957	-0.393446	0.00935788	0.2636	1.73909	0.00999999
1.5	0.8	0.125	2.30589e-09	1.00052e-09	0.1	1.2	0.00999999
1.2	1	0.12808	0.000374172	0.00181624	0.102673	1.20246	0.01
1	0.9	0.099046	1.33461	-0.126283	0.0001	0.813593	0.01
1.2	0.8	0.126198	0.00975157	-0.000953844	0.100132	1.19023	0.01
1.4	0.7	0.125	-3.06385e-10	1.00009e-09	0.1	1.2	0.01
1.4	0.8	0.125	-3.06587e-10	9.99997e-10	0.1	1.2	0.01
1.1	0.5	0.142888	0.0834424	-0.0169608	0.128213	1.34957	0.00999999
1.1	0.2	0.173997	0.0209902	-0.0561859	0.181699	1.5682	0.01
1.2	0.3	0.128427	0.000154069	-0.00221935	0.102929	1.20219	0.00999999
1.4	0.4	0.125	-3.06793e-10	1.00045e-09	0.1	1.2	0.00999999
1.5	0.2	0.125	2.30585e-09	9.99228e-10	0.1	1.2	0.00999999
1.5	0.6	0.125	2.30637e-09	9.99996e-10	0.1	1.2	0.00999999
1.9	0.4	0.180618	-0.366948	0.195842	0.175292	1.54228	0.00999999
1.6	0.3	0.125035	6.00619e-05	2.72647e-07	0.100044	1.20019	0.01
1.9	0.2	0.25184	-0.338747	0.0203539	0.289031	1.7791	0.00999999
0.2	0	0.998805	-0.000214605	4.4517e-06	0.998015	1.49881	0.00999999
0.1	0	0.983984	-0.00953378	-0.00140796	0.971822	1.48151	0.01
0.1	0.1	0.983912	-0.00845186	1.31388e-05	0.971667	1.48137	0.01
0	0.3	0.890035	-0.0970488	0.00919975	0.821922	1.38996	0.00999999
0	0.4	0.910436	-0.123781	0.00342323	0.853019	1.41307	0.01
0.1	0.3	0.98389	-0.0100855	-0.0020486	0.97168	1.48144	0.00999999
0	0.2	0.867962	-0.0714668	-0.00146319	0.78903	1.36614	0.00999999
0.1	0.2	0.983136	-0.00880697	-0.000481596	0.970377	1.48057	0.00999999
0.3	0.2	0.999971	5.55621e-06	-2.80348e-09	0.999952	1.49997	0.01
0.2	0.3	0.998812	-0.000217987	4.07794e-06	0.998026	1.49882	0.01
0.4	0.3	1	1.16048e-09	1e-09	1	1.5	0.01
0.2	0.2	0.998811	-0.000217259	5.20873e-06	0.998025	1.49882	0.01
0.3	0.1	0.999971	5.55614e-06	-3.26101e-09	0.999952	1.49997	0.01
0.2	0.1	0.998812	-0.0002171	5.66359e-06	0.998026	1.49882	0.01
0.3	0	0.999971	5.55689e-06	-3.697e-09	0.999952	1.49997	0.01
0.4	0.1	1	1.16048e-09	1e-09	1	1.5	0.01
0.4	0	1	1.16048e-09	1e-09	1	1.5	0.01
0.6	0	0.999971	-5.55587e-06	3.88208e-09	0.999952	1.49997	0.01
0.5	0	1	8.39522e-10	1e-09	1	1.5	0.01
0.4	0.2	1	1.16048e-09	1e-09	1	1.5	0.01
0.5	0.1	1	8.39521e-10	1e-09	1	1.5	0.01
0.8	0.1	0.981084	0.00731874	0.000866939	0.966904	1.47835	0.01
0.9	0.1	0.92731	0.115894	-0.0265183	0.880678	1.43164	0.01
0.9	0.2	0.901059	0.113557	0.0292008	0.832925	1.39345	0.01
0.7	0.1	0.998812	0.000217082	-5.74094e-06	0.998026	1.49882	0.01
0.6	0.1	0.999971	-5.55411e-06	5.32912e-09	0.999952	1.49997	0.00999999
0.7	0.2	0.998812	0.000217128	-5.74663e-06	0.998026	1.49882	0.01
0.8	0.2	0.979549	0.00630381	0.00180728	0.964263	1.47661	0.01
0.9	0.3	0.903025	0.111204	0.00333946	0.83766	1.39761	0.01
0.7	0.3	0.998812	0.000217077	-5.64416e-06	0.998026	1.49882	0.01
0.7	0.4	0.998812	0.000217739	-4.45302e-06	0.998026	1.49882	0.01
0.6	0.3	0.999971	-5.55714e-06	5.05085e-09	0.999952	1.49997	0.01
0.6	0.2	0.999971	-5.55651e-06	5.85268e-09	0.999952	1.49997	0.01
0.5	0.2	1	8.39521e-10	1e-09	1	1.5	0.01
0.5	0.3	1	8.39522e-10	1e-09	1	1.5	0.01
0.4	0.4	1	1.16048e-09	1e-09	1	1.5	0.01
0.6	0.6	0.999971	-5.55696e-06	5.768e-09	0.999952	1.49997	0.01
0.5	0.5	1	8.39522e-10	1e-09	1	1.5	0.01
0.5	0.6	1	8.39522e-10	1e-09	1	1.5	0.01
0.6	0.4	0.999971	-5.55724e-06	4.72164e-09	0.999952	1.49997	0.01
0.7	0.5	0.998811	0.000216905	-5.04301e-06	0.998024	1.49882	0.01
0.9	0.5	0.880905	0.0796843	-0.00517865	0.809875	1.38224	0.01
0.9	0.6	0.878371	0.0849983	0.000603919	0.804886	1.37812	0.01
0.8	0.5	0.981708	0.00684212	-0.000665449	0.967898	1.47892	0.01
0.7	0.6	0.998811	0.000216878	-5.4591e-06	0.998025	1.49882	0.01
0.7	0.7	0.99881	0.000216395	-5.2882e-06	0.998023	1.49882	0.01
0.8	0.7	0.983196	0.00878454	0.000393093	0.970492	1.48066	0.01
0.9	0.8	0.870714	0.0679107	0.00241933	0.793493	1.36928	0.01
0.9	0.9	0.896151	0.107694	-0.00964395	0.832825	1.39985	0.01
0.8	0.9	0.983025	0.00860603	0.000321914	0.970231	1.48051	0.01
0.6	0.8	0.999971	-5.55505e-06	4.99261e-09	0.999952	1.49997	0.01
0.6	0.7	0.999971	-5.55591e-06	5.19502e-09	0.999952	1.49997	0.01
0.5	0.7	1	8.39522e-10	1e-09	1	1.5	0.01
0.5	0.8	1	8.39522e-10	1e-09	1	1.5	0.01
0.5	0.9	1	8.39522e-10	1e-09	1	1.5	0.01
0.4	0.7	1	1.16048e-09	1e-09	1	1.5	0.01
0.3	0.7	0.999971	5.55631e-06	-3.18607e-09	0.999952	1.49997	0.01
0.4	0.9	1	1.16048e-09	1e-09	1	1.5	0.01
0.3	0.8	0.999971	5.55636e-06	-3.25827e-09	0.999952	1.49997	0.01
0.4	0.6	1	1.16048e-09	1e-09	1	1.5	0.01
0.5	0.4	1	8.39521e-10	1e-09	1	1.5	0.01
0.3	0.4	0.999971	5.55707e-06	-3.4851e-09	0.999952	1.49997	0.01
0.4	0.5	1	1.16048e-09	1e-09	1	1.5	0.01
0.3	0.6	0.999971	5.55651e-06	-3.30977e-09	0.999952	1.49997	0.00999999
0.2	0.5	0.998812	-0.000217901	4.06517e-06	0.998026	1.49882	0.01
0.1	0.5	0.98383	-0.00898366	-0.000252636	0.97158	1.48136	0.01
0.1	0.4	0.984731	-0.0100901	-0.00161879	0.973107	1.48235	0.01
0	0.5	0.88926	-0.101014	0.00673128	0.821177	1.39028	0.01
0.1	0.7	0.984063	-0.00970869	-0.000957599	0.971988	1.48164	0.01
0	0.7	0.885319	-0.091464	0.00237421	0.815243	1.38546	0.00999999
0.2	0.7	0.998812	-0.000217906	4.04992e-06	0.998026	1.49882	0.01
0.2	0.8	0.998813	-0.00021778	4.48666e-06	0.998027	1.49882	0.01
0.2	0.9	0.998806	-0.000212254	7.02034e-06	0.998017	1.49881	0.01
0.1	0.9	0.984033	-0.00973293	-0.00158085	0.971923	1.48159	0.01
0.1	1.2	0.983462	-0.00859681	-0.000247842	0.970968	1.48098	0.01
0	0.9	0.89849	-0.10754	0.00284677	0.835163	1.40006	0.00999999
0.1	1	0.983437	-0.00935786	-0.00142644	0.970947	1.48099	0.01
0.2	1.1	0.998806	-0.000212225	6.98547e-06	0.998016	1.49881	0.01
0.2	1	0.998805	-0.000214362	4.51804e-06	0.998014	1.49881	0.01
0.4	1	1	1.16048e-09	1e-09	1	1.5	0.00999999
0.4	1.1	1	1.16048e-09	1e-09	1	1.5	0.00999999
0.3	1	0.999971	5.55688e-06	-3.11154e-09	0.999952	1.49997	0.01
0.3	1.1	0.999971	5.55722e-06	-3.92293e-09	0.999952	1.49997	0.00999999
0.3	1.2	0.999971	5.55641e-06	-3.09165e-09	0.999952	1.49997	0.00999999
0.3	1.4	0.999971	5.55962e-06	-3.76739e-09	0.999952	1.49997	0.00999999
0.4	1.3	1	1.16048e-09	1e-09	1	1.5	0.00999999
0.4	1.2	1	1.16048e-09	1e-09	1	1.5	0.00999999
0.2	1.4	0.998809	-0.000216549	3.06041e-06	0.998021	1.49882	0.01
0.3	1.3	0.999971	5.55692e-06	-2.28629e-09	0.999952	1.49997	0.00999999
0.2	1.2	0.998804	-0.000213757	4.66997e-06	0.998013	1.49881	0.00999999
0.2	1.3	0.998808	-0.000215767	4.90153e-06	0.99802	1.49882	0.00999999
0.1	1.4	0.983296	-0.0106009	-0.00380915	0.970707	1.48086	0.00999999
0	1.6	0.837326	-0.0834394	-0.019392	0.735241	1.32079	0.01
0.1	1.5	0.984578	-0.00974757	-0.0011642	0.972882	1.48223	0.01
0	1.5	0.906407	-0.170523	0.0536897	0.844751	1.41395	0.00999999
0.2	1.6	0.998808	-0.000214204	6.2149e-06	0.998019	1.49882	0.01
0	1.8	0.881434	-0.108944	0.0273211	0.811433	1.38718	0.01
0	1.9	0.868142	-0.072998	-0.00815551	0.789843	1.36741	0.01
0.1	1.9	0.9831	-0.00879048	-0.000503628	0.970315	1.48053	0.01
0.2	1.9	0.998806	-0.000212385	7.03003e-06	0.998017	1.49881	0.00999999
0.1	1.7	0.976809	-0.00625996	-0.00292238	0.959786	1.47388	0.01
0.3	1.8	0.999971	5.55609e-06	-3.04713e-09	0.999952	1.49997	0.01
0.3	1.9	0.999971	5.55673e-06	-2.82475e-09	0.999952	1.49997	0.01
0.5	1.9	1	8.39522e-10	1e-09	1	1.5	0.01
0.4	1.8	1	1.16048e-09	1e-09	1	1.5	0.01
0.5	1.8	1	8.39522e-10	1e-09	1	1.5	0.01
0.5	1.7	1	8.39521e-10	1e-09	1	1.5	0.01
0.2	1.8	0.998807	-0.000214933	4.67782e-06	0.998017	1.49881	0.01
0.3	1.6	0.999971	5.55854e-06	-1.34798e-09	0.999952	1.49997	0.01
0.3	1.5	0.999971	5.55989e-06	-3.89673e-09	0.999952	1.49997	0.00999999
0.4	1.5	1	1.16048e-09	1e-09	1	1.5	0.01
0.6	1.5	0.999971	-5.55595e-06	5.29724e-09	0.999952	1.49997	0.01
0.7	1.4	0.998805	0.000215354	-3.21282e-06	0.998015	1.49881	0.01
0.6	1.4	0.999971	-5.55579e-06	4.76802e-09	0.999952	1.49997	0.00999999
0.5	1.4	1	8.39522e-10	1e-09	1	1.5	0.01
0.5	1.5	1	8.39521e-10	1e-09	1	1.5	0.01
0.5	1.6	1	8.39522e-10	1e-09	1	1.5	0.01
0.6	1.8	0.999971	-5.55578e-06	4.3891e-09	0.999952	1.49997	0.01
0.6	1.7	0.999971	-5.55679e-06	5.82792e-09	0.999952	1.49997	0.01
0.6	1.6	0.999971	-5.55686e-06	5.17873e-09	0.999952	1.49997	0.01
0.7	1.8	0.998806	0.000212355	-5.86896e-06	0.998016	1.49881	0.01
0.7	1.9	0.998813	0.000219743	-1.63595e-06	0.998028	1.49882	0.01
0.8	1.8	0.983747	0.00834832	-0.000121817	0.971428	1.48125	0.01
0.8	1.7	0.98289	0.00935807	0.00111015	0.97004	1.48043	0.01
0.9	1.7	0.913953	0.110359	-0.017419	0.861179	1.41963	0.00999999
0.9	1.6	0.891016	0.0891775	-0.0144508	0.82615	1.39488	0.00999999
0.8	1.6	0.982984	0.00815518	-0.000481768	0.970176	1.48049	0.01
0.7	1.5	0.998794	0.000208202	-4.43422e-06	0.997996	1.4988	0.01
0.9	1.5	0.895036	0.0992928	-0.00639178	0.830716	1.39716	0.00999999
0.9	1.4	0.894733	0.0980636	-0.00322092	0.829198	1.39495	0.00999999
0.8	1.4	0.980558	0.00738253	0.000269075	0.966094	1.4779	0.00999999
0.9	1.2	0.878092	0.111976	-0.00318576	0.801864	1.37606	0.01
0.9	1.3	0.92951	0.113515	-0.0211117	0.885966	1.4364	0.00999999
0.8	1.3	0.982381	0.00939295	0.00201613	0.969159	1.47986	0.01
0.7	1.3	0.998806	0.000212282	-6.99651e-06	0.998017	1.49881	0.01
0.5	1.3	1	8.39521e-10	1e-09	1	1.5	0.01
0.6	1.2	0.999971	-5.5564e-06	4.73372e-09	0.999952	1.49997	0.01
0.7	1.2	0.998799	0.000209821	-5.75624e-06	0.998005	1.49881	0.01
0.8	1.2	0.982118	0.0078252	0.000705104	0.968679	1.47951	0.01
0.6	1.1	0.999971	-5.55634e-06	4.9202e-09	0.999952	1.49997	0.00999999
0.5	1.1	1	8.39521e-10	1e-09	1	1.5	0.00999999
0.5	1	1	8.39522e-10	1e-09	1	1.5	0.00999999
0.6	1	0.999971	-5.55571e-06	5.36543e-09	0.999952	1.49997	0.01
0.6	0.9	0.999971	-5.5552e-06	5.40101e-09	0.999952	1.49997	0.01
0.7	1	0.998802	0.000213038	-3.83706e-06	0.99801	1.49881	0.00999999
0.7	1.1	0.998799	0.000209972	-5.31166e-06	0.998004	1.49881	0.00999999
0.8	1	0.981455	0.00804291	0.00129097	0.967602	1.47886	0.00999999
0.9	1	0.925476	0.118123	0.00240222	0.877053	1.4285	0.00999999
0.7	0.9	0.998806	0.000214158	-5.10745e-06	0.998016	1.49881	0.01
1	1	0.106003	1.8744	-0.132411	0.0001	0.913536	0.00999999
1	1.1	0.170587	0.779379	-0.0552004	0.132615	1.47135	0.00999999
1	1.2	0.147233	0.644715	-0.0339432	0.11095	1.33876	0.01
1.1	1	0.133421	0.148869	-0.0222261	0.112273	1.27356	0.01
1.2	1.2	0.125287	0.0112502	-0.00896606	0.0987359	1.18222	0.01
1.3	1	0.125035	-6.00226e-05	-2.88055e-07	0.100044	1.20019	0.01
1.3	1.2	0.125035	-6.00105e-05	-2.77353e-07	0.100044	1.20019	0.01
1.3	1.3	0.125035	-6.00304e-05	-2.64968e-07	0.100044	1.20019	0.00999999
1.1	1.2	0.141652	0.184421	-0.00720261	0.126231	1.35373	0.01
1.3	1.5	0.125035	-6.00434e-05	-2.68331e-07	0.100044	1.20019	0.01
1.4	1.4	0.125	-3.06804e-10	1e-09	0.1	1.2	0.01
1.4	1.3	0.125	-3.06502e-10	9.99817e-10	0.1	1.2	0.00999999
1.2	1.4	0.128418	0.000186654	-0.002205	0.102925	1.20222	0.00999999
1.2	1.3	0.127018	0.00501838	-0.0104332	0.100922	1.19189	0.00999999
1.1	1.3	0.173279	-0.0308247	-0.117631	0.177298	1.54218	0.00999999
1	1.3	0.150664	0.654152	-0.0685026	0.119206	1.4031	0.00999999
1.1	1.4	0.170898	0.0229156	-0.0240129	0.174895	1.53564	0.00999999
1	1.4	0.171581	0.543477	0.0573104	0.161869	1.56442	0.00999999
1.1	1.5	0.145058	0.0920153	-0.0102379	0.131215	1.36114	0.00999999
1.1	1.6	0.13968	0.107036	-0.0108168	0.12273	1.32376	0.00999999
1	1.6	0.212559	0.567545	-0.0797347	0.212912	1.66672	0.01
1	1.7	0.237038	0.4099	-0.0365512	0.260551	1.73347	0.00999999
1	1.8	0.0300585	4.2075	-6.85279	0.0001	0.00332684	0.01
1.1	1.9	0.145809	0.099414	0.00578797	0.133045	1.37365	0.01
1.1	1.8	0.141726	0.105253	-0.0173786	0.126356	1.34302	0.01
1.1	1.7	0.140629	0.09888	-0.0270978	0.124148	1.32947	0.01
1.2	1.8	0.12776	9.45654e-05	0.000440852	0.102325	1.20137	0.01
1.2	1.9	0.127767	6.83262e-05	0.000442462	0.102329	1.20136	0.01
1.3	1.9	0.125035	-6.00152e-05	-2.65994e-07	0.100044	1.20019	0.00999999
1.3	1.8	0.125035	-6.00267e-05	-2.92935e-07	0.100044	1.20019	0.01
1.4	1.8	0.125	-3.0681e-10	9.99772e-10	0.1	1.2	0.00999999
1.4	1.7	0.125	-3.06797e-10	1e-09	0.1	1.2	0.00999999
1.2	1.7	0.127758	0.000105448	0.000442429	0.102323	1.20137	0.01
1.2	1.5	0.127757	0.000105187	0.000439483	0.102324	1.20139	0.00999999
1.3	1.6	0.125035	-6.0033e-05	-2.70185e-07	0.100044	1.20019	0.01
1.4	1.6	0.125	-3.06796e-10	9.99999e-10	0.1	1.2	0.00999999
1.5	1.5	0.125	2.30661e-09	1.00008e-09	0.1	1.2	0.01
1.6	1.5	0.125035	6.00504e-05	2.88333e-07	0.100044	1.20019	0.01
1.6	1.7	0.125035	6.00356e-05	2.873e-07	0.100044	1.20019	0.01
1.5	1.6	0.125	2.30678e-09	9.99954e-10	0.1	1.2	0.00999999
1.5	1.8	0.125	2.30657e-09	9.99858e-10	0.1	1.2	0.00999999
1.4	1.9	0.125	-3.06799e-10	1.00017e-09	0.1	1.2	0.00999999
1.6	1.9	0.125035	5.99984e-05	2.24042e-07	0.100044	1.20019	0.00999999
1.7	1.9	0.127755	-0.000131281	-0.000439891	0.102318	1.20134	0.01
1.6	1.8	0.125035	6.00093e-05	2.90207e-07	0.100044	1.20019	0.01
1.8	1.7	0.117843	-0.323588	0.0105408	0.0865457	1.15404	0.01
1.8	1.8	0.111863	-0.284304	0.0455493	0.0751694	1.04942	0.01
1.9	1.9	0.195406	0.32428	0.0518071	0.211573	1.67802	0.01
1.9	1.8	0.0001	-3789.76	-288.89	0.0001	1	0.01
1.9	1.7	0.0935241	-7.01653	5.29027	0.0001	1.39385	0.01
1.7	1.6	0.127264	-0.0036829	-0.00015386	0.101713	1.19884	0.00999999
1.7	1.7	0.126654	-0.00631554	0.000698338	0.10069	1.19251	0.01
1.7	1.5	0.127762	-8.52066e-05	-0.000442687	0.102326	1.20136	0.01
1.8	1.6	0.135506	-0.218997	0.0676939	0.115501	1.30483	0.01
1.8	1.5	0.138961	-0.114747	0.0250817	0.121634	1.31987	0.01
1.9	1.2	0.167986	-0.391488	0.285051	0.151717	1.47199	0.01
1.9	1.4	0.188703	-0.675582	0.0666242	0.166796	1.55629	0.01
1.7	1.3	0.126978	-0.00657415	-0.00072368	0.101052	1.19375	0.01
1.7	1.1	0.12616	-0.00998776	0.000987879	0.10008	1.18996	0.00999999
1.5	1.4	0.125	2.30637e-09	9.99936e-10	0.1	1.2	0.01
1.5	1.3	0.125	2.30615e-09	1.00005e-09	0.1	1.2	0.01
1.4	1.2	0.125	-3.06299e-10	1.00017e-09	0.1	1.2	0.00999999
1.6	1.2	0.125035	6.00606e-05	2.77552e-07	0.100044	1.20019	0.01
1.6	1.1	0.125035	6.00612e-05	2.79452e-07	0.100044	1.20019	0.01
1.5	1.1	0.125	2.30657e-09	1.00006e-09	0.1	1.2	0.01
1.4	1	0.125	-3.06411e-10	9.99775e-10	0.1	1.2	0.01
1.6	1	0.125035	6.00617e-05	2.77451e-07	0.100044	1.20019	0.00999999
1.6	0.9	0.125035	6.00548e-05	2.8426e-07	0.100044	1.20019	0.00999999
1.7	0.9	0.127766	-6.57322e-05	-0.000441464	0.10233	1.20137	0.00999999
1.8	0.9	0.146306	-0.0752999	0.0127922	0.133515	1.37178	0.00999999
1.7	1	0.127266	-0.0036804	-0.000153487	0.101713	1.19884	0.00999999
1.8	1.1	0.114856	-0.405139	0.014291	0.0810315	1.14043	0.00999999
1.8	1	0.133865	-0.210936	0.0371887	0.11331	1.29262	0.00999999
1.9	0.9	0.231512	-0.414521	0.0246301	0.251809	1.71773	0.01
1.8	0.6	0.149798	-0.0582135	0.0329753	0.137559	1.37969	0.00999999
1.8	0.7	0.144103	0.439361	1.29351	0.0319726	1.26591	0.00999999
1.8	0.8	0.140028	-0.073621	0.0475873	0.124081	1.33301	0.00999999
1.9	0.7	0.0911329	0.590088	0.224895	0.0320744	0.727318	0.00999999
1.9	0.6	0.235678	0.128491	0.175848	0.285542	1.84108	0.00999999
1.9	0.5	0.211085	-0.468587	0.0768789	0.215562	1.64456	0.00999999
1.8	0.4	0.117681	-0.407831	0.0371389	0.0853699	1.172	0.00999999
1.8	0.5	0.133352	-0.190641	0.0164346	0.113416	1.29407	0.01
1.7	0.6	0.128086	-0.000377601	-0.00184117	0.102682	1.2025	0.01
1.6	0.5	0.125035	6.00594e-05	2.81149e-07	0.100044	1.20019	0.00999999
1.7	0.5	0.12698	-0.00657663	-0.000727281	0.101048	1.19369	0.01
1.6	0.4	0.125035	6.00611e-05	2.80774e-07	0.100044	1.20019	0.01
1.5	0.5	0.125	2.30636e-09	9.99907e-10	0.1	1.2	0.01
1.5	0.7	0.125	2.30663e-09	1.00008e-09	0.1	1.2	0.01
1.6	0.6	0.125035	6.0061e-05	2.76472e-07	0.100044	1.20019	0.00999999
1.7	0.7	0.130104	-0.000262317	0.00887453	0.104446	1.20423	0.00999999
1.6	0.8	0.125035	6.00554e-05	2.74963e-07	0.100044	1.20019	0.01
1.5	0.9	0.125	2.30677e-09	9.98644e-10	0.1	1.2	0.00999999
1.2	0.9	0.127275	0.00360634	0.000161327	0.101726	1.19889	0.01
1.3	0.7	0.125035	-6.00309e-05	-2.73497e-07	0.100044	1.20019	0.00999999
1.3	0.9	0.125035	-6.00235e-05	-2.60867e-07	0.100044	1.20019	0.01
1.3	0.8	0.125035	-6.00125e-05	-2.76719e-07	0.100044	1.20019	0.01
1.1	0.8	0.129653	0.239651	-0.0378287	0.106728	1.26421	0.01
1	0.8	0.205462	0.345794	0.0260306	0.219032	1.65919	0.01
1	0.6	0.210096	0.280623	-0.0113563	0.228444	1.67043	0.01
1.1	0.7	0.134923	0.204233	-0.010042	0.1161	1.31164	0.00999999
1.2	0.7	0.126997	0.00643888	0.000722347	0.101073	1.19383	0.00999999
1.2	0.6	0.128744	0.000456754	-0.000848553	0.103278	1.20329	0.00999999
1.1	0.6	0.150332	0.0537833	-0.044438	0.140113	1.40048	0.00999999
1	0.4	0.244811	0.522243	-0.18178	0.273105	1.82625	0.01
1.2	0.5	0.12685	0.00147464	-0.00746092	0.100931	1.19353	0.01
1.2	0.4	0.127763	8.59334e-05	0.000442539	0.102326	1.20136	0.01
1.3	0.5	0.125035	-6.00489e-05	-2.70443e-07	0.100044	1.20019	0.01
1.3	0.6	0.125035	-6.00426e-05	-2.83955e-07	0.100044	1.20019	0.00999999
1.4	0.6	0.125	-3.06397e-10	1e-09	0.1	1.2	0.00999999
1.4	0.5	0.125	-3.06351e-10	9.99755e-10	0.1	1.2	0.01
1.5	0.4	0.125	2.30661e-09	1.00084e-09	0.1	1.2	0.01
1.3	0.4	0.125035	-6.00446e-05	-2.78741e-07	0.100044	1.20019	0.01
1.3	0.2	0.125035	-6.00173e-05	-2.66867e-07	0.100044	1.20019	0.00999999
1.4	0.2	0.125	-3.06534e-10	9.99829e-10	0.1	1.2	0.01
1.3	0.3	0.125035	-6.00331e-05	-2.82189e-07	0.100044	1.20019	0.01
1.1	0.4	0.142253	0.104334	-0.0103844	0.126559	1.34	0.01
1.1	0.3	0.186578	0.0045076	0.00158646	0.201963	1.6237	0.01
1	0.3	0.110785	1.77718	0.1914	0.0001	1.14679	0.00999999
1	0.2	0.0001	2650.48	-329.638	0.0001	1	0.00999999
1.2	0.2	0.127516	0.0015242	-0.0100956	0.101533	1.19441	0.00999999
1.1	0.1	0.180631	0.0295018	0.00481921	0.193997	1.61144	0.01
1	0.1	0.0001	2948.63	-757.626	0.0001	1	0.00999999
1	0	0.23785	0.595931	-0.0963964	0.249078	1.75302	0.00999999
1.1	0	0.131605	0.151377	-0.0271264	0.109641	1.26149	0.00999999
1.2	0	0.126852	0.00146454	-0.00745697	0.100933	1.19354	0.00999999
1.3	0	0.125035	-5.9995e-05	-2.69357e-07	0.100044	1.20019	0.00999999
1.2	0.1	0.127515	0.00152945	-0.0100958	0.101533	1.19442	0.00999999
1.3	0.1	0.125035	-5.99938e-05	-2.84428e-07	0.100044	1.20019	0.00999999
1.4	0.1	0.125	-3.06519e-10	1.00023e-09	0.1	1.2	0.00999999
1.4	0	0.125	-3.06528e-10	9.99999e-10	0.1	1.2	0.00999999
1.6	0.1	0.125035	6.00631e-05	2.62887e-07	0.100044	1.20019	0.01
1.6	0	0.125035	5.99987e-05	3.21579e-07	0.100044	1.20019	0.01
1.5	0	0.125	2.30682e-09	9.99941e-10	0.1	1.2	0.01
1.7	0.1	0.126842	-0.00505076	0.0370534	0.0994068	1.17626	0.01
1.5	0.3	0.125	2.30678e-09	9.99433e-10	0.1	1.2	0.00999999
1.4	0.3	0.125	-3.06818e-10	9.99773e-10	0.1	1.2	0.00999999
1.7	0.3	0.127263	-0.00369152	-0.00015444	0.101711	1.19884	0.01
1.6	0.2	0.125035	6.00583e-05	2.82705e-07	0.100044	1.20019	0.01
1.5	0.1	0.125	2.3059e-09	1.00058e-09	0.1	1.2	0.01
1.7	0.2	0.124503	-0.00505418	0.0279609	0.0973204	1.17291	0.01
1.7	0.4	0.12616	-0.00998772	0.000987575	0.10008	1.18997	0.00999999
1.8	0.3	0.132912	-0.221521	0.0280996	0.111651	1.28498	0.00999999
1.9	0.3	0.217483	-0.276609	0.0116157	0.242396	1.71015	0.00999999
1.8	0.2	0.138674	-0.0716579	0.0598677	0.121622	1.31991	0.01
1.9	0.1	0.00877723	3.31508	13.5901	0.0001	0.0113931	0.01
1.8	0.1	0.0697639	0.619101	2.84425	0.0001	0.00143341	0.01
1.7	0	0.130103	-0.000294346	0.00890999	0.104436	1.20413	0.01
1.8	0	0.0915995	0.599252	2.34093	0.0001	0.525771	0.01
1.9	0	0.048855	2.7904	-1.56522	0.0001	0.00204687	0.01
