0 0 1 1
1 1
1023
0.4049 0.7051
0.363 0.2851
0.9231 0.5021
0.6773 0.9643
0.0164 0.4523
0.3348 0.2172
0.0428 0.6403
0.1198 0.766
0.0296 0.8986
0.2933 0.9484
0.8302 0.5625
0.4047 0.6924
0.6355 0.7641
0.6709 0.5165
0.6815 0.457
0.4285 0.093
0.1499 0.2351
0.0846 0.1729
0.0381 0.1014
0.1659 0.2009
0.1852 0.185
0.2954 0.0443
0.2932 0.3003
0.3303 0.3333
0.2506 0.401
0.2437 0.4263
0.1472 0.4978
0.054 0.3426
0.1171 0.6295
0.0732 0.6238
0.1484 0.7755
0.0997 0.8283
0.1127 0.915
0.0049 0.9154
0.1888 0.661
0.3141 0.8153
0.152 0.9563
0.2926 0.6466
0.2567 0.6429
0.3171 0.5358
0.3378 0.4447
0.6127 0.441
0.4172 0.4427
0.6219 0.8624
0.5082 0.9435
0.4412 0.9479
0.9912 0.5159
0.9718 0.5216
0.6763 0.7677
0.8448 0.4872
0.848 0.4166
0.7672 0.385
0.8184 0.3195
0.956 0.2626
0.8235 0.3793
0.7829 0.2671
0.4882 0.3787
0.4547 0.2272
0.4945 0.0783
0.4481 0.0675
0.3823 0.1929
0.7226 0.0634
0.7283 0.0072
0.9156 0.1608
0.0346 0.0235
0.0563 0.0049
0.0297 0.0032
0.091 0.0528
0.027 0.0699
0.1136 0.136
0.2493 0.0431
0.3074 0.1233
0.1269 0.2071
0.1486 0.0253
0.2373 0.003
0.2334 0.0003
0.3605 0.001
0.3493 0.0358
0.4289 0.0483
0.4315 0.0435
0.44 0.055
0.4795 0.0563
0.3452 0.1899
0.3898 0.0713
0.3953 0.0635
0.3245 0.2181
0.3165 0.1986
0.3093 0.1574
0.2553 0.2563
0.2547 0.2407
0.2751 0.253
0.3043 0.2255
0.3878 0.2728
0.4643 0.2438
0.4133 0.4387
0.4789 0.3073
0.3567 0.4697
0.3446 0.3339
0.3091 0.4089
0.2686 0.3842
0.1763 0.3633
0.2326 0.3886
0.2348 0.3461
0.2496 0.3418
0.2525 0.2894
0.1528 0.2871
0.0573 0.3714
0.0569 0.2538
0.0186 0.3881
0.0127 0.395
0.071 0.422
0.1032 0.4154
0.1712 0.5269
0.0253 0.4892
0.0269 0.5218
0.1726 0.5474
0.2215 0.6127
0.2726 0.4994
0.1988 0.7394
0.2335 0.6422
0.1892 0.7525
0.1081 0.7516
0.0126 0.6593
0.046 0.6304
0.0528 0.8427
0.0639 0.8398
0.0154 0.8977
0.0094 0.9649
0.1041 0.9848
0.0017 0.9807
0.1232 0.9204
0.1349 0.9915
0.128 0.8542
0.1723 0.8324
0.1653 0.826
0.1541 0.7716
0.3324 0.7743
0.2995 0.7422
0.3666 0.8011
0.3784 0.8537
0.3174 0.9207
0.3682 0.9211
0.4465 0.9451
0.3788 0.9797
0.389 0.8976
0.4573 0.8957
0.431 0.7955
0.4428 0.7776
0.4811 0.6465
0.4822 0.6982
0.4154 0.7335
0.3933 0.6797
0.2853 0.6966
0.3024 0.7088
0.4213 0.5186
0.3376 0.5542
0.3662 0.5482
0.4524 0.6057
0.4762 0.5775
0.4812 0.5379
0.5746 0.5568
0.5205 0.596
0.664 0.6042
0.6776 0.5805
0.6925 0.6157
0.6987 0.5856
0.6277 0.6966
0.6342 0.7587
0.6518 0.7565
0.6059 0.7522
0.5984 0.6658
0.5265 0.7377
0.5569 0.8363
0.5128 0.8257
0.5367 0.7988
0.5404 0.8722
0.5732 0.8829
0.5494 0.9819
0.5936 0.9107
0.6862 0.917
0.6887 0.9412
0.6095 0.8674
0.6348 0.8611
0.5905 0.769
0.8802 0.7208
0.7276 0.7178
0.7669 0.8082
0.7984 0.8696
0.7487 0.9415
0.8859 0.8828
0.9214 0.8355
0.9051 0.908
0.9218 0.9021
0.9016 0.8224
0.9421 0.7667
0.9752 0.7409
0.8606 0.684
0.8967 0.6912
0.926 0.6839
0.8444 0.6619
0.8142 0.663
0.805 0.6748
0.757 0.5567
0.7483 0.5776
0.7892 0.6616
0.8111 0.5883
0.93 0.6506
0.9379 0.555
0.8955 0.3614
0.8863 0.54
0.8993 0.4918
0.8793 0.3439
0.8823 0.3286
0.8899 0.2996
0.8566 0.2976
0.6754 0.2533
0.7205 0.3059
0.6963 0.5055
0.7052 0.522
0.7806 0.5375
0.662 0.5433
0.6717 0.403
0.6382 0.5444
0.6159 0.5151
0.5818 0.4428
0.5021 0.4266
0.5054 0.403
0.4901 0.3165
0.5363 0.2497
0.5403 0.2651
0.5661 0.373
0.6169 0.2497
0.6787 0.2231
0.7457 0.2132
0.6898 0.216
0.659 0.2254
0.572 0.2433
0.5084 0.134
0.5434 0.0364
0.5321 0.1255
0.5128 0.0688
0.5464 0.0769
0.563 0.0084
0.5949 0.0529
0.7982 0.0181
0.8693 0.0037
0.8693 0.1633
0.7567 0.1746
0.8608 0.1862
0.7832 0.1876
0.9304 0.1956
0.947 0.2183
0.978 0.1708
0.9295 0.1598
0.9368 0.1298
0.8777 0.0099
0.0323 0.005
0.0136 0.0435
0.0629 0.0763
0.0795 0.057
0.0967 0.0226
0.1063 0.0347
0.0516 0.1086
0.069 0.1626
0.0356 0.0952
0.0337 0.0928
0.0294 0.1017
0.0049 0.0964
0.0192 0.1729
0.0461 0.1694
0.0279 0.199
0.0216 0.2339
0.0152 0.2621
0.0524 0.259
0.0669 0.245
0.0938 0.2557
0.0606 0.226
0.1009 0.2173
0.0775 0.1982
0.1039 0.2002
0.1312 0.1886
0.1417 0.1884
0.1183 0.2377
0.1432 0.2551
0.1309 0.2587
0.1161 0.2676
0.1961 0.2754
0.1832 0.2786
0.1783 0.235
0.1962 0.2297
0.1942 0.228
0.214 0.1968
0.2025 0.0936
0.2133 0.1648
0.1354 0.1761
0.1281 0.1742
0.1171 0.1776
0.1087 0.0853
0.1475 0.0323
0.1434 0.0378
0.153 0.084
0.1743 0.0172
0.2013 0.0757
0.1892 0.0821
0.2305 0.003
0.2362 0.0027
0.2504 0.0613
0.2305 0.0925
0.249 0.0926
0.2553 0.1197
0.3437 0.0853
0.2842 0.0868
0.2949 0.112
0.2724 0.0754
0.3317 0.0492
0.3124 0.0139
0.3674 0.0335
0.3512 0.009
0.3541 0.0569
0.4536 0.0127
0.4782 0.0282
0.485 0.0179
0.4636 0.109
0.4937 0.057
0.4969 0.0636
0.4584 0.0801
0.45 0.0681
0.395 0.0631
0.387 0.1996
0.3469 0.1238
0.3417 0.1839
0.4339 0.1692
0.4393 0.179
0.4878 0.1305
0.4854 0.2366
0.4976 0.254
0.4968 0.2376
0.4234 0.204
0.3923 0.2603
0.3708 0.2723
0.2844 0.276
0.2939 0.2763
0.3412 0.2538
0.2754 0.2399
0.3021 0.1485
0.3349 0.1313
0.26 0.2036
0.2324 0.1382
0.2589 0.1386
0.2535 0.2134
0.2618 0.2245
0.2641 0.2735
0.3072 0.3391
0.2722 0.3287
0.2846 0.3451
0.301 0.348
0.2921 0.3555
0.2986 0.3486
0.3198 0.359
0.3134 0.3759
0.3202 0.3506
0.3303 0.3033
0.3413 0.2958
0.3177 0.29
0.3861 0.2906
0.3516 0.3002
0.4022 0.3058
0.4067 0.3135
0.4396 0.3044
0.465 0.3292
0.4176 0.3483
0.4544 0.354
0.4043 0.375
0.3941 0.3293
0.3748 0.3421
0.3589 0.3768
0.4098 0.4486
0.3826 0.4232
0.4465 0.4314
0.4548 0.4295
0.4677 0.4234
0.4613 0.4538
0.4421 0.4919
0.4819 0.4599
0.4535 0.5014
0.4191 0.5063
0.4098 0.5325
0.3881 0.493
0.2904 0.4818
0.305 0.5196
0.3062 0.4303
0.3414 0.3921
0.3311 0.381
0.2959 0.3773
0.2761 0.399
0.2659 0.3919
0.27 0.4045
0.2734 0.4819
0.2765 0.4986
0.2862 0.5123
0.2346 0.4683
0.2532 0.5196
0.2336 0.521
0.21 0.5097
0.1551 0.4976
0.132 0.468
0.1804 0.4571
0.1638 0.4667
0.1899 0.4422
0.2195 0.4639
0.2251 0.4349
0.2338 0.458
0.2124 0.3333
0.1877 0.4313
0.1993 0.3205
0.2491 0.3172
0.1947 0.2951
0.1638 0.3171
0.1522 0.3605
0.1287 0.2983
0.1281 0.3875
0.1396 0.4081
0.1326 0.4259
0.1351 0.4112
0.0699 0.3705
0.1123 0.3768
0.11 0.3459
0.0743 0.3144
0.096 0.2933
0.0614 0.2973
0.0097 0.2902
0.0523 0.2869
0.0543 0.3074
0 0.3378
0.0037 0.3537
0.0537 0.374
0.0596 0.3981
0.0504 0.3807
0.0888 0.4225
0.0907 0.3959
0.1062 0.3786
0.1152 0.3996
0.1135 0.4931
0.1254 0.4673
0.1052 0.5171
0.0379 0.4769
0.0124 0.4914
0.0083 0.48
0.0183 0.6039
0.0504 0.5629
0.0602 0.5981
0.0399 0.6217
0.0081 0.6309
0.0991 0.6376
0.1474 0.6121
0.1521 0.6157
0.1338 0.5989
0.1313 0.5857
0.1137 0.5691
0.1682 0.534
0.1898 0.5486
0.1707 0.5743
0.1796 0.5404
0.2042 0.5624
0.2062 0.5624
0.2292 0.5795
0.229 0.595
0.2298 0.619
0.2261 0.6042
0.2231 0.6139
0.2035 0.5951
0.1705 0.6228
0.1087 0.6808
0.0973 0.7131
0.1519 0.6742
0.2422 0.7269
0.2443 0.6579
0.2515 0.6487
0.2379 0.7488
0.2379 0.7321
0.2439 0.7334
0.2111 0.7569
0.2086 0.7515
0.1742 0.733
0.0865 0.756
0.0873 0.7637
0.0871 0.728
0.0952 0.7017
0.0902 0.6868
0.0774 0.6445
0.0339 0.6766
0.0115 0.656
0.0336 0.6505
0.0512 0.6956
0.0596 0.733
0.0495 0.754
0.0028 0.8027
0.0008 0.7722
0.0034 0.7685
0.0187 0.7639
0.0569 0.8232
0.1075 0.8364
0.0657 0.8566
0.093 0.8422
0.0857 0.8627
0.0596 0.8534
0.0519 0.886
0.0114 0.8371
0.0353 0.9299
0.036 0.9117
0.0353 0.9426
0.0197 0.9507
0.0368 0.9529
0.0308 0.9593
0.1079 0.9591
0.0595 0.9999
0.1222 0.9299
0.0925 0.9291
0.0525 0.9242
0.0709 0.8927
0.1494 0.9181
0.1931 0.9053
0.1794 0.9499
0.1768 0.9895
0.1805 0.9934
0.1536 0.9904
0.2557 0.9829
0.2 0.9942
0.2555 0.9672
0.2 0.9562
0.2499 0.8977
0.1973 0.9401
0.1937 0.8865
0.2393 0.8577
0.2428 0.8482
0.1735 0.8602
0.1641 0.8902
0.1244 0.8711
0.186 0.8142
0.1393 0.8456
0.209 0.7684
0.2227 0.8365
0.2267 0.8223
0.2408 0.8329
0.3036 0.8506
0.2829 0.839
0.279 0.7902
0.3069 0.8167
0.3638 0.827
0.3813 0.7857
0.3563 0.886
0.3827 0.9126
0.3403 0.8816
0.332 0.8826
0.3018 0.8752
0.2622 0.8794
0.2623 0.9587
0.2957 0.9204
0.2757 0.9314
0.2813 0.9668
0.289 0.9754
0.2954 0.9786
0.3173 0.9847
0.3499 0.9911
0.3847 0.9613
0.3069 0.9517
0.3397 0.9416
0.3618 0.9438
0.4029 0.9559
0.4286 0.9441
0.3865 0.9689
0.3929 0.9802
0.397 0.9862
0.41 0.9954
0.4857 0.9744
0.4653 0.9933
0.4946 0.9719
0.4813 0.9683
0.4949 0.9355
0.4693 0.9334
0.4674 0.8978
0.4695 0.901
0.4492 0.8548
0.3931 0.9017
0.392 0.9224
0.3879 0.862
0.4057 0.8481
0.3958 0.8017
0.4123 0.8437
0.4316 0.7914
0.479 0.8263
0.45 0.8046
0.4794 0.7697
0.4641 0.7721
0.4826 0.6997
0.4586 0.6965
0.4916 0.6552
0.4797 0.6748
0.4428 0.6797
0.3743 0.6491
0.3291 0.7375
0.4163 0.7466
0.3622 0.7828
0.4567 0.7856
0.2777 0.6915
0.3162 0.6942
0.2924 0.7637
0.2726 0.7583
0.2647 0.697
0.2587 0.7279
0.2733 0.6799
0.2604 0.6851
0.2805 0.6882
0.2924 0.6628
0.3109 0.6539
0.3281 0.662
0.3133 0.6343
0.3485 0.5948
0.3679 0.6141
0.2781 0.6439
0.2573 0.6328
0.2557 0.6088
0.319 0.5425
0.3008 0.5767
0.3275 0.5407
0.3596 0.5815
0.394 0.5667
0.397 0.5352
0.4264 0.5735
0.434 0.5422
0.4158 0.5725
0.4292 0.5791
0.4116 0.582
0.4187 0.5861
0.4569 0.6128
0.4562 0.6424
0.4443 0.5763
0.4471 0.5729
0.4801 0.5676
0.4899 0.5551
0.5011 0.5634
0.519 0.514
0.5147 0.5223
0.5164 0.6023
0.5062 0.6125
0.5115 0.6141
0.6142 0.6066
0.58 0.6067
0.5579 0.5884
0.6289 0.5844
0.5644 0.559
0.5211 0.5368
0.698 0.5393
0.6837 0.5562
0.6794 0.5568
0.7398 0.583
0.7433 0.549
0.7107 0.6092
0.7242 0.6158
0.6951 0.5873
0.6931 0.6087
0.641 0.626
0.6317 0.6312
0.6496 0.644
0.6368 0.6631
0.6582 0.6621
0.6652 0.6571
0.7418 0.6353
0.7084 0.6327
0.7205 0.7127
0.7217 0.6836
0.6996 0.7281
0.6704 0.6911
0.6649 0.6814
0.6431 0.7462
0.6312 0.7386
0.5821 0.7457
0.6229 0.7373
0.6249 0.699
0.6339 0.6704
0.5994 0.6354
0.51 0.6508
0.5343 0.6335
0.571 0.6732
0.5325 0.6784
0.5374 0.7458
0.5511 0.7035
0.5155 0.7793
0.5018 0.747
0.5236 0.756
0.5238 0.7971
0.5825 0.7542
0.5487 0.7472
0.5797 0.872
0.5994 0.8004
0.574 0.8411
0.5292 0.8147
0.5217 0.8518
0.5011 0.8042
0.534 0.8925
0.5528 0.8839
0.5661 0.909
0.5081 0.9114
0.5169 0.917
0.5417 0.9664
0.5928 0.9529
0.6104 0.9875
0.5939 0.9811
0.5975 0.9188
0.6091 0.898
0.5921 0.882
0.6272 0.9122
0.618 0.8743
0.6421 0.8972
0.6437 0.9228
0.6267 0.9294
0.662 0.9409
0.7445 0.9756
0.6908 0.9853
0.6855 0.9747
0.7057 0.9708
0.6629 0.9569
0.6682 0.939
0.6873 0.8458
0.7005 0.8014
0.7308 0.8094
0.659 0.8341
0.634 0.8149
0.6226 0.8586
0.7057 0.7836
0.7034 0.7764
0.7135 0.7708
0.7199 0.7981
0.7369 0.7917
0.7339 0.7464
0.7764 0.8228
0.7505 0.8139
0.8 0.832
0.8031 0.8117
0.8468 0.8156
0.8421 0.8159
0.8179 0.8377
0.8542 0.8464
0.8107 0.8498
0.7811 0.85
0.7647 0.8538
0.7793 0.8335
0.7556 0.8902
0.7883 0.8616
0.7685 0.9086
0.7686 0.9125
0.7621 0.9567
0.7721 0.9904
0.8206 0.9301
0.8433 0.9663
0.8004 0.9833
0.8036 0.8808
0.8585 0.8775
0.8209 0.8581
0.8657 0.9097
0.9485 0.9006
0.8819 0.9336
0.9262 0.9683
0.9207 0.9759
0.8872 0.9908
0.9883 0.9764
0.9807 0.981
0.9633 0.9685
0.9613 0.9391
0.9805 0.925
0.961 0.8969
0.9444 0.8626
0.954 0.8721
0.9355 0.8804
0.932 0.8736
0.9296 0.8825
0.9168 0.8681
0.8987 0.7888
0.8944 0.8202
0.9036 0.7955
0.9179 0.8418
0.9426 0.8067
0.9631 0.8593
0.9299 0.7343
0.9618 0.7643
0.9917 0.6996
0.9772 0.6725
0.9708 0.6715
0.9851 0.6364
0.8285 0.6429
0.8996 0.6367
0.9015 0.6506
0.8432 0.6534
0.8484 0.7131
0.885 0.7255
0.7713 0.7372
0.8094 0.7539
0.7603 0.7661
0.7589 0.7654
0.7543 0.7581
0.7525 0.749
0.7467 0.6601
0.7458 0.6356
0.777 0.7284
0.7868 0.6503
0.793 0.6626
0.8023 0.6761
0.878 0.6071
0.8878 0.5812
0.8412 0.6127
0.8097 0.5771
0.7665 0.5511
0.7753 0.6248
0.7797 0.522
0.7645 0.5472
0.7625 0.5385
0.8382 0.5421
0.849 0.5499
0.8705 0.5404
0.9492 0.5609
0.9128 0.5139
0.9174 0.5344
0.9172 0.5736
0.8933 0.5894
0.9211 0.6342
0.9969 0.571
0.9955 0.6147
0.9939 0.6202
0.9716 0.5361
0.9759 0.5358
0.9528 0.5189
0.9901 0.4511
0.9932 0.506
0.969 0.4447
0.9631 0.4673
0.9561 0.4919
0.9503 0.4887
0.8858 0.4395
0.8789 0.414
0.9095 0.3899
0.9157 0.3729
0.9932 0.3382
0.9221 0.366
0.9614 0.3168
0.9676 0.3368
0.9343 0.3037
0.9134 0.2833
0.9365 0.2747
0.9342 0.2639
0.8898 0.2715
0.8571 0.2661
0.8644 0.2802
0.8762 0.2972
0.8814 0.3367
0.9134 0.3181
0.8341 0.3446
0.8522 0.3465
0.8346 0.4107
0.8499 0.337
0.827 0.3368
0.8282 0.3258
0.8089 0.361
0.7697 0.3316
0.777 0.3518
0.8157 0.3681
0.7763 0.3926
0.7934 0.4169
0.7814 0.4713
0.7719 0.428
0.8012 0.4209
0.8098 0.4425
0.8315 0.437
0.8338 0.4566
0.8131 0.5002
0.827 0.4984
0.844 0.4729
0.813 0.4904
0.8109 0.5053
0.7818 0.5105
0.7096 0.3934
0.6948 0.4794
0.671 0.4018
0.709 0.3858
0.6788 0.372
0.6527 0.3566
0.6124 0.3895
0.5788 0.3584
0.6463 0.4098
0.599 0.4583
0.6081 0.4603
0.6487 0.4802
0.5236 0.5015
0.5306 0.4683
0.5199 0.4552
0.5198 0.4324
0.51 0.4346
0.5057 0.5115
0.5153 0.3943
0.5139 0.3694
0.536 0.4088
0.5382 0.4292
0.5457 0.3832
0.564 0.4278
0.6234 0.3332
0.635 0.3236
0.5578 0.3529
0.552 0.332
0.4985 0.2957
0.5266 0.3428
0.5334 0.2698
0.5213 0.2854
0.4977 0.2685
0.5339 0.288
0.5879 0.2634
0.6107 0.2741
0.6651 0.3149
0.6728 0.2806
0.6505 0.3179
0.6833 0.3198
0.6708 0.3416
0.6413 0.3526
0.7361 0.3083
0.7371 0.3418
0.6906 0.2999
0.7088 0.2919
0.7395 0.2833
0.7227 0.2798
0.695 0.203
0.7278 0.2197
0.7069 0.1745
0.7134 0.1546
0.6969 0.1535
0.7142 0.1492
0.6513 0.1631
0.6366 0.1515
0.6784 0.2021
0.6259 0.2063
0.6532 0.2122
0.6576 0.2337
0.5436 0.246
0.6189 0.2274
0.5981 0.2475
0.5325 0.1983
0.5026 0.23
0.5 0.2325
0.5361 0.1528
0.5273 0.1776
0.5193 0.15
0.5523 0.169
0.5782 0.153
0.617 0.1956
0.5916 0.1089
0.6029 0.1237
0.5735 0.1304
0.535 0.1131
0.5185 0.0897
0.5154 0.1173
0.5367 0.0212
0.5354 0.0244
0.5383 0.0019
0.5386 0.0492
0.5677 0.014
0.5849 0.0237
0.6554 0.0538
0.6607 0.0478
0.6652 0.0756
0.6143 0.1011
0.6649 0.1421
0.6522 0.1087
0.719 0.1095
0.7084 0.1308
0.6892 0.0551
0.6856 0.0417
0.6949 0.0289
0.6952 0.0012
0.7301 0.028
0.7289 0.0109
0.7468 0.0071
0.7739 0.0012
0.869 0.0059
0.866 0.0163
0.8569 0.0559
0.8585 0.0392
0.8506 0.0415
0.8205 0.0358
0.771 0.0292
0.7796 0.0723
0.7605 0.1801
0.7732 0.1155
0.7314 0.1476
0.7669 0.2161
0.7494 0.2293
0.7629 0.2349
0.8574 0.1491
0.8701 0.1703
0.8189 0.1559
0.8025 0.1388
0.8138 0.1225
0.8699 0.1043
0.8946 0.229
0.9292 0.1972
0.8989 0.1867
0.9154 0.2386
0.8776 0.2404
0.8954 0.2528
0.9841 0.235
0.9497 0.2353
0.9873 0.2606
0.9859 0.1936
0.9877 0.19
0.9956 0.1873
0.954 0.1117
0.9545 0.1784
0.9383 0.0886
0.9364 0.1489
0.8834 0.0869
0.8738 0.0751
0.9159 0.0262
0.9117 0.0158
0.9503 0.0019
0.9582 0.0545
0.9634 0.0647
0.9958 0.0498

2046
258 297 262 
952 934 949 
977 62 717 
104 286 88 
5 60 328 
215 232 234 
938 215 231 
861 864 865 
22 353 104 
436 110 4 
376 94 42 
109 108 436 
596 597 148 
114 832 446 
610 476 477 
138 35 136 
165 656 655 
472 453 28 
796 738 797 
119 476 34 
573 568 569 
707 706 962 
762 761 191 
70 74 526 
600 137 153 
640 643 158 
364 366 373 
330 82 86 
207 821 830 
810 205 203 
703 44 578 
730 48 671 
832 834 447 
278 276 270 
22 340 341 
288 16 19 
786 787 788 
443 405 442 
31 7 30 
453 489 29 
518 512 510 
489 6 123 
20 291 290 
168 12 167 
867 878 217 
378 42 94 
694 183 12 
599 635 151 
688 593 594 
890 14 880 
898 908 901 
325 15 59 
697 580 582 
315 21 526 
1010 1008 1009 
268 252 267 
504 503 537 
280 281 72 
296 279 17 
293 291 20 
101 102 99 
258 262 264 
353 103 415 
289 290 291 
374 372 375 
361 362 365 
396 25 24 
407 406 403 
471 470 116 
619 621 616 
457 461 456 
842 109 833 
277 274 276 
7 121 483 
114 46 832 
453 29 28 
449 448 825 
520 36 516 
7 483 135 
134 501 30 
768 765 767 
509 8 506 
502 505 125 
755 753 754 
8 507 506 
121 473 483 
459 458 444 
566 562 565 
535 133 541 
300 69 297 
511 512 513 
623 617 616 
600 0 150 
623 389 39 
546 606 35 
621 619 620 
389 624 39 
364 1 339 
13 220 222 
907 227 95 
158 643 644 
391 40 98 
704 177 959 
689 174 687 
575 321 319 
552 139 550 
79 80 78 
563 567 143 
449 825 114 
824 206 791 
47 835 832 
730 731 729 
724 726 48 
209 818 210 
858 211 856 
839 837 838 
814 219 811 
217 878 218 
882 879 881 
55 990 850 
887 14 890 
842 840 208 
850 249 248 
857 54 50 
861 52 859 
55 992 990 
863 861 865 
906 903 886 
378 94 372 
93 57 334 
331 15 322 
331 328 60 
80 59 15 
326 59 80 
77 314 315 
331 60 329 
329 345 310 
990 233 987 
720 3 180 
971 972 973 
747 188 179 
987 247 249 
264 265 258 
260 259 65 
68 257 64 
514 128 515 
299 73 298 
256 64 66 
260 67 259 
278 269 263 
259 258 64 
267 266 268 
297 69 262 
281 19 72 
302 70 306 
312 71 344 
314 310 311 
82 5 86 
16 72 19 
274 275 107 
525 73 131 
299 298 303 
304 74 70 
526 561 315 
520 521 522 
526 74 75 
15 83 84 
566 563 562 
318 83 310 
310 71 312 
15 78 80 
572 76 143 
319 80 79 
327 84 83 
319 320 80 
81 326 80 
323 958 960 
58 325 81 
5 82 60 
5 85 86 
318 327 83 
15 331 329 
79 78 316 
78 15 84 
342 91 85 
5 328 342 
346 86 91 
87 330 86 
293 347 348 
345 329 330 
289 88 286 
343 350 91 
291 349 289 
342 85 5 
351 88 90 
88 89 90 
343 91 90 
86 85 91 
368 366 92 
339 342 338 
335 93 334 
368 338 93 
377 96 40 
392 391 98 
228 229 909 
97 23 361 
96 387 624 
96 377 376 
364 373 365 
366 367 373 
390 98 40 
394 99 393 
356 99 354 
414 412 100 
410 411 409 
286 287 288 
395 101 99 
24 25 101 
412 102 100 
101 100 102 
361 352 22 
99 102 103 
90 340 351 
415 102 412 
419 285 284 
428 429 275 
425 418 420 
436 4 109 
431 107 275 
253 250 63 
27 435 434 
837 834 836 
831 833 109 
433 841 430 
110 439 438 
438 442 445 
436 424 439 
410 101 25 
410 408 413 
467 620 119 
110 445 4 
451 29 123 
445 442 444 
452 451 6 
29 450 458 
402 400 401 
28 454 455 
401 117 399 
400 397 117 
396 24 395 
606 137 136 
135 30 7 
116 469 34 
34 469 119 
482 478 481 
539 132 501 
31 485 7 
126 8 509 
500 125 124 
199 791 196 
449 450 448 
29 489 123 
507 124 506 
502 504 519 
495 494 484 
537 503 132 
782 190 781 
783 194 777 
129 127 66 
33 126 509 
518 508 509 
131 73 261 
980 754 979 
768 192 760 
528 529 531 
36 131 514 
514 131 128 
525 523 301 
120 481 540 
537 32 504 
30 538 134 
557 140 565 
135 538 30 
133 535 539 
120 135 483 
120 540 135 
587 146 588 
482 481 120 
612 604 610 
600 151 0 
602 150 601 
578 44 576 
586 139 548 
687 698 592 
558 530 557 
552 548 139 
584 141 551 
550 139 585 
569 142 45 
957 959 242 
571 143 570 
76 317 563 
142 569 145 
551 550 144 
586 582 583 
712 43 182 
548 138 587 
150 0 595 
593 688 592 
689 688 171 
597 149 595 
598 0 11 
644 645 681 
595 594 593 
601 549 602 
150 602 600 
605 151 600 
11 0 151 
619 37 613 
605 615 151 
609 153 137 
619 610 477 
634 635 157 
387 96 376 
624 155 622 
618 632 633 
624 156 155 
635 148 597 
625 626 618 
891 160 650 
631 636 157 
13 223 890 
637 629 159 
381 42 378 
650 160 648 
673 679 665 
638 640 158 
663 162 164 
649 163 162 
814 202 656 
649 222 220 
200 804 789 
804 200 805 
660 163 659 
659 165 657 
652 220 13 
676 678 677 
667 668 658 
169 167 12 
168 48 12 
674 168 167 
670 673 666 
684 149 597 
675 674 167 
160 646 647 
646 649 661 
676 692 686 
727 12 48 
695 172 694 
692 174 689 
582 590 697 
590 591 603 
696 174 172 
698 590 603 
702 581 580 
697 172 175 
701 700 176 
175 172 695 
705 177 704 
320 81 80 
693 710 176 
719 718 706 
748 744 743 
715 706 705 
718 719 720 
714 711 713 
712 181 43 
693 175 695 
713 709 712 
728 695 694 
12 183 169 
694 174 183 
781 190 193 
816 10 219 
799 797 798 
672 671 674 
779 194 781 
728 182 43 
1020 1017 1019 
188 180 179 
762 191 192 
717 720 188 
765 768 769 
738 735 186 
496 782 781 
794 793 184 
774 771 773 
1017 1016 982 
129 66 257 
191 189 776 
780 193 190 
741 743 737 
197 198 783 
779 193 778 
494 486 484 
500 485 31 
657 658 668 
199 792 791 
184 196 197 
787 198 206 
195 784 783 
791 206 198 
793 794 796 
196 201 199 
657 164 660 
199 201 200 
795 800 185 
13 217 218 
865 868 51 
805 204 804 
656 165 652 
802 804 801 
806 803 204 
202 811 203 
822 209 821 
827 452 788 
198 197 791 
828 207 830 
792 199 200 
875 210 49 
838 50 856 
820 209 210 
824 819 826 
820 210 2 
875 872 837 
858 212 853 
208 838 856 
211 858 853 
213 846 854 
1002 999 1000 
843 430 841 
850 990 249 
852 212 214 
928 926 215 
940 937 938 
52 862 55 
879 868 14 
868 867 880 
13 890 880 
203 655 656 
654 163 220 
878 877 813 
815 656 218 
649 220 163 
13 218 652 
913 906 912 
879 51 868 
223 222 160 
223 13 222 
895 383 225 
888 889 223 
888 224 41 
372 371 378 
888 223 891 
379 381 378 
899 226 897 
379 378 371 
911 907 95 
902 230 885 
905 230 901 
943 57 332 
939 229 228 
885 41 224 
224 902 885 
900 894 899 
887 881 221 
335 943 228 
938 232 215 
925 55 862 
926 928 991 
986 969 61 
235 937 232 
928 929 233 
236 942 948 
961 238 957 
914 906 913 
323 324 81 
945 947 239 
243 241 960 
323 81 320 
948 942 946 
956 333 58 
960 240 323 
955 58 240 
952 966 968 
954 955 241 
961 242 707 
961 957 242 
963 243 962 
967 968 970 
754 980 984 
717 188 751 
1013 1011 254 
750 188 747 
994 246 63 
985 986 61 
248 249 995 
929 928 927 
63 250 1001 
989 247 929 
52 55 850 
1004 849 1003 
1012 1014 252 
1008 1005 251 
852 213 212 
262 263 269 
1008 251 1012 
1014 253 63 
998 246 993 
63 254 1014 
1021 1011 1013 
63 246 998 
763 761 762 
515 256 66 
65 64 256 
129 766 765 
68 267 1022 
64 258 68 
259 297 258 
65 259 64 
67 297 259 
515 260 65 
128 131 260 
260 261 67 
260 131 261 
264 262 18 
69 17 263 
266 262 269 
262 69 263 
266 265 264 
265 68 258 
18 266 264 
266 267 265 
262 266 18 
252 1014 1011 
1011 267 252 
68 265 267 
269 268 266 
1008 271 1005 
17 278 263 
276 274 107 
269 270 268 
1005 53 1006 
276 271 270 
107 273 271 
431 272 273 
1007 1005 272 
429 431 275 
272 271 273 
282 275 277 
107 271 276 
283 284 282 
428 419 426 
269 278 270 
279 72 277 
16 282 72 
275 274 277 
279 278 17 
277 276 278 
278 279 277 
295 69 294 
279 280 72 
294 20 281 
279 296 280 
20 19 281 
72 282 277 
284 105 419 
16 283 282 
16 288 283 
282 284 285 
283 105 284 
282 285 275 
105 417 419 
415 412 414 
287 283 288 
416 415 414 
105 283 287 
286 288 289 
88 289 89 
290 19 20 
288 290 289 
288 19 290 
292 293 20 
87 86 346 
306 307 302 
20 294 300 
307 347 292 
293 348 346 
280 294 281 
69 300 294 
280 295 294 
296 69 295 
69 296 17 
295 280 296 
261 297 67 
300 292 20 
302 303 301 
73 301 298 
261 299 297 
261 73 299 
299 300 297 
303 298 301 
524 527 301 
304 70 302 
303 302 292 
301 304 302 
300 303 292 
300 299 303 
36 522 523 
305 74 304 
75 305 304 
75 74 305 
21 306 70 
307 292 302 
308 307 306 
308 309 307 
313 311 308 
347 293 292 
311 309 308 
344 87 346 
318 310 314 
83 15 329 
306 313 308 
21 314 311 
311 312 309 
311 310 312 
21 313 306 
21 311 313 
315 314 21 
77 318 314 
77 315 317 
21 70 526 
317 316 77 
572 143 571 
76 316 317 
316 318 77 
316 327 318 
316 76 572 
575 45 577 
575 574 321 
321 957 958 
319 321 320 
574 576 321 
955 956 58 
338 57 93 
321 323 320 
324 58 81 
240 324 323 
240 58 324 
322 325 58 
322 15 325 
325 326 81 
325 59 326 
78 327 316 
78 84 327 
338 328 337 
338 342 328 
83 329 310 
60 82 330 
345 330 87 
329 60 330 
333 331 322 
332 337 331 
333 332 331 
333 947 332 
58 333 322 
237 947 333 
946 943 332 
335 944 943 
911 93 335 
944 336 334 
335 909 911 
331 337 328 
332 57 337 
57 338 337 
92 364 339 
92 339 338 
1 342 339 
104 340 22 
90 91 341 
362 363 342 
340 90 341 
362 342 1 
341 91 342 
89 343 90 
349 291 346 
312 344 348 
71 345 344 
344 345 87 
71 310 345 
350 349 346 
291 293 346 
309 347 307 
348 344 346 
309 348 347 
309 312 348 
91 350 346 
89 289 349 
89 350 343 
89 349 350 
104 351 340 
104 88 351 
360 355 352 
354 103 353 
352 353 22 
354 99 103 
352 354 353 
393 359 98 
352 355 357 
360 23 97 
357 356 354 
355 358 356 
352 357 354 
355 356 357 
97 358 360 
359 356 358 
97 374 375 
98 394 393 
355 360 358 
352 23 360 
352 361 23 
22 341 363 
365 362 1 
363 341 342 
361 363 362 
361 22 363 
338 368 92 
368 369 370 
364 365 1 
97 361 365 
92 366 364 
374 370 372 
368 367 366 
377 94 376 
95 368 93 
95 227 369 
95 369 368 
227 56 369 
368 370 367 
371 56 380 
369 371 370 
369 56 371 
358 97 375 
370 371 372 
365 373 374 
367 370 373 
365 374 97 
373 370 374 
392 375 391 
372 94 377 
381 382 42 
385 387 376 
391 377 40 
375 372 377 
226 380 56 
376 42 382 
380 379 371 
382 384 154 
225 380 226 
225 383 380 
380 381 379 
384 159 629 
385 382 154 
381 383 384 
380 383 381 
891 892 888 
381 384 382 
383 891 896 
382 385 376 
154 386 385 
636 637 158 
386 627 385 
627 156 387 
624 387 156 
397 25 390 
398 388 399 
96 624 389 
388 390 40 
388 397 390 
359 392 98 
375 377 391 
358 392 359 
358 375 392 
356 393 99 
356 359 393 
390 394 98 
395 99 394 
396 395 394 
24 101 395 
390 396 394 
390 25 396 
398 397 388 
117 401 400 
397 398 117 
388 389 399 
622 623 39 
117 398 399 
404 407 403 
411 397 400 
465 402 401 
460 462 403 
464 463 460 
403 400 402 
460 403 402 
112 26 404 
112 404 403 
422 405 443 
26 405 407 
445 444 114 
403 406 409 
407 405 422 
26 407 404 
421 423 420 
407 422 406 
413 101 410 
403 409 400 
406 408 409 
411 410 25 
409 408 410 
397 411 25 
400 409 411 
417 414 100 
415 416 104 
101 413 100 
408 406 413 
287 416 417 
416 286 104 
353 415 104 
103 102 415 
417 416 414 
287 286 416 
418 417 100 
105 287 417 
413 421 100 
418 425 426 
418 426 417 
428 275 285 
441 440 425 
418 100 421 
418 421 420 
413 406 422 
423 422 111 
421 413 422 
441 423 111 
421 422 423 
27 424 106 
426 419 417 
441 439 440 
424 27 426 
440 426 425 
27 427 426 
426 427 428 
432 430 431 
429 428 427 
285 419 428 
27 432 427 
431 273 107 
106 435 27 
843 1007 430 
432 431 429 
430 272 431 
427 432 429 
27 433 432 
432 433 430 
839 840 842 
27 434 433 
108 109 434 
434 435 108 
437 424 436 
437 436 108 
437 106 424 
435 437 108 
435 106 437 
436 439 110 
111 422 443 
438 439 111 
441 425 420 
424 440 439 
424 426 440 
423 441 420 
111 439 441 
26 442 405 
26 112 459 
438 443 442 
438 111 443 
113 445 114 
442 26 444 
447 445 113 
110 438 445 
113 446 447 
113 114 446 
445 447 4 
446 832 447 
826 448 452 
491 452 492 
444 449 114 
456 454 28 
451 450 29 
459 444 26 
6 451 123 
448 450 451 
451 452 448 
491 786 788 
455 474 28 
472 488 489 
29 458 28 
461 460 463 
474 455 471 
454 456 461 
449 458 450 
457 115 461 
28 458 456 
458 115 457 
456 458 457 
449 444 458 
462 459 112 
115 458 459 
471 461 470 
115 459 462 
454 461 455 
115 460 461 
403 462 112 
460 115 462 
470 463 464 
460 402 464 
465 464 402 
465 466 470 
399 389 623 
465 470 464 
470 466 468 
622 39 624 
469 467 119 
468 621 467 
470 468 116 
466 621 468 
468 469 116 
468 467 469 
34 471 116 
461 463 470 
474 471 34 
455 461 471 
474 472 28 
489 490 492 
474 473 472 
121 484 486 
118 483 34 
483 473 474 
34 475 118 
609 137 607 
34 476 611 
613 610 619 
119 477 476 
119 38 477 
480 478 479 
542 543 541 
475 479 118 
475 480 479 
608 609 475 
137 606 607 
118 482 120 
534 543 545 
479 482 118 
479 478 482 
34 483 474 
118 120 483 
495 484 485 
121 7 485 
121 485 484 
31 125 500 
785 490 493 
473 121 486 
473 487 472 
473 486 487 
487 488 472 
487 486 493 
472 489 453 
488 493 489 
492 490 122 
488 487 493 
6 492 452 
122 785 786 
491 492 122 
6 489 492 
785 493 494 
490 489 493 
785 494 499 
493 486 494 
496 499 500 
499 494 495 
784 497 496 
497 498 499 
781 784 496 
499 495 500 
195 498 497 
195 785 499 
497 499 496 
498 195 499 
507 500 124 
495 485 500 
503 501 132 
31 30 501 
505 502 506 
125 31 503 
125 503 502 
31 501 503 
517 519 32 
502 503 504 
124 505 506 
124 125 505 
519 518 506 
8 126 507 
770 772 782 
496 500 507 
515 512 514 
510 511 508 
519 517 518 
508 33 509 
518 510 508 
511 33 508 
512 511 510 
127 769 511 
66 513 515 
513 127 511 
515 513 512 
66 127 513 
130 516 32 
516 36 514 
260 515 128 
65 256 515 
517 516 514 
130 520 516 
516 517 32 
514 512 517 
506 518 509 
517 512 518 
502 519 506 
504 32 519 
32 537 130 
556 531 530 
537 535 536 
555 534 545 
304 301 527 
36 520 522 
73 525 301 
527 75 304 
523 524 301 
523 522 529 
36 525 131 
36 523 525 
527 529 75 
559 560 526 
523 527 524 
529 528 75 
559 528 556 
526 75 528 
523 529 527 
531 521 530 
532 530 521 
555 554 557 
522 531 529 
522 521 531 
520 536 521 
535 541 532 
532 533 530 
540 481 478 
133 538 541 
545 547 544 
536 535 532 
537 539 535 
521 536 532 
520 130 537 
539 537 132 
536 520 537 
542 538 540 
133 134 538 
134 539 501 
134 133 539 
546 540 478 
538 135 540 
533 541 534 
533 532 541 
538 542 541 
547 35 544 
541 543 534 
542 540 546 
555 545 554 
35 548 544 
554 545 544 
543 542 546 
543 546 545 
607 480 609 
546 547 545 
546 35 547 
138 548 35 
138 549 587 
602 549 138 
601 147 589 
140 550 141 
552 544 548 
550 551 141 
583 145 569 
140 552 550 
553 544 552 
140 553 552 
140 554 553 
557 554 140 
544 553 554 
533 555 530 
533 534 555 
559 556 9 
528 531 556 
556 558 9 
530 555 557 
9 558 557 
556 530 558 
528 559 526 
561 562 315 
526 560 561 
559 9 560 
9 565 560 
562 317 315 
560 565 561 
566 140 141 
76 563 143 
317 562 563 
563 566 567 
573 45 575 
561 565 562 
9 557 565 
140 566 565 
567 564 143 
141 567 566 
141 584 567 
567 584 564 
569 45 573 
584 569 568 
551 144 583 
564 570 143 
564 568 570 
568 571 570 
572 573 316 
568 572 571 
573 79 316 
568 573 572 
319 79 573 
577 574 575 
959 177 242 
573 575 319 
45 142 577 
577 576 574 
44 704 576 
579 577 142 
578 576 577 
579 578 577 
702 697 699 
145 579 142 
145 580 581 
702 580 697 
145 582 580 
579 581 578 
579 145 581 
583 582 145 
590 173 697 
584 583 569 
144 585 583 
564 584 568 
551 583 584 
583 585 586 
144 550 585 
139 586 585 
588 582 586 
548 587 586 
549 589 587 
587 588 586 
146 591 588 
603 589 147 
146 587 589 
588 591 582 
593 147 601 
582 591 590 
146 589 591 
687 592 688 
603 147 593 
592 698 603 
150 595 593 
684 597 596 
598 595 0 
149 594 595 
644 681 148 
149 684 594 
598 597 595 
596 681 684 
151 598 11 
635 597 598 
616 618 615 
626 625 156 
137 600 136 
153 605 600 
593 601 150 
589 549 601 
136 602 138 
136 600 602 
592 603 593 
591 589 603 
153 609 152 
611 476 610 
152 605 153 
613 614 605 
35 606 136 
607 478 480 
546 607 606 
546 478 607 
152 608 604 
475 34 611 
475 609 480 
608 152 609 
608 611 604 
477 38 619 
604 611 610 
608 475 611 
152 612 605 
152 604 612 
612 613 605 
612 610 613 
615 614 616 
613 37 614 
151 615 599 
605 614 615 
623 616 621 
614 37 616 
156 625 155 
618 616 617 
615 618 599 
626 156 627 
620 619 38 
616 37 619 
119 620 38 
466 465 621 
467 621 620 
623 401 399 
617 623 155 
623 465 401 
465 623 621 
622 155 623 
96 389 388 
96 388 40 
617 625 618 
617 155 625 
154 629 386 
630 632 626 
385 627 387 
386 626 627 
633 630 628 
630 386 629 
630 629 628 
154 384 629 
386 630 626 
618 633 599 
628 631 633 
636 158 157 
633 632 630 
618 626 632 
157 633 631 
157 635 633 
599 633 635 
157 158 634 
151 635 598 
634 148 635 
628 636 631 
628 629 637 
638 637 159 
636 628 637 
637 638 158 
639 640 638 
159 639 638 
650 641 891 
643 640 161 
896 159 384 
650 651 641 
896 384 383 
639 159 651 
651 159 642 
682 643 161 
161 648 682 
634 644 148 
634 158 644 
682 645 643 
644 643 645 
680 646 662 
160 222 649 
170 683 680 
648 160 647 
682 648 647 
161 640 651 
661 649 162 
646 160 649 
161 650 648 
651 642 641 
161 651 650 
640 639 651 
656 652 218 
165 163 653 
652 653 220 
652 165 653 
653 654 220 
653 163 654 
205 812 203 
657 165 655 
878 815 218 
202 203 656 
658 657 655 
666 668 670 
203 812 655 
801 667 802 
660 659 657 
163 165 659 
162 660 164 
162 163 660 
664 662 663 
662 646 661 
663 662 661 
664 680 662 
666 663 164 
661 162 663 
679 664 665 
170 680 664 
670 672 673 
664 663 665 
668 666 164 
665 663 666 
655 802 658 
670 185 669 
657 668 164 
670 801 185 
732 725 724 
669 672 670 
671 672 669 
668 667 801 
185 671 669 
48 168 671 
168 674 671 
166 679 673 
666 673 665 
672 166 673 
169 677 167 
675 672 674 
677 675 167 
166 672 675 
678 676 686 
169 183 691 
676 677 169 
678 675 677 
166 678 170 
166 675 678 
170 679 166 
170 664 679 
683 682 680 
647 646 680 
683 684 682 
596 148 681 
680 682 647 
681 645 682 
678 683 170 
684 681 682 
686 684 683 
171 594 684 
684 686 171 
692 183 174 
678 686 683 
685 171 686 
698 173 590 
171 688 594 
171 685 689 
692 689 685 
687 688 689 
174 690 687 
174 696 690 
692 691 183 
676 169 691 
686 692 685 
676 691 692 
710 693 181 
176 700 693 
181 695 728 
172 174 694 
727 728 694 
181 693 695 
697 696 172 
173 698 696 
696 697 173 
175 699 697 
690 698 687 
690 696 698 
578 702 703 
701 176 178 
175 700 699 
175 693 700 
700 701 699 
701 705 704 
701 703 699 
578 581 702 
699 703 702 
701 704 703 
703 704 44 
701 178 708 
708 705 701 
707 242 177 
715 714 716 
964 706 718 
705 707 177 
705 706 707 
176 710 178 
711 715 708 
713 711 709 
708 178 709 
712 710 181 
709 178 710 
722 716 714 
708 709 711 
713 712 182 
709 710 712 
723 713 182 
179 714 713 
722 714 179 
716 721 715 
708 715 705 
711 714 715 
3 721 722 
721 706 715 
977 717 752 
62 974 720 
974 718 720 
720 719 3 
188 720 180 
717 62 720 
722 721 716 
721 3 719 
180 722 179 
180 3 722 
736 745 725 
179 713 723 
729 724 48 
723 726 724 
736 725 733 
723 724 725 
48 726 727 
723 182 726 
182 727 726 
694 12 727 
182 728 727 
43 181 728 
732 733 725 
732 724 729 
185 734 671 
729 48 730 
671 731 730 
797 795 796 
731 732 729 
733 186 736 
731 733 732 
731 671 734 
731 734 799 
185 801 803 
740 741 738 
735 746 736 
735 736 186 
746 737 744 
743 187 748 
743 744 737 
739 740 796 
737 735 738 
777 739 796 
778 189 742 
796 740 738 
756 757 753 
738 741 737 
740 739 742 
740 742 741 
739 778 742 
742 758 741 
742 757 758 
736 746 745 
749 750 747 
723 745 747 
723 725 745 
745 746 744 
735 737 746 
723 747 179 
745 748 747 
747 748 187 
745 744 748 
187 756 747 
757 742 189 
747 756 749 
751 188 750 
753 751 750 
752 717 751 
753 755 751 
978 985 977 
749 756 750 
759 191 761 
979 754 245 
753 759 754 
978 755 244 
752 751 755 
750 756 753 
187 743 758 
191 759 189 
758 743 741 
756 758 757 
756 187 758 
757 759 753 
757 189 759 
33 769 770 
780 189 778 
754 761 764 
754 759 761 
767 1019 762 
764 245 754 
245 764 255 
769 768 770 
763 764 761 
1018 1017 255 
767 765 766 
127 129 765 
257 66 64 
1021 1022 267 
1019 1018 763 
762 192 768 
127 765 769 
767 762 768 
511 769 33 
768 760 770 
33 770 126 
776 775 192 
782 771 190 
775 760 192 
126 770 782 
770 760 772 
772 773 771 
772 760 773 
771 774 776 
776 192 191 
773 775 774 
773 760 775 
771 776 780 
774 775 776 
778 777 779 
794 783 777 
780 778 193 
739 777 778 
193 779 781 
777 194 779 
771 780 190 
776 189 780 
784 781 194 
496 507 782 
126 782 507 
772 771 782 
197 783 794 
198 785 783 
783 784 194 
195 497 784 
490 785 122 
195 783 785 
122 786 491 
785 198 787 
788 787 206 
786 785 787 
824 788 206 
452 491 788 
10 808 809 
792 200 789 
809 807 792 
823 808 822 
196 791 197 
790 824 791 
809 792 789 
790 791 792 
196 793 201 
196 184 793 
796 794 777 
184 197 794 
793 796 803 
797 738 186 
803 796 795 
733 797 186 
800 734 185 
733 798 797 
733 731 799 
797 799 795 
798 733 799 
799 800 795 
799 734 800 
803 801 204 
670 668 801 
658 802 667 
804 204 801 
185 803 795 
806 793 803 
812 804 802 
812 789 804 
201 805 200 
201 806 805 
805 806 204 
201 793 806 
792 807 790 
10 816 817 
819 822 207 
807 809 808 
205 809 789 
205 10 809 
10 810 219 
10 205 810 
810 811 219 
810 203 811 
655 812 802 
205 789 812 
868 866 869 
877 816 219 
219 814 815 
811 202 814 
219 815 813 
814 656 815 
818 816 49 
817 808 10 
818 817 816 
818 808 817 
210 818 49 
209 808 818 
829 825 828 
825 826 819 
830 821 2 
821 209 820 
2 821 820 
207 822 821 
807 823 790 
808 209 822 
824 823 822 
807 808 823 
823 824 790 
822 819 824 
828 825 819 
46 114 825 
824 826 827 
825 448 826 
824 827 788 
826 452 827 
207 828 819 
47 46 829 
47 829 828 
46 825 829 
836 830 2 
47 828 830 
4 831 109 
4 447 831 
47 832 46 
47 830 835 
839 842 833 
831 447 834 
210 837 836 
833 831 834 
836 835 830 
834 832 835 
210 836 2 
834 835 836 
838 837 50 
833 834 837 
54 856 50 
839 833 837 
208 839 838 
109 842 844 
208 840 839 
208 853 854 
844 841 434 
433 434 841 
854 843 844 
844 434 109 
854 845 843 
53 1007 843 
854 844 842 
843 841 844 
846 845 854 
847 843 845 
53 847 848 
847 845 846 
848 847 846 
53 843 847 
849 1004 846 
1006 53 848 
1003 849 850 
846 213 849 
248 999 1003 
851 214 850 
849 851 850 
849 213 852 
851 852 214 
851 849 852 
854 853 212 
208 211 853 
208 854 842 
212 213 854 
214 858 860 
856 54 855 
858 856 855 
211 208 856 
871 870 869 
869 54 857 
859 858 855 
214 212 858 
860 859 52 
864 54 865 
214 860 52 
858 859 860 
51 882 922 
859 855 861 
922 862 863 
52 861 863 
879 882 51 
862 52 863 
855 864 861 
855 54 864 
863 865 51 
870 872 876 
54 866 865 
876 877 878 
880 867 217 
871 857 50 
221 879 14 
865 866 868 
868 869 870 
866 54 869 
868 870 867 
869 857 871 
837 871 50 
872 870 871 
837 872 871 
875 874 876 
876 873 877 
874 816 877 
876 874 873 
49 816 874 
210 875 837 
49 874 875 
870 876 867 
872 875 876 
813 877 219 
873 874 877 
815 878 813 
867 876 878 
881 879 221 
51 922 863 
13 880 217 
14 868 880 
920 904 917 
221 14 887 
883 882 881 
216 921 922 
915 918 919 
919 922 883 
920 917 919 
883 881 884 
886 885 230 
884 881 887 
906 886 905 
903 885 886 
885 887 41 
885 884 887 
889 888 41 
223 160 891 
887 890 41 
890 223 889 
889 41 890 
896 891 641 
892 224 888 
383 892 891 
893 894 900 
226 894 225 
892 383 893 
892 893 900 
895 225 894 
893 895 894 
893 383 895 
642 896 641 
642 159 896 
56 897 226 
56 227 898 
56 898 897 
905 886 230 
226 899 894 
901 230 902 
902 900 899 
902 892 900 
897 901 899 
897 898 901 
892 902 224 
899 901 902 
231 916 914 
920 885 903 
906 914 903 
918 216 922 
908 906 905 
913 912 229 
901 908 905 
908 907 910 
909 910 911 
910 912 908 
227 908 898 
227 907 908 
335 336 944 
229 236 913 
911 910 907 
912 906 908 
93 911 95 
335 334 336 
909 912 910 
909 229 912 
941 913 236 
914 904 903 
941 914 913 
231 215 916 
914 916 917 
923 216 918 
917 916 915 
916 924 923 
919 917 915 
904 914 917 
919 918 922 
915 916 923 
884 919 883 
884 920 919 
904 920 903 
884 885 920 
924 926 216 
925 862 921 
883 922 882 
921 862 922 
915 923 918 
916 215 924 
991 925 926 
216 923 924 
216 925 921 
928 215 234 
216 926 925 
924 215 926 
232 935 234 
929 247 233 
927 928 234 
233 991 928 
935 933 931 
930 989 929 
931 930 929 
932 989 930 
927 935 929 
933 934 967 
931 932 930 
969 988 989 
937 933 935 
931 929 935 
241 243 951 
966 951 243 
234 935 927 
937 936 933 
940 936 937 
950 933 936 
232 937 935 
235 938 937 
940 938 231 
235 232 938 
236 939 942 
236 229 939 
941 940 231 
236 950 940 
940 941 236 
231 914 941 
946 942 943 
939 228 943 
57 943 334 
942 939 943 
943 944 334 
335 228 909 
949 948 945 
949 950 948 
947 946 332 
945 948 946 
239 947 237 
945 946 947 
239 953 945 
950 236 948 
954 951 953 
950 936 940 
934 950 949 
934 933 950 
953 951 952 
966 243 963 
953 952 949 
965 966 963 
945 953 949 
239 954 953 
951 954 241 
239 237 956 
241 955 240 
956 237 333 
954 956 955 
954 239 956 
958 957 238 
321 576 959 
960 958 238 
323 321 958 
321 959 957 
576 704 959 
243 960 238 
241 240 960 
962 961 707 
962 238 961 
963 962 706 
243 238 962 
964 963 706 
967 931 933 
972 971 964 
971 965 964 
964 965 963 
971 969 965 
968 966 965 
952 951 966 
952 968 934 
968 969 970 
969 968 965 
967 934 968 
970 969 989 
986 985 984 
931 970 932 
931 967 970 
964 718 974 
61 969 971 
719 706 721 
973 61 971 
976 973 974 
964 974 973 
976 974 62 
973 972 964 
985 975 977 
61 973 975 
977 976 62 
975 973 976 
978 977 752 
975 976 977 
755 978 752 
244 985 978 
255 979 245 
255 980 979 
1017 1015 1016 
984 755 754 
997 988 986 
982 980 255 
983 982 981 
983 980 982 
984 983 981 
984 980 983 
755 984 244 
993 246 248 
984 985 244 
61 975 985 
981 986 984 
988 969 986 
990 987 249 
233 247 987 
981 997 986 
996 247 988 
970 989 932 
988 247 989 
850 214 52 
992 991 990 
990 991 233 
992 925 991 
55 925 992 
996 997 995 
998 254 63 
250 1000 1001 
248 246 994 
248 995 993 
249 247 996 
997 996 988 
995 249 996 
998 997 981 
993 995 997 
997 998 993 
1015 1013 254 
994 1001 248 
1000 251 1002 
1001 1000 999 
250 251 1000 
248 1001 999 
994 63 1001 
1006 1002 251 
848 846 1004 
850 248 1003 
999 1004 1003 
1002 1004 999 
1002 848 1004 
250 1012 251 
271 272 1005 
1002 1006 848 
251 1005 1006 
430 1007 272 
53 1005 1007 
1009 1008 252 
270 271 1008 
268 1010 252 
1010 270 1008 
252 1010 1009 
268 270 1010 
998 1015 254 
1013 1020 1021 
1008 1012 252 
250 253 1012 
1017 1013 1015 
766 1022 1019 
1011 1014 254 
1012 253 1014 
981 1016 998 
1017 982 255 
998 1016 1015 
981 982 1016 
764 1018 255 
1019 767 766 
763 1018 764 
763 762 1019 
129 257 1022 
1017 1018 1019 
1017 1020 1013 
129 1022 766 
1022 1021 1020 
267 1011 1021 
1019 1022 1020 
257 68 1022 

152 61 528 
1901 1905 1935 
1444 1439 1953 
190 711 836 
131 185 178 
1855 1852 477 
1830 1877 477 
1721 126 1730 
837 688 714 
240 227 883 
45 765 743 
879 227 876 
327 1369 1195 
902 900 74 
961 321 1215 
1218 1210 1103 
449 1317 420 
75 951 985 
1594 1466 1483 
959 253 961 
1145 1144 1153 
1925 1923 1420 
1510 390 522 
165 641 162 
320 1207 1206 
100 336 1286 
209 208 740 
157 187 668 
1642 427 1645 
1316 1625 1623 
291 1403 1413 
1349 1465 1464 
1669 902 1673 
553 563 568 
691 731 688 
158 591 578 
1577 912 1578 
891 893 816 
251 1010 256 
261 75 985 
1029 1027 1044 
909 261 992 
63 589 59 
348 350 349 
117 1736 1759 
10 128 333 
380 1458 381 
1276 1236 1274 
313 1381 308 
1763 448 120 
1813 1804 1817 
132 662 660 
1168 360 1167 
641 163 638 
2016 2020 2019 
545 151 2018 
265 279 1016 
153 571 598 
567 602 573 
42 592 701 
221 216 219 
535 142 0 
838 837 713 
42 192 590 
763 726 741 
732 739 734 
217 249 800 
819 807 823 
943 947 927 
1238 1245 95 
918 923 920 
232 1668 1681 
550 568 566 
85 78 976 
1666 13 1653 
915 17 39 
1655 108 260 
1036 1040 1052 
284 251 73 
1010 280 1085 
1533 1540 392 
84 1043 257 
1018 1013 1011 
1512 1962 1507 
262 81 1020 
956 73 980 
924 908 926 
1137 1139 167 
1075 1072 283 
152 610 599 
1033 1032 1029 
1241 1238 1250 
307 315 289 
96 805 937 
1218 1102 1220 
1244 1248 69 
940 93 786 
687 685 738 
340 458 345 
745 467 1818 
1297 1295 25 
210 203 762 
1156 1920 368 
1385 1384 359 
651 1157 649 
297 1111 295 
170 182 172 
1140 1133 1135 
1653 905 76 
411 1586 1579 
1673 1666 1667 
1467 1464 1465 
1455 1451 1452 
1638 431 1639 
1715 1714 437 
1676 1680 1679 
1624 1631 1630 
1318 417 44 
1760 1766 1728 
441 510 125 
49 1780 1765 
1682 1710 874 
506 2006 441 
1678 1737 1717 
1720 1725 1727 
1982 119 1985 
7 1732 1727 
1775 1774 1809 
759 462 45 
1887 200 654 
660 671 181 
4 135 682 
51 170 133 
132 175 662 
638 640 639 
670 181 131 
699 667 189 
1976 1975 1983 
1448 1443 1442 
1950 1946 1929 
389 1497 503 
1991 1975 1976 
540 61 539 
529 531 148 
1535 527 2045 
1037 1023 276 
607 161 609 
1535 523 524 
530 143 533 
515 549 563 
527 529 528 
547 55 542 
538 0 89 
158 57 574 
622 594 613 
697 696 169 
635 633 630 
179 27 178 
153 35 565 
228 550 566 
271 1057 1053 
611 617 146 
23 613 619 
1126 53 1127 
1070 1052 1071 
621 1064 23 
173 183 631 
1134 87 1135 
667 630 180 
155 635 699 
106 132 183 
1133 643 647 
106 1154 174 
166 180 664 
369 172 651 
133 369 661 
1917 492 1918 
661 656 659 
668 4 157 
197 157 193 
173 168 646 
135 631 130 
663 1152 106 
166 664 170 
197 193 693 
666 193 4 
197 706 593 
27 593 669 
704 597 627 
670 669 136 
3 587 588 
706 196 708 
707 63 695 
179 185 184 
195 222 711 
694 194 588 
689 694 191 
184 186 179 
740 736 742 
666 686 687 
129 1824 679 
654 744 736 
1255 762 207 
101 789 758 
1826 1890 471 
730 739 719 
783 786 323 
743 323 202 
754 738 26 
755 26 742 
101 787 795 
793 727 796 
715 720 793 
218 831 583 
830 828 827 
584 587 840 
60 796 798 
237 798 66 
219 213 223 
218 60 833 
714 735 730 
838 715 60 
710 194 691 
218 583 838 
579 576 864 
557 846 863 
849 886 844 
1664 11 9 
159 557 866 
508 517 2025 
877 875 867 
1675 1670 1677 
71 1664 1671 
440 873 1685 
885 898 883 
242 898 893 
887 883 878 
217 827 824 
834 824 828 
1246 941 1248 
901 9 898 
261 909 907 
896 818 235 
909 989 911 
919 915 907 
802 809 812 
929 913 906 
806 1249 802 
803 802 808 
798 797 66 
1206 1218 968 
38 78 282 
253 947 945 
941 19 252 
1074 287 972 
1009 1085 1081 
976 38 405 
81 269 1020 
1018 1007 978 
1585 413 407 
910 76 919 
41 241 39 
1017 84 1007 
1046 1045 1016 
404 975 998 
1009 1081 56 
382 394 1545 
1562 1558 1571 
1034 398 1534 
257 1026 1543 
1026 1043 1027 
609 534 160 
1511 1960 500 
1546 1542 1538 
1069 1120 1062 
276 1036 1057 
532 145 275 
1055 1053 1058 
1074 285 287 
1046 56 1047 
1084 79 282 
1139 1138 1115 
280 251 1088 
1078 1086 88 
78 974 285 
1088 284 278 
1184 1183 1186 
278 969 254 
1228 1233 1231 
317 92 316 
1208 314 315 
1160 1162 30 
295 1181 1179 
1193 1191 1401 
1122 1123 1124 
292 105 1108 
1109 1176 1142 
1179 1178 105 
1158 1144 302 
1156 497 1919 
1147 1149 643 
1134 1133 644 
1110 1165 298 
1178 1146 1109 
1171 1177 1180 
387 1429 376 
1104 1181 1103 
1196 1194 92 
1191 1212 48 
1381 1382 1384 
1197 1200 352 
317 1202 1196 
1371 1198 1297 
48 1194 1197 
1105 290 1209 
1211 92 290 
289 1207 319 
289 1202 311 
1235 960 1245 
1236 316 1237 
24 958 1214 
14 1227 960 
1273 1275 1277 
207 761 206 
1253 940 326 
1270 1267 1271 
1240 324 783 
12 1203 1277 
1271 1256 1205 
334 1285 1779 
1269 1272 1278 
1781 448 458 
771 1280 1279 
45 464 760 
1301 1306 329 
1334 1352 1351 
25 1282 1283 
1326 1332 1333 
1327 1304 453 
1319 1633 1631 
98 453 1299 
1611 1582 342 
1612 419 341 
1325 1324 1327 
1317 1324 1325 
98 454 1312 
1361 1360 1358 
406 1606 1347 
43 380 1354 
357 43 1349 
43 353 1350 
1352 1321 1336 
310 1195 1199 
350 1356 1355 
1367 1301 1305 
1304 1329 1305 
1389 1358 1390 
349 1455 1458 
1394 379 367 
103 1383 1377 
1172 52 1189 
1213 363 1189 
1394 1397 1386 
361 1193 1380 
1166 1167 1410 
367 1400 1397 
1392 1404 1407 
358 377 365 
102 1408 1419 
175 174 489 
1421 1392 1391 
1418 1945 374 
1478 1477 1500 
1420 1435 1438 
1442 1441 371 
1423 1432 1436 
1460 305 1425 
367 1396 1406 
1430 1429 1423 
358 1395 1393 
1359 348 46 
1377 46 1394 
400 1561 266 
1622 1629 1617 
1598 1601 1600 
1350 1355 1346 
1565 1561 1562 
305 1460 1459 
2039 2044 2040 
1447 140 1443 
1552 1538 22 
1443 501 1444 
1530 1539 80 
1475 1594 1480 
266 1001 1566 
1590 1592 412 
1549 1553 1551 
2033 2031 1961 
1535 2038 268 
1564 1552 1517 
382 1563 1559 
1478 1485 1518 
1570 1569 426 
1559 1557 1561 
954 264 996 
256 978 1008 
347 1342 1320 
1588 259 428 
1585 1592 1590 
411 1577 1576 
1571 1574 1572 
409 426 109 
1591 1593 395 
415 259 1589 
1326 1324 1342 
1612 428 413 
1597 1608 1602 
117 454 1762 
456 1732 1739 
1607 342 1614 
1313 1310 16 
1607 1323 1610 
1604 1614 1609 
1625 1319 1631 
1643 1645 1647 
1580 1656 1657 
1585 411 402 
28 1663 1658 
415 1582 407 
1638 1753 1752 
1678 436 1676 
113 433 1643 
1641 1654 1651 
1674 1644 431 
1746 1752 1755 
1708 437 1719 
430 1715 1680 
435 1709 114 
1692 1711 1701 
2000 1999 2008 
233 1691 868 
1975 122 119 
1719 1706 514 
1854 1852 479 
1876 1877 1873 
478 510 1729 
1763 1738 456 
1736 1763 1742 
49 1762 331 
16 1319 1322 
453 1314 1315 
1756 1758 1735 
1310 1318 1633 
450 338 340 
1310 345 417 
1822 1812 485 
418 446 1728 
1299 1779 458 
98 457 331 
769 1790 1792 
1781 463 1778 
472 1778 1784 
466 128 753 
1779 775 460 
333 466 770 
1795 1803 1799 
462 766 464 
99 1823 1821 
1772 473 1800 
1800 1813 1798 
683 677 1887 
204 1886 1880 
461 473 1776 
468 472 1805 
1799 1801 1786 
1760 1765 1773 
1886 1890 678 
5 6 1878 
445 1844 1985 
1858 1849 443 
1944 505 1974 
1875 1878 1876 
1856 1858 507 
490 1898 1879 
1915 497 1924 
455 1829 1809 
656 489 657 
1895 1897 1896 
1922 1921 1869 
369 655 486 
1885 1894 483 
675 653 1912 
657 176 1922 
658 1911 653 
1933 1935 1934 
1911 1909 1913 
1416 1923 497 
299 496 484 
1926 1925 1904 
1936 1942 1938 
1968 1962 272 
1504 1506 391 
2028 1997 520 
140 1492 1504 
521 2003 1989 
480 1972 1940 
1993 1990 122 
1857 1863 482 
1988 2003 229 
1856 1860 1980 
119 1981 445 
1700 2007 1698 
544 2024 2029 
2013 516 548 
1711 442 1705 
149 537 538 
2010 2024 513 
229 519 2029 
1970 1996 521 
2028 517 1987 
502 2023 2043 
518 1987 504 
22 2037 1531 
147 1031 1038 
147 1038 529 
1533 1534 2041 
1536 2045 546 
540 144 150 
0 150 530 
150 524 143 
528 148 604 
143 1038 1037 
534 1037 276 
604 148 534 
271 533 532 
543 541 61 
549 538 602 
515 547 543 
536 515 152 
142 541 542 
527 142 546 
539 535 543 
546 539 151 
541 535 537 
2028 545 512 
55 544 2043 
542 526 540 
151 537 551 
2011 513 2017 
149 536 567 
159 560 72 
2021 547 563 
1699 2013 2015 
2017 33 560 
558 560 866 
558 866 870 
2011 2014 2015 
228 225 869 
554 555 2011 
566 575 581 
553 550 554 
579 577 580 
856 861 864 
33 551 149 
575 569 571 
575 158 577 
72 559 159 
549 58 569 
33 569 72 
564 568 567 
599 600 601 
57 564 573 
574 598 595 
603 571 58 
153 572 589 
559 564 565 
582 224 580 
561 565 578 
584 577 35 
224 581 561 
576 561 586 
846 559 579 
856 576 842 
213 585 223 
578 215 586 
583 839 832 
584 842 580 
590 190 215 
707 195 190 
574 42 591 
63 587 591 
589 590 35 
59 605 627 
186 629 187 
623 154 624 
599 605 572 
627 623 702 
703 701 188 
572 57 600 
595 570 89 
570 598 603 
570 603 602 
58 536 601 
573 601 600 
530 533 608 
592 595 616 
611 615 614 
611 146 1053 
610 604 609 
146 608 271 
89 608 617 
607 606 161 
1051 1055 1061 
154 615 162 
623 616 606 
613 606 1051 
614 605 617 
161 616 610 
1056 1058 1052 
162 620 621 
619 1054 621 
619 620 165 
154 641 636 
614 594 596 
594 632 625 
702 624 628 
628 632 637 
592 596 188 
625 626 634 
593 703 698 
156 639 168 
181 667 166 
626 624 636 
156 637 638 
705 628 635 
169 634 156 
632 622 637 
626 636 633 
633 53 134 
630 134 645 
1130 642 134 
23 53 622 
645 640 644 
300 1151 171 
642 301 647 
639 642 646 
180 645 663 
171 1150 644 
1158 1155 1136 
652 104 1155 
1915 1918 1919 
655 174 104 
1916 649 1159 
491 493 1913 
129 201 684 
489 651 1918 
177 486 658 
486 492 658 
656 657 493 
177 675 660 
51 659 130 
175 177 662 
133 661 51 
646 182 664 
173 663 183 
682 684 666 
185 665 199 
136 168 631 
27 670 178 
187 698 189 
668 189 135 
130 675 673 
682 673 683 
672 671 674 
1893 673 676 
671 659 491 
674 1912 1895 
470 1893 1885 
1889 476 1819 
200 681 1823 
1824 1889 1819 
1815 679 1890 
665 131 672 
684 672 470 
665 683 654 
97 686 740 
199 736 685 
199 97 692 
34 8 710 
693 691 196 
733 692 734 
689 34 222 
687 732 690 
184 733 689 
196 195 708 
701 700 192 
703 705 155 
698 155 699 
669 629 697 
136 697 169 
695 706 709 
597 695 59 
596 625 704 
629 597 696 
188 702 705 
696 704 634 
700 186 191 
192 709 588 
191 694 709 
700 708 707 
222 688 711 
194 710 3 
718 729 728 
62 716 715 
8 220 716 
221 713 212 
713 714 722 
789 727 794 
723 722 712 
205 724 729 
212 722 723 
725 723 728 
720 716 718 
720 718 721 
728 719 752 
721 791 794 
64 752 756 
211 717 795 
724 721 712 
719 712 730 
205 729 220 
733 735 34 
692 738 65 
693 690 731 
690 65 735 
731 734 220 
198 686 201 
750 748 746 
732 97 208 
65 756 205 
26 685 198 
753 64 757 
209 198 748 
10 207 759 
201 1823 746 
747 746 99 
737 744 745 
751 745 1796 
755 742 737 
764 766 751 
753 737 751 
749 750 747 
726 792 724 
462 741 750 
757 756 208 
757 209 748 
726 739 754 
741 754 755 
790 203 792 
743 763 128 
765 333 776 
323 778 1260 
202 101 790 
759 790 64 
749 1795 768 
760 778 10 
466 749 770 
1265 772 776 
764 1787 769 
774 768 459 
464 766 774 
332 1265 1287 
767 779 778 
1289 776 774 
773 770 769 
1784 463 1785 
767 760 773 
1783 1289 1785 
761 765 772 
781 772 1258 
1282 1269 1281 
1260 779 1261 
783 1260 1243 
782 326 206 
800 788 829 
804 806 801 
96 1254 206 
210 1255 788 
784 787 801 
203 717 791 
762 758 763 
789 725 792 
758 791 752 
211 212 794 
717 793 725 
727 210 799 
211 797 216 
796 799 249 
216 249 217 
797 795 800 
66 799 784 
788 785 803 
245 248 247 
806 248 801 
937 785 1254 
93 940 1253 
785 247 803 
67 815 821 
248 830 829 
245 1251 935 
931 813 932 
916 934 933 
245 813 825 
812 934 810 
821 815 892 
807 931 814 
37 884 820 
820 821 891 
905 895 242 
826 825 67 
816 823 817 
807 814 817 
889 849 854 
850 67 820 
237 238 833 
830 812 819 
828 819 834 
237 829 214 
238 214 826 
827 784 808 
214 808 825 
213 841 839 
836 837 585 
843 219 824 
850 238 826 
839 842 840 
3 832 840 
832 8 62 
223 62 221 
585 831 835 
836 835 215 
831 848 845 
835 582 586 
848 833 852 
859 845 226 
856 841 844 
581 864 225 
859 886 857 
843 849 841 
822 226 848 
823 852 834 
884 853 854 
850 854 843 
851 890 889 
851 822 852 
880 867 858 
582 845 562 
887 847 890 
860 888 855 
844 847 888 
861 858 865 
863 562 860 
870 869 873 
861 871 225 
562 846 224 
871 860 872 
554 228 555 
230 855 882 
2014 440 1689 
557 871 862 
555 862 2014 
869 863 865 
873 865 875 
233 862 872 
121 1668 1682 
1685 872 230 
1687 877 11 
881 876 230 
236 879 880 
11 881 878 
855 878 882 
879 877 882 
880 881 867 
234 9 236 
816 894 851 
890 894 234 
226 889 847 
857 236 888 
859 887 858 
886 822 853 
857 853 885 
37 817 896 
925 908 814 
37 235 894 
884 893 885 
818 900 897 
908 242 891 
895 899 901 
235 240 234 
902 897 900 
13 899 895 
1665 240 897 
32 899 13 
911 1657 1655 
989 991 1580 
108 818 924 
246 921 918 
244 241 910 
896 892 86 
241 41 243 
907 911 260 
903 910 243 
36 1580 1575 
951 246 917 
986 985 983 
921 75 244 
811 948 930 
950 949 913 
70 929 906 
244 260 924 
930 70 922 
923 906 915 
920 923 926 
922 70 921 
86 919 905 
892 931 928 
86 928 922 
948 68 950 
925 932 926 
950 246 918 
916 920 932 
925 815 810 
928 810 930 
811 938 948 
935 811 813 
934 809 938 
939 938 1247 
93 1249 804 
933 935 936 
944 943 936 
96 324 805 
239 253 946 
1248 946 944 
945 68 939 
942 939 1247 
252 943 946 
941 945 942 
68 252 949 
933 927 916 
947 973 917 
927 917 929 
17 913 953 
987 992 994 
981 951 956 
404 980 977 
973 957 974 
953 973 85 
965 955 1223 
968 1100 320 
1215 1223 19 
321 318 1233 
14 19 962 
1227 961 1246 
972 966 1219 
1093 1091 1098 
971 957 966 
963 965 1224 
1224 1229 1225 
1220 958 250 
287 974 971 
1099 1050 1093 
969 965 972 
254 971 963 
956 949 955 
284 955 969 
977 1008 264 
256 977 73 
975 954 976 
258 405 1012 
994 993 1573 
954 982 85 
983 953 982 
984 981 980 
914 981 988 
996 988 982 
39 17 914 
994 914 988 
1573 991 952 
984 986 983 
904 243 992 
1578 1575 1573 
987 1575 904 
952 989 41 
996 995 979 
986 979 952 
998 1004 993 
404 993 984 
1002 1022 1005 
264 1002 995 
1005 1001 1572 
1006 1005 1003 
999 394 1565 
1008 997 998 
1000 1572 1006 
995 1006 1574 
997 999 1000 
1004 1000 1003 
258 262 1022 
405 1002 975 
255 265 1014 
79 1014 38 
1045 1017 82 
1014 1013 978 
1016 82 1012 
1009 1012 1010 
1046 1041 1025 
56 263 1013 
1011 262 1018 
82 1017 258 
1043 1045 1025 
1567 84 257 
1568 1547 1548 
1007 1566 997 
1042 145 1033 
1028 1027 1029 
1044 1019 1015 
269 270 1028 
1024 270 40 
1026 1024 1541 
1024 40 90 
1541 1032 1539 
1033 523 1034 
1030 90 1034 
90 1023 1031 
1032 1031 268 
1041 1047 1040 
275 1039 77 
145 532 531 
523 531 524 
1036 1042 1041 
77 1035 1080 
1015 1035 1039 
1044 1039 1023 
270 81 1019 
40 1025 1042 
1019 1011 263 
1015 263 279 
1080 1035 279 
1066 1124 1120 
1077 1082 1078 
970 1095 1118 
612 1054 615 
164 618 77 
277 607 160 
620 1051 1059 
612 277 1061 
1069 1065 618 
160 275 1058 
277 1057 618 
1062 1054 1065 
1127 1125 1128 
612 1055 1065 
1064 1059 274 
1120 1119 1125 
1062 1125 165 
1059 1061 1056 
1067 1048 1070 
1066 1079 1073 
1115 1122 1095 
274 1056 1070 
1066 1069 164 
1079 164 1082 
1090 1077 88 
1117 1067 1090 
254 1087 278 
1091 88 1084 
1092 1097 1101 
1072 1079 1049 
283 1049 1081 
1077 1067 1071 
1047 1082 1040 
265 255 1078 
1080 1049 1071 
1088 1094 1091 
280 1075 1086 
255 79 1086 
283 1085 1084 
1074 1221 1094 
285 1083 282 
1093 1118 1090 
1072 1089 1073 
964 1075 1083 
1096 1076 1102 
970 1089 964 
1087 1098 1083 
1097 1068 1050 
1108 1092 1103 
1076 1116 1095 
1094 1099 964 
1101 970 1098 
1224 958 1219 
1076 1099 1102 
1092 1101 94 
1096 15 306 
1182 306 1105 
1104 1210 314 
1185 1209 1188 
1109 1132 1111 
1096 295 1112 
296 1107 303 
302 1173 1171 
105 1107 1113 
1108 1113 1116 
1112 1111 1114 
1116 1113 1115 
1114 281 1068 
1114 1097 1112 
1122 1073 1118 
1050 1117 1089 
1121 1128 1063 
1048 1063 274 
1123 1119 1124 
1068 294 1117 
294 1138 1121 
294 1121 1048 
1060 1064 1063 
1130 163 1137 
1131 163 1060 
1129 1060 1119 
1131 1128 1138 
640 1126 1134 
1137 1127 1129 
1107 1141 1139 
107 171 301 
167 301 1130 
1141 107 167 
648 1157 1144 
87 1126 1131 
281 1129 1123 
87 281 1132 
1147 107 1143 
1135 1132 1142 
1143 1141 296 
1175 1140 1142 
1136 20 298 
20 1175 1173 
1174 1176 303 
300 1140 1148 
1149 1147 1175 
300 1148 1151 
1152 647 1153 
643 1149 1153 
182 1150 1154 
1150 1151 20 
1152 1157 172 
649 648 1159 
1416 299 102 
104 1154 1136 
1161 648 298 
652 1155 1162 
1920 291 1413 
1158 1165 1163 
1159 1163 291 
1162 1161 1169 
1400 1411 1167 
1161 302 1170 
364 1170 1168 
52 1164 364 
52 1166 1171 
1410 1163 1170 
1166 1169 1165 
1168 1110 304 
1399 360 1380 
1110 1145 1176 
1177 1146 1178 
1145 1148 1143 
1173 296 1146 
1179 304 1174 
297 1174 303 
1177 297 292 
304 1183 1187 
1183 292 306 
1186 1104 1209 
1180 1181 286 
1187 286 1190 
1106 1192 1213 
1182 1190 286 
1189 1180 1184 
1106 1208 1192 
361 360 1187 
1213 1184 1186 
308 1384 293 
1188 1212 1185 
363 1212 293 
313 1208 307 
12 1201 352 
307 311 1200 
313 310 1199 
1369 1294 312 
1375 1197 352 
310 1196 1203 
1373 1195 1369 
311 317 1276 
1200 1276 327 
1242 1234 1241 
1240 1243 328 
1211 250 24 
316 24 1216 
290 1194 1188 
314 1106 1182 
1105 15 1211 
315 1210 1206 
1192 308 1193 
1185 361 1190 
1225 1216 320 
14 1228 959 
1207 1214 1230 
1237 1232 1235 
250 15 94 
963 1100 1221 
968 94 1221 
1219 1220 1087 
1226 1231 1225 
959 1229 957 
1100 966 967 
1214 967 1222 
1228 1222 1229 
1244 321 962 
1215 288 1226 
1223 1226 967 
1232 1216 1231 
288 1230 1222 
1217 1230 1233 
960 1232 288 
1239 1204 1237 
1239 1217 318 
1242 47 319 
1234 319 1217 
69 1252 91 
1245 1234 1235 
1257 326 1205 
91 1256 1204 
1267 1236 1204 
782 1261 1205 
1227 1246 95 
318 69 1239 
1244 962 239 
1252 944 936 
95 239 942 
247 937 1251 
1253 1257 91 
809 1249 1252 
1238 1247 1251 
1250 805 324 
804 1255 786 
787 202 1254 
328 1241 1257 
1240 1256 1250 
1263 779 1265 
1271 1266 1270 
782 761 781 
1243 781 1266 
1264 1268 1270 
1258 1264 1266 
1279 1262 1263 
771 1258 767 
1259 1261 1263 
1274 1242 325 
1272 1262 1278 
1275 330 780 
1259 1262 325 
1259 325 328 
1268 330 1273 
1274 1272 322 
1273 47 1267 
1295 322 1269 
1203 1202 47 
327 322 1294 
330 1268 1281 
332 1281 1264 
332 1284 1282 
1279 780 1278 
336 780 1280 
336 1284 1309 
1283 1280 1290 
1783 329 1288 
1303 1292 25 
771 1289 1794 
1307 1285 1308 
773 777 1287 
1291 1309 1284 
1794 1307 1290 
1286 1293 1296 
1302 1292 1306 
1198 1277 1295 
100 1294 1275 
1297 1292 1371 
1296 312 100 
1329 1331 1367 
340 1305 457 
1366 1335 1372 
354 1302 334 
1301 1370 1293 
1309 1308 1286 
338 1333 355 
1299 355 354 
334 1293 1308 
1793 1288 1291 
1288 1306 1303 
1290 1303 1283 
454 452 420 
1315 1313 1325 
1314 345 1313 
1311 1312 420 
450 1312 1315 
450 1314 1311 
1322 29 1627 
16 1320 344 
452 117 1758 
449 339 423 
1317 1340 406 
1605 351 1338 
1626 449 1316 
1606 421 1347 
344 414 343 
344 343 1311 
414 337 1327 
343 1326 338 
1330 1337 1331 
355 1330 1298 
1329 1333 1328 
1298 1328 1335 
337 1338 1339 
337 1330 1304 
1337 335 1365 
1331 1365 1300 
1353 351 1345 
1339 1334 1328 
1332 1342 1321 
1332 1352 1337 
1606 1320 1626 
1348 1345 1343 
1338 414 406 
1472 1341 1605 
1454 1462 1461 
1336 1341 1346 
1345 1348 385 
1323 1605 347 
1346 1341 1463 
1350 31 349 
385 1349 350 
335 1353 1364 
335 1339 351 
1351 1336 1357 
1356 348 1360 
385 353 1357 
353 1354 1361 
1355 1363 1353 
356 1378 346 
1387 1388 380 
1354 1388 346 
1356 346 1363 
1372 1364 1363 
1361 1362 1357 
1351 1362 1365 
1334 1364 1335 
1370 1300 1368 
1298 1370 354 
1373 1366 1374 
1198 1201 12 
1302 1367 1366 
1296 1373 312 
1300 1362 1378 
1371 1368 1201 
1368 1378 1376 
1199 1376 1381 
1379 1375 1374 
381 359 1387 
1374 1372 1358 
1376 1389 1382 
1172 363 1398 
48 1375 309 
1383 309 1379 
1382 1389 359 
309 103 1191 
1401 103 1386 
1402 1385 362 
1359 1377 1390 
1359 1390 1360 
1383 1379 356 
1387 356 1388 
1396 1425 370 
1406 370 366 
379 1460 1396 
381 358 362 
379 1458 1459 
377 1393 1391 
362 365 1399 
1402 1399 1380 
1172 1398 1397 
1164 365 1405 
293 1385 1402 
1398 1401 1386 
1411 30 1410 
1421 1414 366 
1407 1400 1406 
1392 1405 377 
1409 1405 366 
368 1412 1415 
1411 1407 1412 
364 1403 1169 
1403 1164 1409 
1413 1409 1408 
1160 30 1412 
1424 1415 1404 
1408 1414 1435 
1156 1419 496 
1427 1434 1436 
371 1943 1927 
1416 368 1420 
21 1419 373 
1426 1404 370 
1435 1428 1436 
1428 378 375 
1426 1428 1414 
1391 376 1430 
1421 1430 1424 
1417 1433 1445 
1423 1422 1424 
305 1431 378 
1425 378 1426 
1429 1456 1450 
375 1450 1433 
1432 1447 1427 
1438 1417 1445 
373 1415 1422 
1417 1422 375 
1445 1448 1446 
373 1434 1945 
1506 1955 2 
1441 1444 1949 
374 1440 1943 
1446 138 374 
138 389 391 
1440 391 2 
1434 1427 1437 
1442 1945 1437 
1433 389 1448 
1437 1447 138 
1494 1453 1491 
1431 1497 1432 
112 1464 1462 
112 1454 1456 
1461 1468 1449 
1344 1494 1452 
1457 357 112 
1457 1452 1431 
1455 1456 1459 
357 1395 46 
1395 1457 387 
1393 387 376 
1453 1344 1469 
1451 1467 1344 
1470 1348 1597 
31 111 1451 
111 31 1470 
1595 18 1600 
1462 111 1469 
1475 1453 1596 
1461 1467 1599 
1463 1471 1465 
1603 1599 1470 
1604 1608 1343 
1485 1483 1487 
1491 1475 1496 
1468 393 1474 
1478 1495 1496 
1499 372 1516 
1476 401 372 
1483 1481 1486 
393 1485 1496 
1479 1591 1560 
1502 1488 1524 
1473 18 1479 
1521 1515 1519 
401 1480 1473 
1488 1487 1479 
1489 1473 1486 
1482 1486 1560 
1518 1487 1490 
1519 1489 1502 
1495 1449 1474 
503 1503 1509 
1498 1497 1494 
1449 1493 1454 
1476 1500 1491 
1476 1474 1480 
140 1450 1493 
1499 1493 1500 
1477 1501 1498 
372 1498 1495 
1503 1499 1520 
1482 1522 1490 
1509 1492 1501 
503 1505 501 
1504 1515 1507 
501 1514 1439 
1514 1505 83 
1951 1955 1958 
1515 1492 1503 
22 1526 1517 
1528 1959 272 
1526 83 1521 
1969 1958 1957 
1507 1957 1506 
1484 1505 1509 
1518 1520 1477 
1522 399 1510 
401 1489 1516 
1490 1484 1520 
1516 1519 1501 
1512 1484 1522 
1517 1521 1502 
1530 1543 1541 
1482 1559 1564 
1531 1528 1526 
1510 1525 1512 
2037 1540 2035 
1511 1525 1529 
2034 1959 1528 
1542 1523 392 
1525 522 2036 
2031 2034 2039 
525 2035 80 
525 1539 268 
147 144 398 
526 2043 2042 
2036 2037 2039 
273 1540 390 
392 1030 1534 
1538 80 1527 
1523 1028 1030 
1548 1530 273 
1547 269 1523 
1546 1552 1556 
1563 266 1568 
273 1544 1554 
1021 1567 1543 
1550 1021 1542 
396 1568 1550 
1554 1549 1548 
1556 1555 396 
390 399 1544 
1556 396 1554 
1546 1553 1550 
1564 1563 1551 
1544 1551 1553 
1562 403 1560 
267 1591 1569 
403 400 1524 
1557 1488 1481 
386 382 403 
386 1557 267 
400 1545 1555 
1524 1555 399 
386 1571 1001 
1567 394 1022 
1566 1020 1547 
1545 1021 1549 
1558 1592 402 
1574 402 1576 
1565 267 410 
999 410 1003 
990 987 979 
1570 1004 410 
912 991 990 
409 1578 1570 
409 1579 36 
1576 36 990 
1577 109 1656 
912 425 904 
1619 1621 1635 
341 1587 428 
1616 1587 1619 
1647 1648 1649 
426 408 259 
109 1588 1650 
1582 1620 1583 
407 1616 1586 
1615 413 1590 
395 1589 408 
1558 1481 412 
1569 395 408 
1595 1609 412 
393 1596 18 
1466 1608 1593 
1594 1468 1598 
1463 416 1603 
384 1596 1601 
1471 1601 1469 
1602 1466 384 
1599 384 1598 
416 1600 1603 
1597 1602 1471 
1607 422 1472 
1347 1343 1321 
1323 347 1340 
1604 421 419 
1595 416 1472 
1593 422 1615 
421 1626 1611 
341 1610 1627 
342 415 1613 
1614 1612 1615 
422 419 1613 
1609 1613 1589 
1646 1588 1583 
1636 1635 383 
1645 1658 1651 
1581 1649 1583 
1587 1627 1621 
1581 1620 1623 
1624 383 1623 
29 1622 1621 
116 1622 1625 
423 1624 29 
1610 1340 1322 
1611 1316 1620 
1741 1740 1739 
383 1756 1749 
1633 1632 116 
339 116 423 
1758 1756 1630 
452 1630 339 
1751 1638 1636 
1581 1617 1637 
1617 1634 1637 
1635 1636 1639 
1634 429 113 
1637 113 1647 
1652 1660 1661 
432 1652 1655 
1644 1662 28 
431 1644 424 
1643 433 1642 
424 28 1618 
1650 1616 1649 
424 1584 1639 
1584 1651 1650 
1584 1646 1619 
1586 1646 1648 
432 1648 1618 
1641 1658 1640 
108 1661 74 
1657 1656 432 
903 1641 76 
425 1579 1654 
425 1654 903 
1652 1618 427 
1661 1660 1666 
1640 1663 1659 
1640 1659 1653 
1642 1674 1672 
427 1667 1660 
232 227 1665 
1669 1664 901 
74 1659 110 
1672 110 1663 
71 1679 874 
32 1671 1665 
231 1674 1752 
1669 1677 232 
1667 1662 1675 
110 1675 32 
1662 433 1670 
1672 231 1673 
1744 430 115 
231 1679 1671 
430 123 1713 
1677 115 1668 
115 436 1682 
1690 1687 71 
874 1680 121 
1708 1710 1709 
1685 1687 1691 
1684 233 875 
1691 1690 1688 
876 1681 1684 
1693 1686 1692 
868 1697 2015 
1681 1710 1686 
1684 1686 440 
1688 438 1695 
1688 1695 1697 
1696 1699 1697 
1692 1696 1693 
1695 2005 1694 
1693 1694 1689 
2005 1701 511 
1694 2012 552 
1704 2006 511 
1705 1698 438 
2007 2006 2002 
1981 1704 1706 
1703 1700 1707 
514 1707 1701 
442 1703 1707 
1705 1706 1704 
435 1711 1683 
437 1683 1715 
1690 121 1683 
438 1708 514 
1723 1722 1719 
1731 1714 1678 
1713 1718 114 
436 114 1709 
1740 1743 1745 
123 1743 1741 
1714 1725 1723 
435 1712 442 
124 1722 1723 
1734 7 1731 
1720 1981 1712 
1720 1712 1718 
1845 1761 1728 
1730 124 1718 
1729 1761 1846 
126 1729 124 
1724 456 118 
1727 1726 445 
7 1725 1731 
1721 1730 1713 
418 1761 126 
1755 1754 1745 
1739 1721 1741 
451 1759 1748 
44 1762 447 
123 1744 1743 
446 1765 1760 
1628 418 1734 
1716 1742 1628 
1717 1628 1734 
1754 447 1740 
1737 1716 1717 
1737 1676 1746 
1716 1746 1733 
1745 1744 434 
1750 1755 1753 
1757 1735 1750 
1629 1757 1751 
1757 1748 1747 
1749 1753 1634 
434 1670 429 
1747 429 1751 
1759 1742 1733 
1747 1733 434 
1629 1632 451 
1749 1748 1750 
451 1632 1318 
1735 44 1754 
1738 475 118 
1726 1732 1724 
1736 417 448 
447 49 446 
1836 1770 1841 
120 475 1738 
118 1771 1845 
1846 1810 1851 
1837 1835 1847 
1845 1839 1837 
1835 1840 1764 
1773 1839 1766 
468 1798 1775 
475 1777 1771 
1798 1811 127 
1772 127 1808 
1780 472 1777 
1773 1776 1842 
461 1782 460 
329 463 457 
1782 1776 120 
460 1782 331 
1780 1781 1778 
1285 1793 777 
461 775 1805 
775 777 1788 
474 1789 1791 
1790 768 1799 
1792 1789 1785 
1786 1802 1788 
1787 1791 459 
1790 1786 1792 
459 1791 1788 
1783 1307 1794 
1287 1793 1291 
465 764 1797 
1817 1797 747 
1804 1795 1796 
1772 469 1774 
474 1787 465 
468 1806 469 
474 1806 1802 
1789 1801 1805 
1806 465 1804 
50 1803 1797 
473 1784 1802 
1800 1801 1803 
1831 1884 1830 
1775 1841 1842 
1828 127 485 
1767 1837 1832 
1774 1813 1822 
1826 1820 455 
1811 469 50 
1821 1816 1818 
1821 681 1825 
1822 1814 1825 
50 1796 1818 
1814 1817 99 
680 678 1824 
1827 1812 1880 
1814 467 1815 
1811 1816 455 
467 744 679 
680 1819 200 
1816 1815 1826 
1812 1825 204 
1820 1883 1829 
1841 1809 1836 
485 1827 1884 
1848 1807 6 
1833 1836 1807 
1810 1847 1850 
1838 1835 1831 
1850 1838 1848 
1833 1768 1770 
1831 1764 1828 
1810 1769 1768 
1834 1847 1833 
1769 1771 1840 
1770 1839 1842 
1808 1828 1764 
1808 1840 1777 
1853 1850 1854 
1846 1851 478 
1724 1766 1769 
1726 1767 1844 
1832 1768 1838 
1854 1834 1830 
1853 479 1984 
1834 1843 1832 
1844 1767 1853 
5 1857 443 
1849 1851 1843 
443 1843 1848 
1871 5 1875 
1976 482 509 
1852 1871 507 
479 482 1983 
1928 1868 1867 
509 1861 1862 
1860 1868 1865 
1860 1865 1979 
1868 507 1871 
1938 1928 1902 
1862 1861 1941 
1980 1939 1974 
1859 1875 1872 
1863 1859 1861 
1870 1909 488 
1869 1904 1934 
1863 1857 1855 
1874 1867 1873 
1872 444 1900 
1872 1900 1902 
1867 1855 481 
444 481 1878 
6 1881 444 
477 1876 481 
1888 483 1880 
471 1879 1820 
1877 1884 1883 
1900 1883 1898 
1827 1882 1881 
1829 1881 1807 
1888 677 490 
476 1888 471 
1889 129 470 
1886 1885 1879 
680 1887 678 
204 681 476 
1894 1907 1892 
1898 1891 1901 
677 674 1896 
490 1896 1891 
676 1910 487 
1893 487 1894 
1907 487 1908 
483 1892 1882 
1903 1908 1909 
1873 1882 1874 
1892 1 1902 
1874 1901 1864 
1934 1905 1899 
498 1906 1870 
1 1907 1903 
1904 1931 1933 
1905 1891 1897 
1899 1897 1914 
495 1869 1899 
1912 1914 1895 
493 1922 495 
676 491 1910 
653 495 1914 
1910 1913 1908 
484 1917 650 
1920 1919 652 
1915 1921 176 
650 176 655 
299 650 1916 
102 1916 1160 
1917 1926 488 
492 488 1911 
496 21 1924 
484 1923 1926 
21 1927 498 
1924 498 1921 
1925 1418 1931 
1859 1864 1942 
1930 1950 139 
1931 1929 1932 
1906 1927 1930 
1937 1930 1944 
1906 1937 494 
1870 494 1903 
1938 1 494 
1939 499 1937 
1933 1932 1936 
1935 499 1864 
1866 1979 1936 
1971 1973 505 
1979 1865 1942 
499 1941 1928 
1441 1948 1418 
1932 1946 480 
1438 1446 371 
1944 139 1952 
1948 1949 1954 
1947 1950 1943 
1440 1953 1947 
1929 1948 139 
1956 1508 1972 
1954 1972 1946 
1949 2 1956 
1947 1956 1952 
1439 1957 1508 
1953 1951 1954 
1955 1514 1513 
1508 1513 1971 
1511 1529 1960 
272 1959 1964 
2032 397 2026 
83 500 1969 
1974 1977 1992 
1960 2031 1966 
2033 1967 1966 
1964 1965 1968 
1965 1973 1968 
1966 1967 500 
1971 1513 1962 
1989 1990 518 
1958 1969 1940 
1951 505 1952 
1940 1967 1977 
480 1963 1866 
141 441 137 
141 137 1856 
1963 1973 1994 
1980 1992 1991 
1862 1941 1939 
509 1866 1978 
1722 510 1703 
1983 125 1984 
1858 137 1982 
1849 1982 1985 
1984 125 478 
1995 1993 1992 
519 521 2022 
2000 508 2001 
504 1998 1970 
1995 1970 506 
1978 1993 141 
1978 1963 1986 
1991 1986 506 
1977 2030 1996 
1986 1996 1990 
518 1995 1994 
502 2022 2026 
2002 1989 2003 
2004 439 2001 
439 2002 1988 
1999 1988 2010 
2000 1702 1998 
508 1998 504 
1999 2013 2012 
1698 2009 1696 
1702 1700 122 
511 1702 2008 
2007 439 2009 
2005 2008 2012 
516 2001 2025 
556 548 558 
1699 2009 2004 
552 2004 513 
556 870 868 
556 1689 552 
2024 2020 54 
548 2019 553 
2020 55 2021 
2017 54 2021 
54 2016 2018 
2019 2018 551 
1997 1987 2032 
2042 520 2040 
512 2016 516 
2029 2010 229 
1997 1961 2040 
2044 2035 2041 
519 502 544 
517 512 2025 
2032 1994 2033 
1964 1532 397 
1961 2022 2030 
397 2030 1965 
1532 1529 2036 
1533 2027 1527 
2034 1531 1537 
1527 1537 522 
2045 2041 398 
1537 388 1532 
2023 2026 388 
2027 525 2038 
2023 2044 1536 
520 1536 545 
2042 388 2027 
526 2038 144 
0 0 0 0 0 0 1 1 0 0 0 0 0 0 0 0 0 0 0 0 0 0 0 0 0 0 0 0 0 0 0 0 0 0 0 0 0 0 0 2 0 2 0 0 0 0 0 0 0 0 0 0 0 0 0 0 0 0 0 0 0 0 0 0 0 1 0 0 0 1 1 0 0 0 0 0 0 0 0 0 0 0 0 0 0 0 0 0 0 0 0 0 0 0 0 0 0 0 2 0 0 0 0 0 0 0 0 0 0 0 0 0 0 0 0 0 0 0 0 0 0 0 0 0 0 0 0 0 0 0 0 0 0 0 0 0 0 0 0 0 0 0 0 0 0 0 0 0 0 0 0 0 0 0 0 0 0 0 0 1 1 0 0 0 0 2 0 2 0 0 0 0 0 0 0 0 0 0 0 0 0 0 0 0 0 0 0 0 0 0 0 0 0 0 0 0 0 0 0 0 0 0 0 0 0 0 0 0 0 0 0 0 0 0 2 0 0 0 0 0 0 0 2 0 0 0 0 0 2 2 0 0 0 0 0 0 0 0 0 0 0 0 0 0 0 0 0 0 0 0 0 0 0 0 0 0 0 0 0 0 0 0 0 0 0 0 0 0 0 0 0 0 0 0 0 0 0 0 0 0 0 0 0 0 0 0 0 0 0 0 0 0 0 0 0 0 0 0 0 0 0 0 0 0 0 0 0 0 1 0 0 0 0 1 1 0 0 0 0 0 0 0 0 0 2 0 2 0 0 0 0 0 0 0 0 0 0 0 0 0 0 0 0 0 0 0 0 0 0 0 0 0 0 0 0 0 0 0 0 0 0 0 0 0 0 0 0 0 0 0 0 0 0 0 0 0 0 0 0 0 0 0 0 0 0 0 0 0 0 0 0 0 0 0 0 0 0 0 0 0 0 0 0 0 0 0 0 0 0 0 0 0 0 0 0 0 0 0 0 0 0 0 0 0 0 0 0 0 0 0 0 0 0 0 0 0 0 0 0 0 0 0 0 0 0 0 0 0 0 0 0 0 0 0 0 0 0 0 0 0 0 0 0 0 0 0 0 0 0 0 0 0 0 0 0 0 0 0 0 0 0 1 0 0 0 0 0 0 0 0 0 1 0 0 0 0 1 1 0 0 0 0 0 0 0 0 0 0 0 0 0 0 0 0 1 0 0 0 0 0 0 0 0 0 0 0 0 0 0 0 0 0 0 0 0 0 0 0 0 0 0 0 0 0 0 0 0 0 0 0 0 0 0 0 0 0 0 0 0 0 0 0 0 0 0 0 0 0 0 0 0 0 0 0 0 0 0 0 0 0 0 0 0 0 0 0 0 0 0 0 0 0 0 0 0 0 0 0 0 0 0 0 0 0 0 0 0 0 0 0 0 0 0 0 0 0 0 0 0 0 0 0 0 0 0 0 0 0 0 0 0 0 0 0 0 0 0 0 0 0 0 0 0 0 0 0 0 0 0 0 0 0 0 0 0 0 0 0 0 0 0 0 0 0 0 0 0 0 0 0 0 0 0 0 0 0 0 0 0 0 0 0 0 0 0 0 0 0 0 0 0 0 0 0 0 0 0 0 2 2 0 2 0 0 0 0 0 0 0 0 0 0 0 0 0 0 0 0 0 0 0 0 0 0 0 0 0 0 0 0 0 0 0 0 0 0 0 0 0 0 0 0 0 0 0 0 0 0 0 0 0 0 0 0 0 0 0 0 0 0 0 0 0 0 0 0 0 0 0 0 0 0 0 0 0 0 0 0 0 0 0 0 0 0 0 0 0 0 0 0 0 0 0 0 0 0 0 0 0 0 0 0 0 0 0 0 1 0 0 0 0 0 0 0 1 1 1 0 1 0 0 0 0 0 0 0 0 0 0 0 0 0 0 1 0 0 0 0 0 0 0 0 0 0 0 0 0 0 0 0 0 0 0 0 0 0 0 0 0 0 0 0 0 0 0 0 0 0 0 0 0 0 0 0 0 0 0 0 0 0 0 0 0 0 0 0 0 0 0 0 0 0 0 0 0 0 0 0 0 0 0 0 0 1 1 0 0 0 0 0 0 0 0 0 0 0 0 0 0 0 0 0 0 0 0 0 0 0 0 0 0 0 0 0 0 0 0 0 0 0 0 0 0 0 0 0 0 0 0 0 0 0 0 0 0 0 0 0 0 0 0 0 0 0 0 0 0 0 0 0 0 0 0 0 0 0 0 0 0 0 0 0 0 0 0 0 0 0 0 0 0 0 0 0 0 0 0 0 0 0 0 0 0 0 0 0 0 0 0 0 0 0 0 0 0 0 0 0 0 0 0 0 0 0 0 0 0 0 0 0 0 0 0 0 0 0 0 0 0 0 0 0 0 0 0 0 0 0 0 0 0 0 0 0 0 0 0 0 0 0 0 0 0 0 0 0 0 0 0 0 0 0 0 0 0 0 0 0 0 0 0 0 0 0 0 0 0 0 0 0 0 0 0 0 0 0 0 0 0 0 0 0 0 0 0 0 0 0 0 0 0 0 0 0 0 0 0 0 0 0 0 0 0 0 0 0 0 0 0 0 0 0 0 0 0 0 0 0 0 0 0 0 0 0 0 0 0 0 0 0 0 0 0 0 0 0 0 0 0 0 0 0 0 0 0 0 0 0 0 0 0 0 0 0 0 0 0 0 0 0 0 0 2 0 0 0 0 0 0 0 0 0 0 0 0 1 1 0 0 0 0 0 0 0 0 0 0 0 0 0 0 0 0 0 0 0 0 0 0 0 0 0 0 0 0 0 0 0 0 0 0 0 0 0 0 0 0 0 0 0 0 0 0 0 0 0 0 0 0 0 0 0 0 0 0 0 0 0 0 0 0 0 0 0 0 0 0 0 0 0 0 0 0 0 0 0 2 0 0 0 0 0 0 0 0 0 0 0 0 0 0 0 0 0 0 0 0 0 0 0 0 0 0 0 0 0 0 0 0 0 0 0 0 0 0 0 0 0 0 0 0 2 0 0 0 0 0 0 0 0 0 0 0 0 0 0 0 0 0 0 0 0 0 0 0 0 0 0 0 0 0 0 0 0 0 0 0 0 0 0 0 0 0 0 0 0 0 0 0 0 0 0 0 0 0 0 0 0 0 0 0 0 0 0 0 0 0 0 0 0 0 0 0 0 0 0 0 0 0 0 0 0 0 0 0 0 0 0 0 0 0 0 0 0 0 0 0 0 0 0 0 0 0 0 0 0 0 0 0 0 0 0 0 0 0 0 0 0 0 0 0 0 0 0 0 0 0 0 0 0 0 0 0 0 0 0 0 0 0 0 0 0 0 0 0 0 0 0 0 0 0 0 0 0 0 0 0 0 0 0 0 0 0 0 0 0 0 0 1 1 0 0 0 0 0 0 0 0 0 0 0 1 1 0 0 0 0 0 0 0 0 0 0 0 0 0 0 0 0 0 0 0 0 0 0 0 0 0 0 0 0 0 0 0 0 0 0 0 0 0 0 0 0 0 0 0 0 0 0 0 0 0 0 0 0 0 0 0 0 0 0 0 0 0 0 0 0 0 0 0 1 1 0 0 0 2 0 0 2 2 0 0 0 0 0 0 0 0 0 0 0 0 0 0 1 1 0 0 1 0 0 0 1 0 1 0 0 0 0 0 0 0 0 0 0 0 0 0 0 0 0 0 0 0 0 0 0 0 0 0 0 0 0 0 0 0 2 0 0 0 0 0 0 0 0 2 0 0 0 0 0 0 0 0 0 0 0 0 0 0 0 0 0 0 0 0 0 0 0 0 2 0 0 0 0 0 0 0 0 0 0 0 0 0 0 0 0 0 0 0 0 0 0 0 0 0 0 0 0 0 0 0 0 0 0 0 0 0 0 0 0 0 0 0 0 0 0 0 0 0 0 0 0 0 0 0 0 0 0 0 0 0 0 0 0 0 0 0 0 0 0 0 0 0 0 0 0 0 0 0 0 0 0 0 0 0 0 0 0 0 0 0 0 0 0 0 0 0 0 0 0 0 0 0 0 0 0 0 0 0 0 0 0 0 0 0 0 0 0 0 0 0 0 0 0 0 0 0 0 0 0 0 0 0 0 0 0 0 0 0 0 0 0 0 0 0 0 0 0 0 0 0 0 0 0 0 0 0 0 0 0 0 0 0 0 0 0 0 1 0 0 0 0 0 0 0 0 0 0 0 0 0 0 0 0 0 0 0 0 0 0 0 0 0 0 0 0 0 0 0 0 0 0 0 0 0 0 0 0 0 0 0 0 0 0 0 0 0 0 0 0 0 0 0 0 0 0 0 0 0 0 0 0 0 0 0 0 0 0 0 0 0 0 0 0 0 0 0 0 0 0 0 0 1 1 0 0 0 0 0 0 0 0 0 0 0 0 0 0 0 0 1 1 0 0 0 0 0 0 1 0 0 0 0 0 0 0 0 1 0 0 0 0 0 0 0 0 0 0 0 0 0 0 0 0 0 0 0 0 0 0 0 0 0 0 0 0 0 0 0 0 0 0 0 0 0 0 0 0 0 0 0 0 0 0 0 0 0 0 0 0 0 0 0 0 0 0 0 0 0 0 0 0 0 0 0 0 0 0 0 0 0 0 0 0 0 0 0 0 0 0 0 0 0 0 0 0 0 0 0 0 0 0 0 0 0 0 0 0 0 0 0 0 0 0 0 0 0 0 0 0 0 0 0 0 0 0 0 0 0 0 0 0 0 0 0 0 0 0 0 0 0 0 0 0 0 0 0 0 0 0 0 0 0 0 0 0 0 0 0 0 0 0 0 0 0 0 0 0 0 0 0 0 0 0 0 0 0 0 0 0 0 0 0 0 0 0 0 0 0 0 0 0 0 0 0 0 0 0 0 0 0 0 0 0 0 0 0 0 0 0 0 0 0 0 0 0 0 0 0 0 0 0 0 0 0 0 0 0 0 0 0 0 0 0 0 0 0 0 0 0 0 0 0 0 0 0 0 0 0 0 0 0 0 0 0 0 0 0 0 0 0 0 0 0 0 0 0 0 0 0 0 0 0 0 0 0 0 0 0 0 0 0 0 0 0 0 0 0 0 0 0 0 0 0 0 0 0 0 0 0 0 0 0 0 0 0 0 0 0 0 0 0 0 0 0 0 0 0 0 0 0 0 0 0 0 0 0 0 0 0 0 0 0 0 0 0 0 0 0 0 0 0 0 0 0 0 0 0 0 0 0 0 0 0 0 0 0 0 0 0 0 0 0 0 0 0 0 0 0 0 0 0 0 0 0 0 0 0 0 0 0 0 0 0 0 0 0 0 0 0 0 0 0 0 0 0 0 0 0 0 0 0 0 0 0 0 0 0 0 0 0 0 0 0 0 0 0 0 0 0 0 0 0 0 0 0 0 0 0 0 0 0 0 0 0 0 0 0 0 0 0 0 0 0 0 0 0 0 0 0 0 0 0 0 0 0 0 0 0 0 0 0 0 0 0 0 0 0 0 0 0 0 0 0 0 0 0 0 0 0 0 0 0 0 0 0 0 0 0 0 0 0 0 0 0 0 0 0 0 0 0 0 0 0 0 0 0 0 0 0 0 0 0 0 0 0 0 0 0 0 0 0 0 0 0 0 0 0 0 0 0 0 0 0 0 0 0 0 0 0 0 0 0 0 0 0 0 0 0 0 0 0 0 0 0 0 0 0 0 0 0 0 0 0 0 0 0 0 0 0 0 0 0 0 0 0 0 0 0 0 0 0 0 0 0 0 0 0 0 0 0 0 0 0 0 0 0 0 0 0 0 0 0 0 0 0 0 0 0 0 0 0 0 0 0 0 0 0 0 0 0 0 0 0 0 0 0 0 0 0 0 0 0 0 0 0 0 0 0 0 0 0 0 0 0 0 0 0 0 0 0 0 0 0 0 2 0 0 0 0 0 0 0 0 0 0 0 0 0 0 0 0 0 0 0 0 0 0 0 0 0 0 0 0 0 0 0 0 0 0 0 0 0 0 0 0 0 0 0 0 0 0 0 0 0 0 0 0 0 0 0 0 0 0 0 0 0 0 0 0 0 0 0 0 0 0 0 0 0 0 0 0 0 0 0 0 0 0 0 0 0 0 0 0 0 0 0 0 0 0 0 0 0 0 0 2 0 2 0 2 2 0 0 0 0 0 0 0 0 0 0 0 0 0 0 0 0 0 0 0 0 0 0 0 0 2 0 0 0 0 0 0 0 0 0 0 0 0 0 0 0 0 0 0 0 0 0 0 0 0 0 0 0 0 0 0 0 0 0 0 0 0 0 0 0 0 0 0 0 0 0 0 0 0 0 0 0 0 0 0 0 0 0 0 0 0 0 0 0 0 0 0 0 0 0 0 0 0 0 0 0 0 0 0 0 0 0 0 0 0 0 0 0 0 0 0 0 0 0 0 0 0 0 0 0 0 0 0 0 0 0 0 0 0 0 0 0 0 0 0 0 0 0 0 0 0 0 0 0 0 0 0 0 0 0 0 0 0 0 0 0 0 0 0 0 0 0 0 0 0 0 0 0 0 0 0 0 0 0 0 0 0 0 0 0 0 0 0 0 0 0 0 0 0 0 0 0 0 0 0 0 0 0 0 0 0 0 0 0 0 0 0 0 0 0 0 0 0 0 0 0 0 0 0 0 0 0 2 2 0 0 0 0 0 0 0 0 0 0 0 0 0 0 0 0 0 0 0 0 0 0 0 0 0 0 0 0 0 0 2 0 0 0 0 0 0 0 0 0 2 2 0 0 0 0 2 2 0 0 0 0 0 0 0 0 0 0 2 2 0 0 0 0 0 2 0 0 0 0 2 2 0 0 2 0 0 0 2 0 2 0 0 0 0 0 0 0 0 0 0 0 0 0 0 0 0 0 0 0 0 0 0 0 0 0 0 0 0 0 0 0 0 0 0 0 0 0 0 0 0 0 0 0 0 0 0 0 0 0 0 0 0 0 0 0 0 0 0 0 0 0 0 0 0 0 0 0 0 0 2 0 2 1 0 0 0 0 0 0 0 0 1 0 0 0 0 0 0 0 0 1 0 0 1 1 0 0 0 0 0 0 0 0 0 0 0 0 0 0 0 0 0 0 0 0 0 0 0 0 0 0 0 0 0 0 0 0 0 0 0 0 0 1 1 0 0 0 0 1 0 1 0 1 1 0 0 1 0 0 0 0 0 0 0 0 0 0 0 1 0 0 0 0 0 0 0 0 1 0 0 0 0 1 0 0 0 0 0 0 0 0 0 0 0 0 0 0 0 0 0 0 0 0 0 0 0 0 0 0 0 0 0 0 0 0 0 0 0 0 0 0 0 0 0 0 0 0 0 0 0 0 0 0 0 0 0 0 0 0 0 0 0 0 0 0 0 0 0 0 0 0 0 0 0 0 0 0 0 0 0 0 0 0 0 0 0 0 0 0 0 0 0 0 0 0 0 0 0 0 0 0 0 0 0 0 0 0 0 0 0 0 0 0 0 0 0 0 0 0 0 0 0 0 0 0 0 0 0 0 0 0 0 0 0 0 0 0 0 0 0 0 0 0 0 0 0 0 0 0 0 0 0 0 0 0 0 0 0 0 0 0 0 0 0 0 0 0 0 0 0 0 0 0 0 0 0 0 0 0 0 0 0 0 0 0 0 0 0 0 1 0 0 0 0 0 0 0 0 0 0 1 1 0 0 0 0 0 0 1 0 0 1 0 0 0 0 0 0 0 0 0 0 0 0 0 0 0 0 0 0 0 0 0 0 0 0 0 0 0 0 0 0 0 0 0 0 0 0 0 0 0 0 0 0 0 0 0 0 0 0 0 1 0 0 0 0 1 1 0 0 0 1 1 0 0 0 0 1 0 1 0 0 1 0 0 0 0 0 0 0 0 0 0 0 0 0 0 0 0 0 0 0 0 0 0 0 0 0 0 0 0 0 0 0 0 0 0 0 0 0 0 0 0 0 0 0 0 0 0 0 0 0 0 0 0 0 0 0 0 0 0 0 0 0 0 0 0 0 0 0 0 0 0 0 0 0 0 0 0 0 0 0 0 0 0 0 0 0 0 0 0 0 0 0 0 0 0 0 0 0 0 0 0 0 0 0 0 0 0 0 0 0 0 0 0 0 0 0 0 0 0 0 0 0 0 0 0 0 0 0 0 0 0 0 0 0 0 0 0 0 0 0 0 0 0 0 0 0 0 0 0 0 0 0 0 0 0 0 0 0 0 0 0 0 0 0 0 0 0 0 0 0 0 0 0 0 0 0 0 0 0 0 0 0 0 0 0 0 0 0 0 0 0 0 0 0 0 0 0 0 0 0 0 0 0 0 0 0 0 0 0 0 0 0 0 0 0 0 0 0 0 0 0 0 0 0 0 0 0 0 0 0 0 0 0 0 0 0 0 0 0 0 0 0 0 0 0 0 0 0 0 0 0 0 0 0 0 0 0 0 0 0 0 0 0 0 0 0 0 0 0 0 0 0 0 0 0 0 0 0 0 0 0 0 0 0 0 0 0 0 0 0 0 0 0 0 0 0 0 0 0 0 0 0 0 0 0 0 0 0 0 0 0 0 0 0 0 0 0 0 0 0 0 0 0 0 0 0 0 0 0 0 0 0 0 0 0 0 0 0 0 0 0 0 0 0 0 0 0 0 0 0 0 0 0 0 0 0 0 0 0 0 0 0 0 0 0 0 0 0 0 0 0 0 0 0 0 0 0 0 0 0 0 0 0 0 0 0 0 0 0 0 0 0 0 0 0 0 0 0 0 0 0 0 0 0 0 0 0 0 0 0 0 0 0 0 0 0 0 0 0 0 0 0 0 0 0 0 0 0 0 0 0 0 0 0 0 0 0 0 0 0 0 0 0 0 0 0 0 0 0 0 0 0 0 0 0 0 0 0 0 0 0 0 0 0 0 0 0 0 0 0 0 0 0 0 0 0 0 0 0 0 0 0 0 0 0 0 0 0 0 0 0 0 0 0 0 0 0 0 0 0 0 0 0 0 0 0 0 0 0 0 0 0 0 0 0 0 0 0 0 0 0 0 0 0 0 0 0 0 0 0 0 0 0 0 0 0 0 0 0 0 0 0 0 0 0 0 0 0 0 0 0 0 0 0 0 0 0 0 0 0 0 0 0 0 0 0 0 0 0 0 0 0 0 0 0 0 0 0 0 0 0 0 0 0 0 0 0 0 0 0 0 0 0 0 0 0 0 0 0 0 0 0 0 0 0 0 0 0 0 0 0 0 0 0 0 0 0 0 0 0 0 0 0 0 0 0 0 0 0 0 0 0 0 0 0 0 0 0 0 0 0 0 0 0 0 0 0 0 0 0 0 0 0 0 0 0 0 0 0 0 0 0 0 0 0 0 0 0 0 0 0 0 0 0 0 0 0 0 0 0 0 0 0 0 0 0 0 0 0 0 0 0 0 0 0 0 0 0 0 0 0 0 0 0 0 0 0 0 0 0 0 0 0 0 0 0 0 0 0 0 0 0 0 0 0 0 0 0 0 0 0 0 0 0 0 0 0 0 0 0 0 0 0 0 0 0 0 0 0 0 0 0 0 0 0 0 0 0 0 0 0 0 0 0 0 0 0 0 0 0 0 0 0 0 0 0 1 0 0 0 0 1 0 0 0 0 0 0 0 0 0 0 0 0 0 0 0 0 0 0 0 0 0 0 0 0 0 0 0 0 0 0 0 0 0 0 0 0 0 0 0 0 0 0 0 0 0 0 0 0 0 0 0 0 0 0 0 0 0 0 0 0 0 0 1 0 0 1 1 0 1 0 0 0 0 0 0 0 0 0 1 0 0 0 0 0 0 0 0 0 0 0 0 0 0 0 0 0 0 0 0 0 0 0 0 0 0 0 0 0 0 0 0 0 0 0 0 0 0 0 0 0 0 0 0 0 0 0 0 0 0 0 0 0 0 0 0 0 0 0 0 0 0 0 0 0 0 0 0 0 0 0 0 0 0 0 0 0 0 0 0 0 0 0 0 0 0 0 0 0 0 0 0 0 0 0 0 0 0 0 0 0 0 0 0 0 0 0 0 0 0 0 0 0 0 0 0 0 0 0 0 0 0 0 0 0 0 0 0 0 0 0 0 0 0 0 0 0 0 0 0 0 0 0 0 0 0 0 0 0 0 0 0 0 0 0 0 0 0 0 0 0 0 0 0 0 0 0 0 0 0 0 0 0 0 0 0 0 0 0 0 0 0 0 0 0 0 0 0 0 0 0 0 0 0 0 0 0 0 0 1 0 1 0 0 0 1 0 1 0 0 0 0 0 0 0 0 0 0 0 0 0 0 0 0 0 0 0 0 0 0 0 0 0 0 0 2 0 0 0 0 0 0 0 0 0 0 0 0 1 0 0 1 0 1 0 1 0 0 0 0 0 0 0 0 0 0 0 0 2 2 0 0 0 0 0 0 2 1 1 0 0 0 0 2 0 0 0 0 0 2 0 2 0 0 0 2 0 2 0 0 0 0 0 0 0 0 0 2 0 0 0 0 0 0 0 0 0 0 0 0 0 0 0 0 0 0 0 0 0 0 0 0 0 0 0 0 0 0 0 0 0 0 0 0 0 0 0 0 0 0 0 0 0 0 0 0 0 0 0 0 0 0 0 0 2 2 0 2 0 2 0 0 0 0 0 0 0 0 0 0 0 0 0 2 0 2 0 2 0 0 0 2 0 2 0 0 0 0 0 0 0 0 0 0 0 0 2 2 0 0 0 0 0 0 0 0 0 0 0 0 0 0 0 0 0 0 0 0 0 0 0 0 0 0 0 0 0 0 0 0 0 0 0 0 0 0 0 0 0 0 0 0 0 0 0 0 0 0 0 0 0 0 0 0 0 0 0 0 0 0 0 0 0 0 0 0 0 0 0 0 0 0 0 0 0 0 0 0 0 0 0 0 0 0 0 0 0 0 0 0 0 0 0 0 0 0 0 0 0 0 0 0 0 0 0 0 0 0 0 0 0 0 0 0 0 0 0 0 0 0 0 0 0 0 0 0 0 0 0 0 0 0 0 0 0 0 0 0 0 0 0 0 0 0 0 0 0 0 0 0 0 0 0 0 0 0 0 0 0 0 0 0 0 0 0 0 0 0 0 0 0 0 0 0 0 0 0 0 0 0 0 0 0 0 0 0 0 0 0 0 0 0 0 0 0 0 0 0 0 0 0 0 0 0 0 0 0 0 0 0 0 0 0 0 0 0 2 0 0 0 0 0 2 0 0 0 0 0 2 0 0 0 0 0 0 0 0 0 0 0 0 0 0 0 0 0 0 0 2 0 2 2 2 0 0 0 0 0 0 0 0 0 0 0 2 0 0 0 0 0 0 0 0 0 0 0 0 0 0 0 0 0 0 0 0 0 0 0 0 0 0 0 0 0 0 0 0 0 0 2 0 0 0 0 0 0 0 0 0 0 2 2 2 0 0 0 0 0 2 2 0 0 0 0 0 0 0 0 0 0 0 0 0 0 0 0 0 0 0 0 0 0 0 0 0 0 0 0 0 0 0 0 0 0 0 0 0 0 0 0 0 0 0 0 0 0 0 0 0 0 0 0 0 0 0 0 0 0 0 0 0 0 0 0 0 0 0 0 0 0 0 0 0 0 0 0 0 0 0 0 0 0 0 0 0 0 0 0 0 0 0 0 0 0 0 0 0 0 0 0 0 0 0 0 0 0 0 0 0 0 0 0 0 0 0 0 0 0 0 0 0 0 0 0 0 0 0 0 0 0 0 0 0 0 0 0 0 0 0 0 0 0 0 0 0 0 0 0 0 0 0 0 0 0 0 0 0 0 0 0 0 0 0 0 0 0 0 0 0 0 0 0 0 0 0 0 0 0 0 0 0 0 0 0 0 0 0 0 0 0 0 0 0 0 0 0 0 0 0 0 0 0 0 0 0 0 0 0 0 0 0 0 0 0 0 0 0 0 0 0 0 0 0 0 0 0 0 0 0 0 0 0 0 0 0 0 0 0 0 0 0 0 0 0 0 0 0 0 0 0 0 0 0 0 0 0 0 0 0 0 0 0 0 0 0 0 0 0 0 0 0 0 0 0 0 0 0 0 0 0 0 0 0 0 0 0 0 0 0 0 0 0 0 0 0 0 0 0 0 0 0 0 0 0 0 0 0 0 0 0 0 0 0 0 0 0 0 0 0 0 0 0 0 0 0 0 0 0 0 0 0 0 0 0 0 0 0 0 0 0 0 0 0 0 0 0 0 0 0 0 0 0 0 0 0 0 0 0 0 0 0 0 0 0 0 0 0 0 0 0 0 0 0 0 0 0 0 0 0 0 0 0 0 0 0 0 0 0 0 0 0 0 0 0 0 0 0 0 0 0 0 0 0 0 0 0 0 0 0 0 0 0 0 0 0 0 0 0 0 0 0 0 0 0 0 0 0 0 0 0 0 0 0 0 0 0 0 0 0 0 0 0 0 0 0 0 0 0 0 0 0 0 0 0 0 0 0 0 0 0 0 0 0 0 0 0 0 0 0 0 0 0 0 0 0 0 0 0 0 0 0 0 0 0 0 0 0 0 0 0 0 0 0 0 0 0 0 0 0 0 0 0 0 0 0 0 0 0 0 0 0 0 0 0 0 0 0 0 0 0 0 0 0 0 0 0 0 0 0 0 0 0 0 0 0 0 0 0 0 0 0 0 0 0 0 0 0 0 0 0 0 0 0 0 0 0 0 0 0 0 0 0 0 0 0 0 0 0 0 0 0 0 0 0 0 0 0 0 0 0 0 0 0 0 0 0 0 0 0 0 0 0 0 0 0 0 0 0 0 0 0 0 0 0 0 0 0 0 0 0 0 0 0 0 0 0 0 0 0 0 0 0 0 0 0 0 0 0 0 0 0 0 0 0 0 0 0 0 0 0 0 0 0 0 0 0 0 0 0 0 0 0 0 0 0 0 0 0 0 0 0 0 0 0 0 0 0 0 0 0 0 0 0 0 0 0 0 0 0 0 0 0 0 0 1 0 1 0 0 0 0 0 0 0 0 0 0 0 1 0 0 0 0 0 0 1 1 0 0 0 0 1 1 0 0 0 0 1 1 0 0 0 0 0 0 0 0 0 0 0 0 0 0 0 0 0 0 0 0 0 0 0 0 0 0 0 0 0 0 0 0 0 0 0 0 0 0 0 0 0 0 0 0 0 0 1 0 1 0 0 0 0 0 0 0 0 0 0 0 0 0 0 0 0 0 0 0 0 0 0 0 0 0 0 0 0 0 0 0 0 0 1 1 0 0 0 0 0 1 0 0 0 0 0 0 0 0 0 0 0 0 0 1 0 0 0 0 0 0 0 0 0 0 0 0 0 0 0 0 0 0 0 0 0 1 1 0 0 0 0 0 0 0 0 0 0 0 0 0 0 0 0 0 0 0 0 0 0 0 0 0 0 0 0 0 0 0 0 0 0 0 0 0 0 0 0 0 0 0 0 0 0 0 0 0 0 0 0 0 0 0 0 0 0 0 0 0 0 0 0 0 0 0 0 0 0 0 0 0 0 0 0 0 0 0 0 0 0 0 0 0 0 0 0 0 0 0 0 0 0 0 0 0 0 0 0 0 0 0 0 0 0 0 0 0 0 0 0 0 0 0 0 0 0 0 0 0 0 0 2 2 0 0 0 0 0 0 0 2 0 2 0 0 0 0 0 0 2 2 0 2 0 0 0 2 0 0 0 0 2 2 0 0 0 0 0 0 0 0 0 0 0 0 0 0 0 0 0 1 1 0 0 0 0 0 0 0 0 0 0 0 0 0 0 0 0 0 0 0 1 1 1 0 0 0 1 0 0 0 1 2 3 1 0 0 0 0 0 0 2 1 0 0 0 0 2 0 0 0 0 0 2 2 0 





























































































































































































































































































































































































































































































































































































































































































































































































































































































































































































































































































































































































































































































































































































































































































































































































































































































































































































































































































































































































































































































































