1023	3
0.4049	0.7051	0.997351	-0.658846	-0.453985	5.61539	8.76554	0.00134602
0.363	0.2851	1.00652	0.581551	-0.338114	5.69194	8.70884	0.000398572
0.9231	0.5021	0.998737	-0.0397437	0.0347105	5.7623	8.65578	0.000526908
0.6773	0.9643	1.00016	-0.0223363	0.045442	5.77459	8.66177	0.000309482
0.0164	0.4523	0.999269	-0.0494561	0.0299088	5.763	8.65249	0.00155941
0.3348	0.2172	1.00215	0.319783	-0.192797	5.78862	8.73399	0.000797244
0.0428	0.6403	0.997793	-0.0149061	0.0282482	5.74986	8.64437	0.000315725
0.1198	0.766	0.99647	0.0927606	0.00973599	5.73894	8.64326	0.00120941
0.0296	0.8986	0.998576	0.0247169	-0.0074636	5.75907	8.65125	0.000501787
0.2933	0.9484	1.0002	0.0251569	-0.0384219	5.77477	8.66147	0.000450612
0.8302	0.5625	0.99861	-0.0831659	0.325567	5.75374	8.69909	0.00133117
0.4047	0.6924	0.999539	-0.670795	-0.461716	5.59779	8.73212	0.00020955
0.6355	0.7641	1.00114	-0.498367	0.322073	5.73421	8.76754	0.00110094
0.6709	0.5165	1.00167	-0.0227474	0.815068	5.43885	8.47705	0.00143726
0.6815	0.457	1.00049	0.227811	0.790601	5.51884	8.61265	0.0023887
0.4285	0.093	1.00164	-0.0510776	0.139713	5.78214	8.67007	0.00270723
0.1499	0.2351	1.00117	-0.093416	-0.0561042	5.78087	8.66709	0.000721798
0.0846	0.1729	1.00037	0.00441455	-0.0333636	5.77625	8.66174	0.000692726
0.0381	0.1014	0.999884	0.00359843	-0.0206448	5.77118	8.65799	3.11799e-05
0.1659	0.2009	1.0013	-0.0164774	-0.0661825	5.78267	8.66504	0.000844973
0.1852	0.185	1.001	0.0364308	-0.0403122	5.78154	8.66512	0.00264225
0.2954	0.0443	1.00086	0.0441392	-0.0146597	5.78083	8.66485	0.00171557
0.2932	0.3003	1.00575	0.378326	-0.427251	5.74103	8.72515	0.0010254
0.3303	0.3333	1.0062	0.510235	-0.521051	5.64769	8.68529	0.000286083
0.2506	0.401	1.0057	0.179323	-0.636735	5.70741	8.7314	0.000273256
0.2437	0.4263	1.00493	0.0952682	-0.675471	5.70103	8.74223	0.00144549
0.1472	0.4978	0.997844	-0.0685371	-0.332222	5.75492	8.70857	0.000901415
0.054	0.3426	0.999787	-0.0302121	-0.0226588	5.77108	8.65918	0.00144325
0.1171	0.6295	0.996316	-0.0426317	-0.0391698	5.73932	8.64248	0.00168189
0.0732	0.6238	0.997255	-0.0308792	0.0335515	5.74417	8.64101	0.00116944
0.1484	0.7755	0.996922	0.0941642	-0.0470003	5.74168	8.64466	0.00127523
0.0997	0.8283	0.997584	0.0723458	0.0372864	5.74925	8.64806	0.00146828
0.1127	0.915	0.998778	0.0209215	-0.00690723	5.76068	8.65184	0.000914216
0.0049	0.9154	0.998779	0.0294116	-0.00882901	5.76085	8.65231	0.000796848
0.1888	0.661	0.992881	-0.15486	-0.227137	5.71574	8.67287	0.00318556
0.3141	0.8153	0.998267	-0.0340428	-0.149951	5.75343	8.65695	0.00144328
0.152	0.9563	0.999338	0.0322479	-0.0417348	5.76615	8.65635	0.00123092
0.2926	0.6466	0.992975	-0.453391	-0.607234	5.64684	8.81734	0.000190633
0.2567	0.6429	0.991141	-0.340168	-0.529029	5.67531	8.78685	0.000119833
0.3171	0.5358	0.997351	-0.250478	-0.817812	5.46243	8.58119	0.000185905
0.3378	0.4447	1.00578	0.172629	-0.73983	5.41618	8.36614	0.00165051
0.6127	0.441	1.00335	0.341481	0.633008	5.30261	8.18599	0.00122364
0.4172	0.4427	1.01025	0.264747	-0.422134	5.19859	7.84287	0.000573627
0.6219	0.8624	1.00052	-0.0314682	0.111154	5.77569	8.66568	6.13717e-05
0.5082	0.9435	1.00182	-0.0541403	0.0460486	5.7895	8.67103	0.000543065
0.4412	0.9479	1.00191	-0.0146226	0.00988771	5.78932	8.66755	0.000813834
0.9912	0.5159	0.998453	0.010798	0.0666187	5.75779	8.65235	0.00062244
0.9718	0.5216	0.998554	-0.00663849	0.0152409	5.76015	8.65288	0.000370041
0.6763	0.7677	0.999294	-0.382894	0.329207	5.74876	8.75672	0.00165283
0.8448	0.4872	0.99848	0.0222089	0.28811	5.75943	8.69404	0.00108095
0.848	0.4166	0.99861	0.0538927	0.225755	5.7644	8.68556	0.00111835
0.7672	0.385	0.997998	0.198085	0.491894	5.73486	8.76015	0.00127538
0.8184	0.3195	0.998247	0.0708511	0.142574	5.76196	8.67079	0.00194543
0.956	0.2626	0.999614	-0.0157087	-0.0194857	5.76894	8.65706	0.000903325
0.8235	0.3793	0.999149	0.0976644	0.263592	5.76374	8.69248	0.00114157
0.7829	0.2671	0.998349	0.0953751	0.108623	5.76007	8.66484	0.00258616
0.4882	0.3787	1.00702	0.626059	0.0239493	5.27487	8.05343	0.00142423
0.4547	0.2272	1.00061	0.606232	-0.0208296	5.72946	8.77296	0.00133967
0.4945	0.0783	0.999066	0.0175211	0.104274	5.76477	8.66083	0.00104788
0.4481	0.0675	1.00115	-0.0279437	0.153871	5.78353	8.6776	0.000166302
0.3823	0.1929	1.00132	0.336087	-0.081014	5.78323	8.72316	0.00150618
0.7226	0.0634	0.999323	-0.0027631	0.0532658	5.76581	8.656	0.00170468
0.7283	0.0072	0.999749	0.00279871	0.0426871	5.7703	8.65854	0.000523907
0.9156	0.1608	0.999395	-0.0185382	-0.00703854	5.76673	8.65554	0.00144845
0.0346	0.0235	0.99954	0.0157208	-0.0143671	5.76816	8.65645	0.00108901
0.0563	0.0049	0.999504	0.0165949	-0.0181827	5.76772	8.65618	0.000679806
0.0297	0.0032	0.999324	0.0153217	-0.0119059	5.7661	8.6552	0.000829111
0.091	0.0528	0.999899	0.0153904	-0.0196737	5.77156	8.65852	0.00032466
0.027	0.0699	0.999621	0.00719063	-0.0159861	5.769	8.65693	0.000970836
0.1136	0.136	1.00036	0.0136383	-0.0315435	5.77607	8.66157	0.00229616
0.2493	0.0431	1.00065	0.0350631	-0.0583873	5.77849	8.66443	0.00138658
0.3074	0.1233	1.00313	0.0524148	-0.0526337	5.79019	8.66092	0.000555147
0.1269	0.2071	1.00082	-0.0205902	-0.0638744	5.779	8.66362	0.00076453
0.1486	0.0253	0.999911	0.0227601	-0.0410509	5.77177	8.65953	0.000622598
0.2373	0.003	1.00041	0.0286504	-0.041293	5.77656	8.66252	0.000230605
0.2334	0.0003	1.00004	0.0278133	-0.0392125	5.77305	8.66036	0.0006592
0.3605	0.001	1.00119	0.0217894	-0.0220167	5.78415	8.66641	0.000456042
0.3493	0.0358	1.00127	0.0154217	-0.0325661	5.78429	8.66611	0.000536628
0.4289	0.0483	1.00184	0.0847225	0.00882199	5.78628	8.66708	0.000638165
0.4315	0.0435	1.0014	0.0632405	0.0070007	5.78536	8.66791	0.000918957
0.44	0.055	1.00144	0.0336878	0.0803448	5.78402	8.66736	0.000736671
0.4795	0.0563	1.00072	-0.0906662	0.150336	5.77696	8.67457	0.000608319
0.3452	0.1899	1.0018	0.268463	-0.138254	5.78995	8.7149	0.000358634
0.3898	0.0713	1.00137	0.0870758	-0.0162116	5.78195	8.66499	0.00112322
0.3953	0.0635	1.00107	0.139638	0.00774804	5.78118	8.67227	0.000323265
0.3245	0.2181	1.00202	0.307833	-0.164035	5.7886	8.72627	0.000314768
0.3165	0.1986	1.00217	0.226851	-0.109915	5.79221	8.70125	0.00108726
0.3093	0.1574	1.00192	0.0226304	0.0451703	5.79284	8.67388	0.00103651
0.2553	0.2563	1.00223	0.215272	-0.249169	5.78798	8.71683	0.00108924
0.2547	0.2407	1.00142	0.189085	-0.19716	5.78951	8.7093	0.000602428
0.2751	0.253	1.00273	0.254357	-0.228966	5.78733	8.71593	0.000530396
0.3043	0.2255	1.00175	0.271114	-0.198062	5.78676	8.72138	0.00133741
0.3878	0.2728	1.00572	0.631721	-0.271214	5.69192	8.72566	0.000479113
0.4643	0.2438	1.00041	0.686142	-0.0176325	5.69494	8.77443	0.00181315
0.4133	0.4387	1.00867	0.299505	-0.43483	5.19739	7.86849	0.000761448
0.4789	0.3073	1.00084	0.807464	0.0130784	5.52004	8.59916	0.00105671
0.3567	0.4697	1.0058	0.0742374	-0.721373	5.33059	8.21274	0.00250686
0.3446	0.3339	1.00506	0.553238	-0.497947	5.61831	8.66204	0.000875525
0.3091	0.4089	1.00305	0.276623	-0.740078	5.56563	8.63518	0.000952102
0.2686	0.3842	1.00513	0.261489	-0.646415	5.67802	8.71663	0.000925111
0.1763	0.3633	0.998967	0.0964863	-0.398416	5.76933	8.74697	0.00247372
0.2326	0.3886	1.00302	0.169914	-0.536996	5.72706	8.7233	0.00187063
0.2348	0.3461	1.00323	0.202723	-0.458945	5.74944	8.72228	0.00116811
0.2496	0.3418	1.00514	0.245095	-0.481666	5.74837	8.72446	0.000598723
0.2525	0.2894	1.00287	0.255473	-0.339411	5.77309	8.72505	0.00137909
0.1528	0.2871	0.999936	0.0125443	-0.118293	5.77802	8.67466	0.000710663
0.0573	0.3714	0.999666	-0.0327893	-0.0287162	5.77061	8.65976	0.00010077
0.0569	0.2538	1.00021	-0.0562509	-0.0411713	5.77442	8.66226	0.000545399
0.0186	0.3881	0.999573	-0.0107819	-0.014045	5.76826	8.65624	0.000479206
0.0127	0.395	0.999413	-0.00135212	-0.00709386	5.76684	8.65536	0.00287141
0.071	0.422	0.998847	-0.0393715	-0.0325708	5.76587	8.66009	0.000980256
0.1032	0.4154	0.999037	-0.00225574	-0.125474	5.77003	8.67126	0.000651806
0.1712	0.5269	0.995964	-0.126823	-0.420845	5.73946	8.74068	0.000445761
0.0253	0.4892	0.998709	-0.0200018	0.012858	5.75697	8.6469	0.0002226
0.0269	0.5218	0.998949	0.031749	0.0223423	5.75752	8.64612	0.00218838
0.1726	0.5474	0.997046	-0.110096	-0.381638	5.73913	8.7131	0.000666827
0.2215	0.6127	0.993548	-0.243475	-0.460365	5.70495	8.74861	0.000597005
0.2726	0.4994	0.999886	-0.0759856	-0.782751	5.59636	8.70474	0.000452433
0.1988	0.7394	0.995262	-0.00743172	-0.075442	5.7257	8.63231	0.00112284
0.2335	0.6422	0.992612	-0.270904	-0.436098	5.70254	8.74926	0.000612368
0.1892	0.7525	0.996051	0.0422061	-0.057878	5.73348	8.63688	0.000483968
0.1081	0.7516	0.996281	0.0711079	0.0211018	5.73635	8.6394	0.000946981
0.0126	0.6593	0.997427	-0.0158002	0.0272435	5.74924	8.6466	0.00052196
0.046	0.6304	0.997709	-0.0245629	0.0255272	5.7482	8.64272	0.000218645
0.0528	0.8427	0.998311	0.0411623	-0.0159563	5.75625	8.64996	0.00054584
0.0639	0.8398	0.998047	0.0452563	-0.0115109	5.75374	8.64858	0.000336613
0.0154	0.8977	0.998575	0.0221346	-0.00941467	5.75874	8.65073	0.00126383
0.0094	0.9649	0.999145	0.0163811	-0.00893973	5.764	8.65357	0.000672595
0.1041	0.9848	0.999466	0.02183	-0.00884729	5.76742	8.65603	0.000782303
0.0017	0.9807	0.999253	0.0136815	-0.0112761	5.76546	8.65481	0.000847931
0.1232	0.9204	0.999004	0.0228449	-0.00645277	5.76254	8.65272	0.000360797
0.1349	0.9915	0.999579	0.0312364	-0.0334008	5.76838	8.65725	0.00119019
0.128	0.8542	0.997556	0.060605	0.00632257	5.74946	8.64718	0.000258192
0.1723	0.8324	0.997524	0.0907816	-0.0515901	5.74747	8.64806	0.000636927
0.1653	0.826	0.997739	0.0467003	-0.0181337	5.75081	8.64702	0.000953431
0.1541	0.7716	0.996314	0.104954	-0.048055	5.73579	8.64218	0.00105292
0.3324	0.7743	0.996259	-0.247236	-0.263873	5.74323	8.71257	0.00122387
0.2995	0.7422	0.993369	-0.287888	-0.323715	5.7153	8.72401	0.000987473
0.3666	0.8011	0.999213	-0.215036	-0.220505	5.76292	8.69862	0.000878965
0.3784	0.8537	1.00074	-0.059008	-0.12503	5.77902	8.67172	0.000603232
0.3174	0.9207	1.00039	0.0406609	-0.0596385	5.77589	8.66303	0.00128117
0.3682	0.9211	1.00087	0.0111883	-0.0483704	5.78122	8.66553	0.000787782
0.4465	0.9451	1.00224	-0.0144065	0.000561974	5.7904	8.66626	0.000517826
0.3788	0.9797	1.00122	0.0134323	-0.0364329	5.78427	8.66661	0.000497687
0.389	0.8976	1.00171	-0.00952709	-0.0633064	5.78814	8.66941	0.000323953
0.4573	0.8957	1.00219	-0.0980842	-0.0229542	5.79213	8.67427	0.00138747
0.431	0.7955	0.999971	-0.400499	-0.201853	5.77047	8.75653	0.000481772
0.4428	0.7776	1.00166	-0.548519	-0.190195	5.7557	8.78778	0.000341203
0.4811	0.6465	1.00869	-0.678391	-0.127853	5.36235	8.21247	0.000787521
0.4822	0.6982	1.00577	-0.737845	-0.162386	5.55144	8.5648	0.000315433
0.4154	0.7335	0.997976	-0.614985	-0.383074	5.67296	8.78917	0.00216067
0.3933	0.6797	0.996711	-0.672834	-0.527005	5.57228	8.75122	0.0025077
0.2853	0.6966	0.991356	-0.360373	-0.439878	5.69686	8.78148	0.000388408
0.3024	0.7088	0.991553	-0.382322	-0.445466	5.69543	8.78822	0.000740475
0.4213	0.5186	1.00223	-0.136363	-0.443178	5.12691	7.78075	0.00040248
0.3376	0.5542	0.996989	-0.328776	-0.798265	5.42118	8.529	0.000779405
0.3662	0.5482	1.00264	-0.312662	-0.721382	5.32686	8.2783	0.00117574
0.4524	0.6057	1.00744	-0.540793	-0.282369	5.24895	8.00137	0.000572137
0.4762	0.5775	1.00362	-0.432519	-0.168905	5.14161	7.79243	0.000902537
0.4812	0.5379	0.999073	-0.274382	-0.144192	5.05046	7.63075	0.00133467
0.5746	0.5568	1.00593	-0.283162	0.441051	5.17638	7.85613	0.00237723
0.5205	0.596	1.0064	-0.497898	0.10341	5.18923	7.86366	0.00113314
0.664	0.6042	1.00053	-0.387515	0.710933	5.50241	8.57703	0.000863396
0.6776	0.5805	1.0004	-0.272885	0.778155	5.50873	8.59982	0.000874696
0.6925	0.6157	1.00157	-0.33287	0.687394	5.59392	8.66935	0.00069473
0.6987	0.5856	1.00082	-0.263239	0.724973	5.57256	8.64945	0.000976235
0.6277	0.6966	1.00163	-0.630426	0.460362	5.6156	8.71435	0.000729778
0.6342	0.7587	1.00327	-0.482705	0.333876	5.73668	8.74922	0.000225697
0.6518	0.7565	1.00071	-0.453876	0.347164	5.73517	8.75991	0.00043961
0.6059	0.7522	1.00493	-0.540607	0.273788	5.71759	8.71793	0.00039737
0.5984	0.6658	1.00564	-0.618871	0.421151	5.50716	8.49461	0.000747277
0.5265	0.7377	1.00585	-0.705877	0.0728407	5.66701	8.70284	0.00110863
0.5569	0.8363	1.00371	-0.309394	0.0876613	5.7977	8.71614	0.00110499
0.5128	0.8257	1.00352	-0.345189	-0.00629183	5.79248	8.71782	0.00043808
0.5367	0.7988	1.00471	-0.48283	0.0523726	5.7762	8.74165	0.00159487
0.5404	0.8722	1.00355	-0.108375	0.0953729	5.80025	8.67999	0.000702598
0.5732	0.8829	1.00242	-0.0236985	0.0449686	5.79251	8.6691	0.00036916
0.5494	0.9819	1.0011	-0.0685133	0.0439452	5.78303	8.66829	0.000705685
0.5936	0.9107	1.00195	-0.0642702	0.0744083	5.78766	8.66946	0.000354783
0.6862	0.917	1.00003	0.00225283	0.0606359	5.77433	8.66307	0.00255309
0.6887	0.9412	0.99998	-0.00414221	0.0475569	5.77323	8.66116	0.000823587
0.6095	0.8674	1.0025	-0.0134308	0.0981899	5.7927	8.6723	0.000395808
0.6348	0.8611	1.00211	-0.0557978	0.150765	5.78545	8.67279	0.000942475
0.5905	0.769	1.00393	-0.546673	0.220072	5.7357	8.7435	0.00121945
0.8802	0.7208	0.998073	0.0232654	-0.00434542	5.75383	8.64769	0.000423135
0.7276	0.7178	0.997906	-0.311251	0.41453	5.7342	8.75371	0.00120532
0.7669	0.8082	0.998711	-0.0387765	0.103111	5.76404	8.66329	0.00064758
0.7984	0.8696	0.999195	0.00357912	-0.0199258	5.76487	8.65447	0.000341861
0.7487	0.9415	0.99979	0.0299023	0.0397722	5.77166	8.66055	0.00166222
0.8859	0.8828	0.998787	0.018639	0.018572	5.7609	8.65219	0.00141749
0.9214	0.8355	0.998451	-0.002708	0.0181239	5.75769	8.6501	0.000591081
0.9051	0.908	0.998903	0.0177359	0.0129326	5.76221	8.65306	0.00112059
0.9218	0.9021	0.99886	0.0180214	0.0102708	5.76162	8.65251	0.00101714
0.9016	0.8224	0.998482	-0.00717868	0.0133056	5.75797	8.6502	0.000398657
0.9421	0.7667	0.998028	0.00506847	0.00866015	5.7536	8.64751	0.000847668
0.9752	0.7409	0.997928	0.0190459	0.0748639	5.75326	8.6508	0.00117514
0.8606	0.684	1.0002	-0.0352155	-0.0267494	5.74982	8.62395	0.00132696
0.8967	0.6912	0.997918	-0.0475077	-0.027273	5.74978	8.64417	0.00120166
0.926	0.6839	0.998142	-0.0340001	-0.000209437	5.75116	8.64337	0.00163652
0.8444	0.6619	0.999296	-0.0956245	0.0893306	5.75389	8.64548	0.000604643
0.8142	0.663	0.997852	-0.144663	0.258322	5.75486	8.6947	0.000382392
0.805	0.6748	0.997318	-0.135848	0.284817	5.74806	8.69507	0.000603061
0.757	0.5567	0.999446	-0.115779	0.680123	5.68661	8.77263	0.000123217
0.7483	0.5776	0.997677	-0.20338	0.703715	5.67291	8.79747	0.00105031
0.7892	0.6616	0.996487	-0.193653	0.382765	5.73847	8.73005	0.000744744
0.8111	0.5883	0.9971	-0.114566	0.437349	5.74614	8.74648	0.00144416
0.93	0.6506	0.998566	0.0962579	0.0294768	5.75366	8.64795	0.000936609
0.9379	0.555	0.998287	0.0110695	-0.00238619	5.75854	8.65269	0.000589063
0.8955	0.3614	0.999395	0.0178034	0.0180316	5.7674	8.65666	0.00121977
0.8863	0.54	0.998532	-0.0301698	0.0992783	5.76184	8.66086	0.000908318
0.8993	0.4918	0.998947	-0.00864055	0.0503743	5.76401	8.65643	0.00193057
0.8793	0.3439	0.999317	0.0130384	0.0337944	5.76632	8.65606	0.000193226
0.8823	0.3286	0.999523	0.00460128	0.018255	5.76582	8.65304	0.000595523
0.8899	0.2996	0.999274	0.00135631	-0.00612396	5.76666	8.6563	0.000517025
0.8566	0.2976	0.999184	0.0247397	0.0436506	5.76587	8.65712	0.000831788
0.6754	0.2533	0.996745	0.355643	0.270771	5.73226	8.72637	0.00166739
0.7205	0.3059	0.997006	0.342618	0.371601	5.73179	8.75125	0.000709023
0.6963	0.5055	1.00115	0.0231897	0.811741	5.54366	8.6357	0.00136411
0.7052	0.522	1.00058	-0.0375373	0.797694	5.5637	8.6596	0.00103518
0.7806	0.5375	0.997243	-0.0693754	0.637277	5.71659	8.80406	0.00106974
0.662	0.5433	1.00216	-0.161612	0.79434	5.41911	8.4397	0.000904644
0.6717	0.403	1.00119	0.421977	0.681687	5.55682	8.64671	0.00061106
0.6382	0.5444	1.00637	-0.170072	0.701161	5.34012	8.21972	0.00128646
0.6159	0.5151	1.0079	-0.0420136	0.637179	5.25364	8.02257	0.00294364
0.5818	0.4428	1.00708	0.348841	0.476027	5.20984	7.934	0.000993939
0.5021	0.4266	1.00617	0.42285	0.0758275	5.136	7.74907	0.000498312
0.5054	0.403	1.00619	0.544656	0.0973865	5.19996	7.90506	0.000676037
0.4901	0.3165	1.00215	0.813057	0.0537976	5.48789	8.54619	0.0010144
0.5363	0.2497	0.997471	0.675723	0.18582	5.67812	8.78434	0.000365579
0.5403	0.2651	0.998322	0.700537	0.22699	5.65167	8.76289	0.000496115
0.5661	0.373	1.00275	0.661165	0.404885	5.35426	8.30994	0.000904177
0.6169	0.2497	0.995965	0.534016	0.287398	5.71037	8.78415	0.00100268
0.6787	0.2231	0.995892	0.268323	0.167181	5.73983	8.69523	0.000352526
0.7457	0.2132	0.998163	0.100163	0.0724359	5.7583	8.66099	0.000743826
0.6898	0.216	0.996433	0.213019	0.155521	5.74664	8.68559	0.00045857
0.659	0.2254	0.996427	0.320401	0.201299	5.74121	8.71428	8.33815e-05
0.572	0.2433	0.995789	0.595519	0.253159	5.69971	8.79509	0.00197082
0.5084	0.134	0.998041	0.143799	0.0236842	5.75276	8.65669	0.000244685
0.5434	0.0364	1.00043	-0.0782675	0.0362107	5.77657	8.66483	0.000569805
0.5321	0.1255	1.00006	0.0906024	0.0811163	5.77025	8.66221	0.000520771
0.5128	0.0688	1.00005	-0.0980129	0.0231135	5.76713	8.65536	0.00049559
0.5464	0.0769	1.00115	-0.0278425	-0.0316396	5.77172	8.64854	0.00142603
0.563	0.0084	1.0007	-0.0594009	0.0438405	5.77973	8.6663	0.000458696
0.5949	0.0529	1.00024	-0.0449231	0.0195623	5.77234	8.65767	0.00202439
0.7982	0.0181	0.999414	0.00191015	0.0161142	5.76675	8.65533	0.00052603
0.8693	0.0037	0.999197	-0.0133149	-0.0146796	5.76484	8.6544	0.000218827
0.8693	0.1633	0.999262	-0.0199569	0.00143221	5.76555	8.65492	0.000706325
0.7567	0.1746	0.997955	0.00464273	-0.0141978	5.75874	8.65593	0.00152831
0.8608	0.1862	0.999112	-0.0420643	-0.00631833	5.76425	8.65496	0.00256792
0.7832	0.1876	0.999476	-0.0133712	-0.00951814	5.7629	8.64901	0.00258845
0.9304	0.1956	0.999423	-0.0112322	-0.0119846	5.76742	8.65626	0.000548121
0.947	0.2183	0.999576	-0.000976022	-0.0225313	5.76847	8.65662	0.00100416
0.978	0.1708	0.999677	-0.00546099	-0.0216943	5.76955	8.65738	0.00179116
0.9295	0.1598	0.99946	-0.0196072	-0.0165516	5.76769	8.65654	0.000320371
0.9368	0.1298	0.999464	-0.0121554	-0.0170286	5.76744	8.65602	0.00129709
0.8777	0.0099	0.999235	-0.0148528	-0.0113754	5.76524	8.65466	0.000504763
0.0323	0.005	0.999464	0.0151854	-0.0127063	5.76735	8.65586	0.000111682
0.0136	0.0435	0.999445	0.0120625	-0.0166708	5.7673	8.65596	0.000764083
0.0629	0.0763	0.999804	0.0084665	-0.0213372	5.77063	8.6579	0.00121672
0.0795	0.057	0.999756	0.0135606	-0.0205448	5.77021	8.65773	0.00108062
0.0967	0.0226	0.999627	0.0183631	-0.01602	5.76898	8.657	0.00103064
0.1063	0.0347	0.999849	0.0184563	-0.0234336	5.77105	8.65833	0.00097425
0.0516	0.1086	1.00011	0.00499572	-0.0226974	5.77296	8.65875	0.00183411
0.069	0.1626	1.00015	0.00615412	-0.0319883	5.77406	8.66033	0.00107356
0.0356	0.0952	0.999839	0.00427968	-0.0194285	5.77103	8.65814	0.000152878
0.0337	0.0928	0.999753	0.0040671	-0.0185833	5.7702	8.65761	0.000305395
0.0294	0.1017	0.999884	0.00178908	-0.0199355	5.77137	8.65827	0.0009092
0.0049	0.0964	0.999683	-0.000803288	-0.0232193	5.76954	8.65732	0.0023975
0.0192	0.1729	0.999836	-0.00312366	-0.0310664	5.77113	8.65861	0.00148607
0.0461	0.1694	1	0.00192331	-0.0320875	5.77278	8.65965	0.00128023
0.0279	0.199	1.00001	-0.0144209	-0.0360282	5.77284	8.65992	0.00123681
0.0216	0.2339	0.999931	-0.041962	-0.0427018	5.77208	8.66051	0.0012949
0.0152	0.2621	0.999862	-0.016891	-0.0198563	5.77119	8.65832	0.000966302
0.0524	0.259	1.00006	-0.0478553	-0.0340267	5.77328	8.66109	0.000410818
0.0669	0.245	1.00031	-0.0458338	-0.0434707	5.77534	8.66231	0.000419766
0.0938	0.2557	1.00033	-0.0901677	-0.0211381	5.77509	8.66404	0.00117105
0.0606	0.226	1.00022	-0.0292316	-0.0373335	5.7746	8.66117	0.000961819
0.1009	0.2173	1.00031	-0.0131787	-0.0497717	5.77597	8.66256	0.000882512
0.0775	0.1982	1.00027	-0.00881519	-0.034223	5.77543	8.66139	0.00104545
0.1039	0.2002	1.00043	-0.00867378	-0.0563967	5.77662	8.66288	0.000544855
0.1312	0.1886	1.00095	0.00703992	-0.0670988	5.78056	8.66492	0.000251833
0.1417	0.1884	1.00118	0.00424364	-0.0709934	5.7814	8.66443	0.000357306
0.1183	0.2377	1.00074	-0.072258	-0.0298318	5.779	8.66513	0.000749934
0.1432	0.2551	1.00058	-0.0387456	-0.0468702	5.78185	8.66956	0.000766162
0.1309	0.2587	1.00119	-0.0467854	-0.0362374	5.77793	8.65835	0.00044183
0.1161	0.2676	1.00049	-0.0531431	-0.0660054	5.777	8.66484	0.000572596
0.1961	0.2754	0.998557	0.0709221	-0.222225	5.78169	8.71227	0.00123092
0.1832	0.2786	1.00039	0.0620451	-0.143672	5.78301	8.68339	0.000879895
0.1783	0.235	1.00191	-0.0832082	-0.0986768	5.78739	8.6729	0.000871917
0.1962	0.2297	1.00052	-0.0416257	-0.072085	5.79358	8.68934	0.0012905
0.1942	0.228	1.00094	-0.0459081	-0.0711856	5.7834	8.67054	0.000478547
0.214	0.1968	1.00161	0.0378238	-0.0167054	5.79123	8.67375	0.000949811
0.2025	0.0936	1.0009	0.017397	-0.0329897	5.78086	8.66418	0.00183442
0.2133	0.1648	1.00121	0.0315724	-0.0100603	5.78391	8.6659	0.00165867
0.1354	0.1761	1.00066	0.0309232	-0.0686653	5.77865	8.66513	0.0014157
0.1281	0.1742	1.0002	0.0273151	-0.060491	5.77512	8.66312	0.00016483
0.1171	0.1776	1.00032	0.0200232	-0.0561749	5.77661	8.66389	0.000539064
0.1087	0.0853	1.00011	0.010656	-0.0245171	5.7734	8.6595	0.00217843
0.1475	0.0323	1.00004	0.0195902	-0.0383261	5.77305	8.66018	0.000431913
0.1434	0.0378	1.00011	0.0189477	-0.0403007	5.77378	8.66068	0.00109261
0.153	0.084	1.00053	0.0154372	-0.0508678	5.77768	8.6633	0.00309848
0.1743	0.0172	1.00008	0.0201101	-0.0331566	5.77344	8.66023	0.00161547
0.2013	0.0757	1.00051	0.024626	-0.0447298	5.7775	8.66318	0.00166184
0.1892	0.0821	1.00036	0.0274379	-0.0355697	5.77593	8.66175	0.000939168
0.2305	0.003	1.00029	0.0270955	-0.0388415	5.77535	8.66167	0.00125559
0.2362	0.0027	1.00027	0.0276133	-0.0411712	5.77521	8.66168	3.05998e-06
0.2504	0.0613	1.00075	0.0409837	-0.0644261	5.7805	8.6672	0.000881424
0.2305	0.0925	1.00126	-0.0024135	-0.0539941	5.78342	8.66568	0.000865192
0.249	0.0926	1.0015	-0.00440596	-0.0704461	5.78587	8.66831	0.000541405
0.2553	0.1197	1.00148	-0.00235407	-0.0665752	5.7861	8.66855	0.000821456
0.3437	0.0853	1.0015	0.0397711	-0.0717715	5.78718	8.67113	0.00168125
0.2842	0.0868	1.00129	-0.00142669	-0.00188057	5.78459	8.66568	0.00140812
0.2949	0.112	1.00113	0.0489989	-0.0336141	5.78584	8.67075	0.00102292
0.2724	0.0754	1.00073	0.0223785	-0.0316654	5.7791	8.66308	0.00046929
0.3317	0.0492	1.00133	0.0293276	-0.0313752	5.78516	8.66715	0.0011637
0.3124	0.0139	1.00078	0.014905	-0.0410384	5.78028	8.66462	0.00143346
0.3674	0.0335	1.00123	0.0217374	0.0204753	5.78493	8.66715	0.00151
0.3512	0.009	1.00106	0.0319767	-0.021	5.7824	8.6651	0.000621622
0.3541	0.0569	1.00128	0.0526759	-0.0359304	5.78574	8.66958	0.000685941
0.4536	0.0127	1.0021	-0.00511494	-0.0120073	5.78946	8.66608	0.000928261
0.4782	0.0282	1.00182	-0.0693117	0.0570285	5.78856	8.67108	0.000578669
0.485	0.0179	1.00145	-0.0409711	0.0668695	5.78371	8.66608	0.00133816
0.4636	0.109	1.00114	0.0535462	0.0930256	5.78194	8.66876	0.00134579
0.4937	0.057	1.00074	-0.141547	0.0470218	5.77478	8.66691	0.000777457
0.4969	0.0636	1.00073	-0.0908113	0.0531526	5.77364	8.6597	0.000116548
0.4584	0.0801	1.00101	-0.0291947	0.1471	5.78093	8.67387	0.000630922
0.45	0.0681	1.00143	-0.0490113	0.133669	5.78446	8.67447	0.000165703
0.395	0.0631	1.00093	0.130104	0.0129437	5.78102	8.672	0.0004736
0.387	0.1996	1.0014	0.358125	-0.075439	5.78497	8.73233	0.00157985
0.3469	0.1238	1.00368	-0.0509396	-0.0780319	5.79074	8.65857	0.00320436
0.3417	0.1839	1.00105	0.259471	-0.126746	5.78239	8.70619	0.00104199
0.4339	0.1692	1.00096	0.263247	0.0411963	5.78586	8.70599	0.00304507
0.4393	0.179	0.999514	0.364857	-0.0228187	5.76998	8.726	0.00232253
0.4878	0.1305	1.00042	0.185495	0.000374495	5.77489	8.67593	0.00145427
0.4854	0.2366	0.999306	0.676798	0.0481889	5.70229	8.78956	0.000251999
0.4976	0.254	0.99915	0.705402	0.0894955	5.66636	8.75958	0.000569941
0.4968	0.2376	0.999255	0.672287	0.079293	5.70289	8.78984	5.06766e-05
0.4234	0.204	1.00073	0.467411	-0.0553753	5.76761	8.7559	0.0012375
0.3923	0.2603	1.00362	0.649489	-0.217079	5.70763	8.76501	0.00246731
0.3708	0.2723	1.00614	0.589863	-0.286793	5.70797	8.72477	0.000355485
0.2844	0.276	1.00358	0.360076	-0.337492	5.76123	8.7328	0.000355405
0.2939	0.2763	1.00413	0.394816	-0.367175	5.75998	8.74977	0.000929069
0.3412	0.2538	1.00369	0.485398	-0.269952	5.75285	8.75178	0.00214158
0.2754	0.2399	1.00129	0.2336	-0.20388	5.78346	8.7121	0.000269293
0.3021	0.1485	1.00183	0.055642	-0.0142435	5.79158	8.67313	0.00110001
0.3349	0.1313	1.00179	-0.0406108	0.0512073	5.78801	8.66864	0.000863133
0.26	0.2036	1.00193	0.0473972	-0.117803	5.7921	8.67947	0.00223103
0.2324	0.1382	1.00141	0.0175318	-0.0278358	5.78571	8.66691	0.000870419
0.2589	0.1386	1.00163	0.0466015	-0.099056	5.78763	8.67334	0.00154726
0.2535	0.2134	1.00151	0.106794	-0.0998464	5.79777	8.6942	0.00067344
0.2618	0.2245	1.00057	0.177557	-0.161014	5.78603	8.7028	0.000370628
0.2641	0.2735	1.0024	0.266984	-0.290779	5.77442	8.71884	0.000250743
0.3072	0.3391	1.00695	0.432734	-0.552585	5.67464	8.69952	0.000742785
0.2722	0.3287	1.00558	0.332065	-0.482014	5.73403	8.7246	0.000803182
0.2846	0.3451	1.00652	0.349133	-0.552496	5.70061	8.70914	0.000523587
0.301	0.348	1.00673	0.390759	-0.572448	5.67152	8.69058	0.000103087
0.2921	0.3555	1.00675	0.359581	-0.587775	5.67594	8.69423	0.000388212
0.2986	0.3486	1.00684	0.384403	-0.574666	5.67369	8.69174	5.21249e-05
0.3198	0.359	1.00472	0.428774	-0.612348	5.61952	8.66908	0.000583951
0.3134	0.3759	1.00447	0.382414	-0.65568	5.6006	8.65164	0.000397772
0.3202	0.3506	1.00543	0.441854	-0.584755	5.63439	8.67453	0.00019035
0.3303	0.3033	1.00731	0.508598	-0.41977	5.69892	8.70382	0.000672945
0.3413	0.2958	1.00727	0.528545	-0.394163	5.69922	8.70445	0.000412538
0.3177	0.29	1.00623	0.448172	-0.376296	5.73331	8.71792	0.000575225
0.3861	0.2906	1.00451	0.65323	-0.295728	5.64638	8.68861	0.000546563
0.3516	0.3002	1.00556	0.572305	-0.405602	5.67691	8.71428	0.000838613
0.4022	0.3058	1.00498	0.690181	-0.294672	5.59527	8.63293	0.000421775
0.4067	0.3135	1.00429	0.703355	-0.297863	5.56983	8.61078	0.000386202
0.4396	0.3044	1.00336	0.778575	-0.138607	5.55827	8.62221	0.00209216
0.465	0.3292	1.00484	0.770327	-0.0597586	5.45383	8.43981	0.00109083
0.4176	0.3483	1.00658	0.670458	-0.30774	5.43767	8.37527	0.00123994
0.4544	0.354	1.00744	0.686206	-0.129339	5.37051	8.24007	0.00174406
0.4043	0.375	1.00797	0.561478	-0.400761	5.37953	8.24341	0.00228134
0.3941	0.3293	1.00507	0.669359	-0.363859	5.54103	8.55979	0.000744227
0.3748	0.3421	1.0055	0.613692	-0.452531	5.53953	8.55455	0.00113309
0.3589	0.3768	1.0067	0.481603	-0.571741	5.48381	8.45039	0.00141378
0.4098	0.4486	1.00884	0.233003	-0.449247	5.19088	7.84614	0.00131171
0.3826	0.4232	1.00698	0.336868	-0.558338	5.31142	8.12455	0.00187103
0.4465	0.4314	1.00743	0.38007	-0.242181	5.14713	7.76533	0.00128644
0.4548	0.4295	1.00712	0.397255	-0.198302	5.14191	7.75692	0.000361827
0.4677	0.4234	1.0069	0.436717	-0.124682	5.14608	7.76938	0.00121859
0.4613	0.4538	1.00049	0.298041	-0.205934	5.07538	7.67494	0.000932368
0.4421	0.4919	1.00049	0.013632	-0.39348	5.07441	7.68539	0.000883107
0.4819	0.4599	0.997437	0.288404	-0.044476	5.04233	7.6255	0.00166601
0.4535	0.5014	0.998387	-0.0579716	-0.32041	5.0447	7.63228	0.00150763
0.4191	0.5063	1.0032	-0.0690218	-0.444597	5.1276	7.76807	0.00085212
0.4098	0.5325	1.00456	-0.221033	-0.504954	5.17166	7.87416	0.000512051
0.3881	0.493	1.00754	-0.0296593	-0.613791	5.22082	7.96141	0.00189672
0.2904	0.4818	1.00073	-0.036117	-0.841415	5.5632	8.69338	0.00142325
0.305	0.5196	0.999804	-0.197782	-0.854072	5.50759	8.64728	0.00124546
0.3062	0.4303	1.00185	0.201343	-0.776208	5.54393	8.62204	0.00156035
0.3414	0.3921	1.00642	0.398474	-0.645543	5.49455	8.47701	0.000995933
0.3311	0.381	1.00385	0.412469	-0.643884	5.54684	8.58073	0.000413378
0.2959	0.3773	1.00612	0.332338	-0.643049	5.64085	8.67177	0.000491262
0.2761	0.399	1.00581	0.230343	-0.669976	5.65711	8.68762	0.000442737
0.2659	0.3919	1.0056	0.239913	-0.655178	5.68006	8.71606	0.000174341
0.27	0.4045	1.00532	0.206005	-0.672657	5.66174	8.69508	0.000444775
0.2734	0.4819	1.00104	-0.0399408	-0.819065	5.60041	8.7281	0.00119208
0.2765	0.4986	0.999633	-0.086119	-0.80002	5.58954	8.71111	0.000127733
0.2862	0.5123	0.998237	-0.152517	-0.795209	5.56233	8.68603	0.000813257
0.2346	0.4683	1.00297	0.0172938	-0.632187	5.6947	8.71674	0.000936918
0.2532	0.5196	1.00019	-0.142793	-0.713791	5.64331	8.72829	0.00175355
0.2336	0.521	0.998722	-0.143021	-0.648229	5.67666	8.74621	0.00117518
0.21	0.5097	0.998798	-0.109752	-0.587077	5.70835	8.75119	0.00176559
0.1551	0.4976	0.997657	-0.0728591	-0.361458	5.76161	8.73069	0.000615416
0.132	0.468	0.998216	-0.029187	-0.233531	5.76014	8.68334	0.000615852
0.1804	0.4571	0.998755	-0.00316774	-0.516862	5.74333	8.75931	0.001039
0.1638	0.4667	0.997864	0.0119578	-0.398838	5.75228	8.72649	0.00108059
0.1899	0.4422	0.99941	0.0203599	-0.527368	5.73624	8.7487	0.00036053
0.2195	0.4639	1.00121	0.00393343	-0.56817	5.70953	8.71538	0.00079159
0.2251	0.4349	1.00286	0.050934	-0.550278	5.71657	8.7031	0.000803517
0.2338	0.458	1.0046	0.0285612	-0.626564	5.70971	8.72207	0.000486473
0.2124	0.3333	1.00081	0.161487	-0.404877	5.76071	8.72904	0.000583371
0.1877	0.4313	0.999301	0.0499482	-0.531908	5.74333	8.76373	0.00188676
0.1993	0.3205	1.00031	0.13504	-0.360443	5.77509	8.73404	0.000883251
0.2491	0.3172	1.00371	0.266411	-0.405265	5.7598	8.72535	0.000998108
0.1947	0.2951	0.999564	0.109486	-0.273111	5.78498	8.72455	0.000982799
0.1638	0.3171	0.999308	0.011327	-0.171061	5.77678	8.68586	0.00169996
0.1522	0.3605	0.999263	0.0320039	-0.174904	5.77427	8.6836	0.00117059
0.1287	0.2983	1.00027	-0.00879977	-0.0757929	5.776	8.66457	0.00115927
0.1281	0.3875	0.999376	0.0122521	-0.139845	5.77148	8.67247	0.000389903
0.1396	0.4081	0.998989	0.0281085	-0.194019	5.77073	8.68408	0.00103351
0.1326	0.4259	0.999066	-0.0122172	-0.17401	5.77007	8.67841	0.00114704
0.1351	0.4112	0.998852	0.0233518	-0.172124	5.76853	8.67782	0.000248205
0.0699	0.3705	0.999609	-0.0316925	-0.0409083	5.77099	8.66121	0.000871152
0.1123	0.3768	0.999736	-0.00615788	-0.0914032	5.77199	8.66447	0.000436835
0.11	0.3459	1.0001	-0.0116504	-0.0544414	5.77258	8.65952	0.00215782
0.0743	0.3144	0.999922	-0.0119376	-0.023439	5.77213	8.65922	0.000780678
0.096	0.2933	1.0002	-0.00848741	-0.0404542	5.77353	8.6594	0.00113217
0.0614	0.2973	1.00017	-0.0156121	-0.00585723	5.77311	8.65837	0.000514332
0.0097	0.2902	0.999703	-0.0152335	-0.0134001	5.76973	8.65738	0.00156094
0.0523	0.2869	1.00013	-0.0238645	-0.0125358	5.77359	8.6596	0.0008888
0.0543	0.3074	0.999822	-0.019458	-0.0102577	5.77113	8.65848	0.00103258
0	0.3378	0.999671	-0.045685	-0.0195936	5.76914	8.65779	0.00091038
0.0037	0.3537	0.999571	-0.0342496	-0.0221701	5.76815	8.65678	0.000995126
0.0537	0.374	0.999647	-0.0326943	-0.0244301	5.76953	8.65819	0.000551676
0.0596	0.3981	0.999367	-0.0361135	-0.0166967	5.76841	8.6589	0.00122113
0.0504	0.3807	0.999549	-0.0228134	-0.0233758	5.76938	8.6585	0.000228281
0.0888	0.4225	0.998591	-0.00826545	-0.103277	5.76801	8.66959	0.00152622
0.0907	0.3959	0.999203	-0.0424895	-0.0723225	5.76944	8.66459	0.000685715
0.1062	0.3786	0.999483	-0.0122602	-0.0699386	5.77197	8.66496	0.00046491
0.1152	0.3996	0.999232	0.00138362	-0.128243	5.77159	8.67226	0.00037171
0.1135	0.4931	0.997269	-0.0711118	-0.138269	5.75985	8.67552	0.00172045
0.1254	0.4673	0.997717	-0.0473842	-0.160312	5.75936	8.67278	0.000688672
0.1052	0.5171	0.996898	0.0074459	-0.0919223	5.75545	8.66429	0.00298103
0.0379	0.4769	0.999399	-0.0421335	-0.000364742	5.76033	8.64658	0.00248145
0.0124	0.4914	0.998435	-0.0133048	0.0276383	5.75765	8.65048	0.00027571
0.0083	0.48	0.998996	-0.0417267	0.0334002	5.76181	8.65283	0.000789164
0.0183	0.6039	0.997731	-0.0168304	0.00952973	5.75141	8.64692	0.00109796
0.0504	0.5629	0.997759	-0.00834924	0.00756282	5.75463	8.6514	0.00243155
0.0602	0.5981	0.997418	-0.0304647	0.0316529	5.74924	8.64714	0.00119178
0.0399	0.6217	0.997791	-0.0345502	0.0253416	5.75044	8.64567	0.00057461
0.0081	0.6309	0.997655	-0.0160047	0.0301898	5.75	8.64585	0.000652935
0.0991	0.6376	0.996624	-0.0372159	-0.00728494	5.7409	8.64124	0.0004659
0.1474	0.6121	0.995224	-0.0961986	-0.170087	5.74015	8.67063	0.00031844
0.1521	0.6157	0.994871	-0.107013	-0.17888	5.73573	8.66968	0.000744796
0.1338	0.5989	0.995517	-0.0665202	-0.148771	5.74283	8.66632	0.000551727
0.1313	0.5857	0.995912	-0.0699076	-0.147414	5.74505	8.66626	0.000522877
0.1137	0.5691	0.996282	-0.0737867	-0.0539821	5.75007	8.66147	0.00274512
0.1682	0.534	0.997419	-0.110514	-0.366859	5.74193	8.70858	0.00107087
0.1898	0.5486	0.995923	-0.162185	-0.487467	5.73149	8.7644	0.000670136
0.1707	0.5743	0.995841	-0.123689	-0.318433	5.73026	8.68964	0.00122408
0.1796	0.5404	0.995564	-0.138671	-0.459295	5.73469	8.75545	0.00026404
0.2042	0.5624	0.9953	-0.215065	-0.509897	5.71282	8.76282	0.000302297
0.2062	0.5624	0.995255	-0.220102	-0.521958	5.71462	8.77323	0.000561515
0.2292	0.5795	0.994572	-0.270615	-0.59733	5.6918	8.79931	0.00176083
0.229	0.595	0.993993	-0.255183	-0.546941	5.69263	8.77268	0.000221968
0.2298	0.619	0.992877	-0.260965	-0.489765	5.69554	8.75859	0.000310463
0.2261	0.6042	0.99363	-0.252097	-0.50925	5.69767	8.76273	0.0002124
0.2231	0.6139	0.993154	-0.24366	-0.469285	5.70293	8.75316	0.000302172
0.2035	0.5951	0.99497	-0.184922	-0.424282	5.71787	8.72727	0.000914774
0.1705	0.6228	0.994364	-0.136988	-0.234851	5.7285	8.67842	0.00140503
0.1087	0.6808	0.996075	-0.0600972	0.00169284	5.73578	8.63938	0.00111711
0.0973	0.7131	0.996564	0.0287043	0.0225988	5.73169	8.62784	0.00150713
0.1519	0.6742	0.995264	-0.0778225	-0.0801898	5.72968	8.64165	0.00246609
0.2422	0.7269	0.993844	-0.137545	-0.23817	5.72205	8.67406	0.00136425
0.2443	0.6579	0.991828	-0.288467	-0.440884	5.6959	8.75305	0.000589423
0.2515	0.6487	0.990853	-0.317952	-0.491589	5.6841	8.77623	0.000306613
0.2379	0.7488	0.995103	-0.0496571	-0.157155	5.72664	8.64581	0.000780866
0.2379	0.7321	0.994279	-0.099329	-0.213969	5.72096	8.65865	0.000223813
0.2439	0.7334	0.994432	-0.118272	-0.220295	5.7236	8.66473	0.000226715
0.2111	0.7569	0.996063	0.0345233	-0.0889919	5.73339	8.63864	0.000137418
0.2086	0.7515	0.995535	0.0429847	-0.0936606	5.72713	8.63454	0.000258455
0.1742	0.733	0.996027	0.0231866	-0.0807405	5.72895	8.63123	0.00251884
0.0865	0.756	0.996958	0.075446	0.0412903	5.74399	8.64597	0.000436583
0.0873	0.7637	0.997105	0.0968787	0.040413	5.74512	8.64821	0.00136847
0.0871	0.728	0.996408	0.048431	0.0430778	5.73865	8.64111	0.000724577
0.0952	0.7017	0.996467	-0.0100299	0.0567989	5.73913	8.64088	0.000413786
0.0902	0.6868	0.9965	-0.0356339	0.0576443	5.73969	8.64208	0.000592073
0.0774	0.6445	0.996893	-0.0252226	0.0386217	5.74348	8.64313	0.00132811
0.0339	0.6766	0.997485	-0.0444506	0.0349378	5.74644	8.643	0.000916201
0.0115	0.656	0.997512	-0.0235794	0.0277749	5.74841	8.64478	0.000414601
0.0336	0.6505	0.997655	-0.0183174	0.0273598	5.7493	8.64477	0.000530015
0.0512	0.6956	0.997017	-0.0326607	0.0222005	5.74424	8.64291	0.00158416
0.0596	0.733	0.996889	0.0553008	0.0291985	5.74317	8.6436	0.0014841
0.0495	0.754	0.997344	0.0738701	0.0255367	5.74698	8.64649	0.00106265
0.0028	0.8027	0.998214	0.0191407	0.0219606	5.75441	8.64749	0.00223711
0.0008	0.7722	0.997684	0.038507	0.051082	5.7499	8.64692	0.00049591
0.0034	0.7685	0.997267	0.0420859	0.0540022	5.74656	8.6458	0.000128791
0.0187	0.7639	0.997718	0.0598458	0.0603248	5.75017	8.64859	0.00199598
0.0569	0.8232	0.997816	0.0632215	-0.0131792	5.75135	8.64799	0.0022116
0.1075	0.8364	0.997592	0.0815679	0.0142068	5.75002	8.64928	0.000946763
0.0657	0.8566	0.998277	0.0386591	-0.0234636	5.75579	8.6496	0.000433442
0.093	0.8422	0.998068	0.0714389	0.0169744	5.75426	8.65079	0.000564787
0.0857	0.8627	0.998433	0.0291142	0.00293794	5.75763	8.65044	0.000896788
0.0596	0.8534	0.998407	0.0376097	-0.0155788	5.75723	8.65046	0.00012713
0.0519	0.886	0.998543	0.0262352	-0.0195456	5.75857	8.651	0.00104907
0.0114	0.8371	0.998329	0.0398738	-0.000687133	5.75609	8.64939	0.00193976
0.0353	0.9299	0.998848	0.0246362	-0.0159128	5.76163	8.65284	0.000357927
0.036	0.9117	0.99864	0.0321946	-0.0143639	5.75989	8.65223	0.000426655
0.0353	0.9426	0.998997	0.0191552	-0.0172054	5.76297	8.65347	0.000132358
0.0197	0.9507	0.998954	0.0157147	-0.0130625	5.7626	8.65316	0.00057051
0.0368	0.9529	0.999115	0.0137827	-0.0168915	5.76404	8.65395	0.00123182
0.0308	0.9593	0.999173	0.014952	-0.0144483	5.76459	8.65426	0.000505668
0.1079	0.9591	0.999239	0.0233113	-0.00370535	5.76509	8.65451	0.00179585
0.0595	0.9999	0.999336	0.0139536	-0.0188678	5.76618	8.65529	0.00133939
0.1222	0.9299	0.998928	0.0347721	-0.00904026	5.76268	8.65395	0.000663793
0.0925	0.9291	0.998872	0.0338513	-0.00118414	5.76187	8.65314	0.00116101
0.0525	0.9242	0.998782	0.0292058	-0.00857063	5.76089	8.65234	0.00077532
0.0709	0.8927	0.998603	0.0179669	-0.00470963	5.75921	8.65107	0.00100619
0.1494	0.9181	0.998881	0.0315444	-0.0460944	5.76185	8.65402	0.00131028
0.1931	0.9053	0.998859	0.0391762	-0.0265851	5.76183	8.65373	0.00118248
0.1794	0.9499	0.999322	0.0276169	-0.0375001	5.76616	8.6562	0.000952708
0.1768	0.9895	0.999645	0.0335594	-0.0318867	5.7692	8.65795	0.000733403
0.1805	0.9934	0.999911	0.0313903	-0.0332168	5.77175	8.65943	0.000109065
0.1536	0.9904	0.999706	0.0317836	-0.0443871	5.7697	8.65858	0.00059599
0.2557	0.9829	1.00042	0.0336606	-0.0403445	5.77671	8.66284	0.00147877
0.2	0.9942	0.99985	0.0316361	-0.0362088	5.77115	8.65918	0.000621413
0.2555	0.9672	0.999982	0.0268708	-0.034706	5.77259	8.66001	0.000766382
0.2	0.9562	0.99967	0.0252414	-0.0420189	5.76945	8.65823	0.00104026
0.2499	0.8977	0.999074	0.0618568	-0.0395924	5.76406	8.6568	0.00214209
0.1973	0.9401	0.999379	0.0354881	-0.0401752	5.76652	8.65659	0.00137741
0.1937	0.8865	0.998601	0.0427942	-0.0227444	5.75926	8.65216	0.00130292
0.2393	0.8577	0.998573	0.0893874	-0.0163379	5.75751	8.65273	0.000797577
0.2428	0.8482	0.998345	0.0563034	-0.0532384	5.75452	8.6491	0.000478509
0.1735	0.8602	0.997975	0.059366	-0.0460719	5.75355	8.65066	0.00123592
0.1641	0.8902	0.998603	0.0507235	-0.0442305	5.75823	8.6517	0.000866248
0.1244	0.8711	0.998534	0.0375379	0.00816877	5.75749	8.64966	0.00151803
0.186	0.8142	0.996844	0.0342831	-0.0480383	5.74312	8.64369	0.00131701
0.1393	0.8456	0.997857	0.074671	0.000757133	5.75391	8.65218	0.000621066
0.209	0.7684	0.996173	0.0980234	-0.0685648	5.73484	8.64247	0.00189481
0.2227	0.8365	0.998038	0.075271	0.0116688	5.75227	8.64827	0.00115936
0.2267	0.8223	0.997559	-0.0128028	-0.0172445	5.74486	8.63861	0.00121624
0.2408	0.8329	0.99789	0.0385926	-0.0674271	5.74882	8.64448	0.000699393
0.3036	0.8506	0.998872	0.0082477	-0.089422	5.76252	8.65757	0.0011949
0.2829	0.839	0.998459	0.0136345	-0.0565328	5.75564	8.64848	0.00135557
0.279	0.7902	0.997221	-0.0187716	-0.0901554	5.74322	8.64308	0.00213742
0.3069	0.8167	0.998022	-0.0253193	-0.129239	5.75273	8.65486	0.00041125
0.3638	0.827	1.00021	-0.104299	-0.156207	5.77078	8.67202	0.00177635
0.3813	0.7857	0.996706	-0.372581	-0.265756	5.74994	8.75814	0.000755326
0.3563	0.886	1.00068	0.023476	-0.0724779	5.77931	8.66598	0.000989006
0.3827	0.9126	1.00141	0.00545869	-0.0454336	5.78566	8.66733	0.000280908
0.3403	0.8816	1.00044	0.0502883	-0.0911678	5.77463	8.66355	0.00101549
0.332	0.8826	0.999905	0.0545453	-0.0876941	5.7711	8.6628	0.000435088
0.3018	0.8752	0.999386	0.0688236	-0.056942	5.76625	8.65868	0.00113414
0.2622	0.8794	0.998977	0.0865677	-0.0303147	5.76194	8.65597	0.00113394
0.2623	0.9587	0.999794	0.0206514	-0.0369885	5.77052	8.65847	0.00115682
0.2957	0.9204	0.999867	0.048278	-0.0326837	5.77104	8.65941	0.00107005
0.2757	0.9314	0.999886	0.0373594	-0.0381817	5.77166	8.6599	0.000559266
0.2813	0.9668	1.0002	0.0307867	-0.0422974	5.77464	8.66159	0.000276255
0.289	0.9754	1.00036	0.0325504	-0.0415097	5.77618	8.66256	0.00022232
0.2954	0.9786	1.00049	0.0348607	-0.0418342	5.77754	8.66354	0.000527777
0.3173	0.9847	1.00076	0.0366492	-0.0285005	5.77995	8.66444	0.00095811
0.3499	0.9911	1.00108	0.0277318	-0.0269631	5.78253	8.66521	0.000835046
0.3847	0.9613	1.00131	0.00191145	-0.0510892	5.78512	8.66759	0.000406288
0.3069	0.9517	1.0004	0.0258176	-0.0369487	5.77715	8.66327	0.000735395
0.3397	0.9416	1.00076	0.0106699	-0.0439895	5.78029	8.66485	0.00104778
0.3618	0.9438	1.00108	0.00410312	-0.0445222	5.78311	8.66629	0.000818386
0.4029	0.9559	1.00157	-0.000902372	-0.0176359	5.78655	8.66636	0.000630238
0.4286	0.9441	1.00213	-0.0104635	0.0156983	5.78981	8.6664	0.00124543
0.3865	0.9689	1.00152	0.00357234	-0.0481882	5.78732	8.66898	0.000108442
0.3929	0.9802	1.00157	-0.0130644	-0.0206725	5.78776	8.66831	0.000111138
0.397	0.9862	1.00145	-0.0225446	-0.00582058	5.78633	8.66719	0.000562093
0.41	0.9954	1.00149	-0.0407583	0.0251676	5.78603	8.66728	0.00189238
0.4857	0.9744	1.00061	-0.0712829	-0.00211784	5.77828	8.66469	0.00025541
0.4653	0.9933	1.00188	-0.0291375	-0.0114513	5.7871	8.66482	0.00111502
0.4946	0.9719	1.00168	-0.0845139	0.0347495	5.78855	8.67248	0.00110613
0.4813	0.9683	1.0018	-0.0399052	-0.0498051	5.79236	8.67492	0.000685291
0.4949	0.9355	1.00225	-0.0159507	-0.0372783	5.79221	8.66961	0.000740901
0.4693	0.9334	1.00207	-0.0316768	-0.0467675	5.7927	8.67269	0.000671753
0.4674	0.8978	1.00292	-0.109317	-0.0218559	5.80081	8.68208	0.00105141
0.4695	0.901	1.00263	-0.0783095	-0.0180321	5.79743	8.6766	0.000403888
0.4492	0.8548	1.00295	-0.122408	-0.0823413	5.79669	8.68036	0.00236758
0.3931	0.9017	1.0019	-0.0101343	-0.0684981	5.79041	8.67158	0.00166966
0.392	0.9224	1.00147	0.00899314	-0.0482865	5.7865	8.6682	0.000738533
0.3879	0.862	1.00136	-0.0573571	-0.114833	5.78315	8.67114	0.000473637
0.4057	0.8481	1.00207	-0.0924867	-0.111183	5.78669	8.67257	0.00110102
0.3958	0.8017	0.99974	-0.291348	-0.209362	5.76999	8.72159	0.000957496
0.4123	0.8437	1.00238	-0.123497	-0.113202	5.79008	8.67851	0.000852225
0.4316	0.7914	0.999356	-0.482608	-0.213999	5.76252	8.7887	0.00075745
0.479	0.8263	1.00315	-0.316936	-0.0505826	5.7962	8.71849	0.00119332
0.45	0.8046	1.00095	-0.396528	-0.157884	5.7757	8.74643	0.000939697
0.4794	0.7697	1.00488	-0.58391	-0.114913	5.73782	8.742	0.000613693
0.4641	0.7721	1.00226	-0.601656	-0.129539	5.747	8.79042	0.00161164
0.4826	0.6997	1.00506	-0.742827	-0.161681	5.54746	8.56824	0.00139303
0.4586	0.6965	1.00434	-0.725065	-0.23816	5.55191	8.58314	0.00153328
0.4916	0.6552	1.0089	-0.692884	-0.0860435	5.39499	8.26482	0.000366695
0.4797	0.6748	1.00344	-0.775511	-0.16958	5.46519	8.48475	0.000980003
0.4428	0.6797	1.00208	-0.732913	-0.322983	5.51119	8.57038	0.00100125
0.3743	0.6491	0.995315	-0.654264	-0.615182	5.50862	8.70508	0.00213521
0.3291	0.7375	0.99257	-0.410583	-0.396366	5.70744	8.78809	0.00271594
0.4163	0.7466	0.996064	-0.586524	-0.346092	5.69099	8.80212	0.000979668
0.3622	0.7828	0.996135	-0.326761	-0.291795	5.75365	8.75992	0.00125745
0.4567	0.7856	1.00218	-0.510207	-0.154668	5.76216	8.76654	0.000728661
0.2777	0.6915	0.990521	-0.352009	-0.438963	5.6885	8.77271	9.08882e-05
0.3162	0.6942	0.993054	-0.446655	-0.510515	5.66654	8.78933	0.00162194
0.2924	0.7637	0.995289	-0.186575	-0.250198	5.72912	8.68305	0.000849471
0.2726	0.7583	0.995313	-0.138801	-0.196903	5.73219	8.6678	0.000711088
0.2647	0.697	0.991683	-0.291189	-0.387031	5.7013	8.74097	0.00030546
0.2587	0.7279	0.993341	-0.188611	-0.271007	5.71511	8.68465	0.0008479
0.2733	0.6799	0.991833	-0.333984	-0.465609	5.69533	8.77752	0.000483508
0.2604	0.6851	0.992193	-0.299447	-0.430535	5.70222	8.75815	0.0010288
0.2805	0.6882	0.991347	-0.351754	-0.450037	5.69159	8.77504	0.000269545
0.2924	0.6628	0.993272	-0.42031	-0.549808	5.6638	8.79272	0.000531905
0.3109	0.6539	0.994043	-0.497023	-0.626687	5.63725	8.82644	0.000412272
0.3281	0.662	0.992561	-0.545341	-0.59652	5.60916	8.80342	0.00141443
0.3133	0.6343	0.992921	-0.486836	-0.666405	5.58697	8.78076	0.00186581
0.3485	0.5948	0.997011	-0.475869	-0.733467	5.45631	8.5912	0.00112902
0.3679	0.6141	0.996272	-0.56078	-0.682779	5.437	8.57634	0.00171183
0.2781	0.6439	0.992972	-0.409339	-0.589643	5.66142	8.80986	0.000714635
0.2573	0.6328	0.991775	-0.346864	-0.564179	5.66972	8.79442	0.00035963
0.2557	0.6088	0.992896	-0.331115	-0.632013	5.66115	8.80702	0.00147739
0.319	0.5425	0.997137	-0.26882	-0.811212	5.46403	8.58475	0.00020488
0.3008	0.5767	0.99616	-0.345896	-0.764768	5.55567	8.71789	0.0031307
0.3275	0.5407	0.998615	-0.296149	-0.829196	5.43916	8.55769	0.00136218
0.3596	0.5815	0.998511	-0.442085	-0.725833	5.39822	8.47054	0.00071213
0.394	0.5667	1.00407	-0.406284	-0.621161	5.27077	8.14956	0.000986775
0.397	0.5352	1.00496	-0.23307	-0.600203	5.2138	7.9894	0.000706973
0.4264	0.5735	1.0042	-0.41256	-0.428519	5.19416	7.93558	0.000227248
0.434	0.5422	1.00261	-0.261702	-0.384073	5.12606	7.77706	0.00111102
0.4158	0.5725	1.00488	-0.413107	-0.498588	5.21953	8.00091	0.000423961
0.4292	0.5791	1.00449	-0.447628	-0.410061	5.20308	7.95402	0.000179853
0.4116	0.582	1.00485	-0.485157	-0.536962	5.26138	8.11583	0.00032613
0.4187	0.5861	1.00383	-0.509209	-0.508551	5.24094	8.09037	0.00152247
0.4569	0.6128	1.00723	-0.573942	-0.251007	5.26078	8.03073	0.000762854
0.4562	0.6424	1.00524	-0.709616	-0.316095	5.3594	8.29896	0.00223392
0.4443	0.5763	1.00439	-0.431444	-0.320563	5.17752	7.87676	0.000277947
0.4471	0.5729	1.00402	-0.404193	-0.303122	5.16278	7.84079	0.00060159
0.4801	0.5676	1.00192	-0.383585	-0.150766	5.11537	7.74326	0.000328412
0.4899	0.5551	1.00027	-0.33772	-0.0873437	5.07977	7.67847	0.000276403
0.5011	0.5634	1.00142	-0.372624	-0.0064888	5.10012	7.70876	0.00058084
0.519	0.514	0.997224	-0.0698134	0.183619	5.00934	7.55422	0.000354913
0.5147	0.5223	1.00022	-0.135007	0.120126	5.03904	7.57323	0.000220733
0.5164	0.6023	1.00714	-0.521442	0.0804074	5.20772	7.8954	0.000463065
0.5062	0.6125	1.00791	-0.584089	-0.00563285	5.23656	7.96376	0.000903997
0.5115	0.6141	1.00697	-0.580446	0.0330848	5.23408	7.96577	0.000249542
0.6142	0.6066	1.00743	-0.452731	0.561901	5.3804	8.27146	0.00106163
0.58	0.6067	1.0082	-0.483547	0.411271	5.30809	8.09888	0.00115911
0.5579	0.5884	1.00699	-0.438616	0.323556	5.21863	7.92213	0.00087928
0.6289	0.5844	1.00663	-0.359005	0.635805	5.37124	8.27038	0.001676
0.5644	0.559	1.00514	-0.305534	0.386844	5.15807	7.81904	0.00105063
0.5211	0.5368	0.99945	-0.238239	0.153884	5.05099	7.62087	0.00109103
0.698	0.5393	1.00033	-0.116216	0.792532	5.54281	8.6323	0.00095524
0.6837	0.5562	1.00039	-0.197075	0.779828	5.50275	8.57443	0.000323046
0.6794	0.5568	1.00096	-0.201795	0.779295	5.49077	8.55223	0.000101
0.7398	0.583	0.997882	-0.229896	0.714629	5.65697	8.78524	0.00106436
0.7433	0.549	1.0006	-0.0953289	0.720361	5.66068	8.74993	0.00104171
0.7107	0.6092	0.99995	-0.305978	0.701296	5.62111	8.72481	0.0004831
0.7242	0.6158	0.997503	-0.31299	0.692708	5.64901	8.78362	0.000428968
0.6951	0.5873	1.0022	-0.269576	0.723864	5.57725	8.64582	0.000154222
0.6931	0.6087	1.00189	-0.321884	0.701403	5.59121	8.66877	0.000307752
0.641	0.626	1.00232	-0.483794	0.621873	5.48542	8.51944	0.000539016
0.6317	0.6312	1.00305	-0.512229	0.587949	5.47608	8.49316	0.000492916
0.6496	0.644	1.00202	-0.49878	0.598035	5.54079	8.59764	0.000698056
0.6368	0.6631	1.00235	-0.553386	0.546838	5.56071	8.62417	0.000590654
0.6582	0.6621	1.00196	-0.524625	0.579708	5.60325	8.69408	0.00023536
0.6652	0.6571	1.00066	-0.511499	0.593946	5.59703	8.69724	0.0010614
0.7418	0.6353	0.998641	-0.301976	0.592116	5.70068	8.78355	0.000265262
0.7084	0.6327	0.998687	-0.383049	0.699787	5.63996	8.78927	0.00123285
0.7205	0.7127	0.997224	-0.352064	0.474788	5.73124	8.79548	0.000522578
0.7217	0.6836	0.997881	-0.366766	0.562586	5.70835	8.80622	0.00145307
0.6996	0.7281	0.998028	-0.389074	0.434109	5.72733	8.77789	0.00164824
0.6704	0.6911	1.00071	-0.51458	0.518954	5.65749	8.74723	0.00149749
0.6649	0.6814	1.00124	-0.50251	0.538868	5.63733	8.71694	0.0006563
0.6431	0.7462	1.00303	-0.498376	0.368877	5.72339	8.7514	0.00077307
0.6312	0.7386	1.0034	-0.519168	0.338707	5.70665	8.72308	0.000583605
0.5821	0.7457	1.00488	-0.626477	0.241817	5.70058	8.73479	0.00120083
0.6229	0.7373	1.00472	-0.536678	0.344496	5.70856	8.72593	0.000504425
0.6249	0.699	1.00188	-0.63505	0.461245	5.6177	8.71879	0.00144252
0.6339	0.6704	1.00197	-0.574088	0.532017	5.571	8.6464	0.000464905
0.5994	0.6354	1.00662	-0.571117	0.47842	5.42038	8.35462	0.00153997
0.51	0.6508	1.00893	-0.683755	0.00218672	5.37499	8.22488	0.000671058
0.5343	0.6335	1.00888	-0.624844	0.155955	5.31566	8.1107	0.00192201
0.571	0.6732	1.00684	-0.684444	0.298179	5.49734	8.46866	0.0015625
0.5325	0.6784	1.00525	-0.742998	0.110977	5.4711	8.44598	0.00182026
0.5374	0.7458	1.0056	-0.668719	0.0795822	5.68261	8.70317	0.000237792
0.5511	0.7035	1.00566	-0.728161	0.173727	5.57329	8.59309	0.00170705
0.5155	0.7793	1.00577	-0.561213	-0.00163994	5.75272	8.73704	0.000663815
0.5018	0.747	1.00453	-0.694779	-0.0540979	5.68694	8.73474	0.00099099
0.5236	0.756	1.00561	-0.64124	0.0411962	5.70506	8.71631	0.000534148
0.5238	0.7971	1.00473	-0.494737	0.0131557	5.77636	8.74625	0.00022237
0.5825	0.7542	1.00575	-0.574014	0.229279	5.71681	8.71719	0.000215126
0.5487	0.7472	1.00543	-0.656973	0.116988	5.68924	8.71045	0.00107075
0.5797	0.872	1.00254	-0.0449603	0.0475633	5.79528	8.67303	0.000565983
0.5994	0.8004	1.00279	-0.44037	0.208879	5.77053	8.75052	0.00207121
0.574	0.8411	1.00382	-0.274933	0.105711	5.7964	8.70487	0.0011255
0.5292	0.8147	1.00436	-0.423249	0.0178863	5.78928	8.73592	0.000575843
0.5217	0.8518	1.00335	-0.180695	0.0261814	5.80255	8.6914	0.00219457
0.5011	0.8042	1.00321	-0.47451	-0.0385424	5.78156	8.75794	0.000945579
0.534	0.8925	1.00279	-0.075055	0.0357051	5.79704	8.67481	0.000681598
0.5528	0.8839	1.00265	-0.0360762	0.0593733	5.79601	8.67342	0.000352725
0.5661	0.909	1.00183	-0.0621109	0.0348512	5.79015	8.67188	0.00157926
0.5081	0.9114	1.00271	-0.0402759	-0.0269799	5.79806	8.67479	0.000943976
0.5169	0.917	1.00193	-0.0671187	0.0272749	5.79256	8.67471	0.000967311
0.5417	0.9664	1.00147	-0.0567633	0.0247506	5.78718	8.66997	0.00174297
0.5928	0.9529	1.00115	-0.0733703	0.0803592	5.7837	8.67152	0.00149378
0.6104	0.9875	1.00051	-0.0430802	0.0548381	5.77663	8.66293	0.00279109
0.5939	0.9811	1.00099	-0.0550797	0.0696331	5.78139	8.66745	0.000797673
0.5975	0.9188	1.00167	-0.0698255	0.0824006	5.78617	8.67063	0.000600379
0.6091	0.898	1.00198	-0.0524078	0.121338	5.78624	8.67091	0.000497256
0.5921	0.882	1.00236	-0.0330863	0.058222	5.79108	8.66837	0.000392057
0.6272	0.9122	1.00154	-0.0225076	0.104229	5.78647	8.67209	0.000371059
0.618	0.8743	1.00227	-0.0546439	0.1368	5.78823	8.67355	0.000423963
0.6421	0.8972	1.00108	-0.0205572	0.116534	5.78212	8.67082	0.00143871
0.6437	0.9228	1.00067	-0.0179115	0.103871	5.7798	8.66947	0.000532982
0.6267	0.9294	1.00071	-0.0671471	0.0801748	5.7807	8.67039	0.00116052
0.662	0.9409	1.00066	-0.0203958	0.0759908	5.78022	8.66771	0.000205138
0.7445	0.9756	0.999595	-0.0217878	0.0389354	5.76916	8.65824	0.00089472
0.6908	0.9853	1.00006	-0.0255884	0.0343773	5.77274	8.65953	0.0011853
0.6855	0.9747	1.00024	-0.0197657	0.0382004	5.77497	8.66132	0.000509315
0.7057	0.9708	0.999842	-0.0155581	0.0283643	5.77136	8.65894	0.00116582
0.6629	0.9569	1.00057	-0.0329429	0.0509678	5.77794	8.66384	0.000869825
0.6682	0.939	1.00031	-0.0128908	0.0702739	5.7769	8.6652	0.000394118
0.6873	0.8458	0.999598	-0.0320476	0.0847444	5.77119	8.66437	0.00334085
0.7005	0.8014	0.999771	-0.186401	0.197451	5.76571	8.68741	0.00104019
0.7308	0.8094	0.998594	-0.0483136	0.0751107	5.76511	8.66383	0.0010386
0.659	0.8341	1.00125	-0.172242	0.167397	5.77833	8.68552	0.00129665
0.634	0.8149	1.00139	-0.300823	0.196496	5.77764	8.71895	0.00153804
0.6226	0.8586	1.00175	-0.0826875	0.113756	5.78668	8.67471	0.00090169
0.7057	0.7836	0.99952	-0.237377	0.245877	5.76126	8.70445	0.000248288
0.7034	0.7764	0.999382	-0.270372	0.271422	5.75794	8.71564	0.000340948
0.7135	0.7708	0.999222	-0.250345	0.279312	5.75771	8.71364	0.000748535
0.7199	0.7981	0.998608	-0.126812	0.14868	5.76364	8.67661	0.000274188
0.7369	0.7917	0.998244	-0.0735468	0.138533	5.76342	8.67264	0.000703743
0.7339	0.7464	0.998007	-0.246931	0.31551	5.74755	8.7188	0.000582088
0.7764	0.8228	0.998101	0.0503071	0.0734433	5.75878	8.65856	0.000295603
0.7505	0.8139	0.998963	0.00971052	0.143049	5.76657	8.66912	0.000492597
0.8	0.832	0.998727	0.0527727	-0.00705613	5.7602	8.65272	0.00037423
0.8031	0.8117	0.998872	-0.0302565	-0.0491429	5.75433	8.64291	0.00147974
0.8468	0.8156	0.99837	0.0191042	0.00670564	5.75753	8.6506	0.00126653
0.8421	0.8159	0.998441	0.00359405	-0.0253957	5.75922	8.65264	0.000780428
0.8179	0.8377	0.998162	0.0431996	-0.0489646	5.75812	8.65521	0.000581665
0.8542	0.8464	0.998904	0.00740065	0.0222049	5.76066	8.65075	0.00125074
0.8107	0.8498	0.999008	0.0283722	-0.0359145	5.76137	8.65168	0.00031951
0.7811	0.85	0.998455	0.00832573	0.0209929	5.76283	8.65788	0.000285518
0.7647	0.8538	0.999054	-0.0159572	0.0600768	5.76755	8.66146	0.00151225
0.7793	0.8335	0.998903	0.0248848	0.0466095	5.76296	8.65534	0.000328275
0.7556	0.8902	0.999287	0.0166104	0.0576747	5.76819	8.66025	0.00251965
0.7883	0.8616	0.999658	0.00876189	-0.00501548	5.76549	8.65125	0.00039021
0.7685	0.9086	0.999673	0.0341271	0.0237094	5.77075	8.65982	0.000198767
0.7686	0.9125	0.999295	0.037736	0.0192458	5.76553	8.65529	0.00106286
0.7621	0.9567	0.99961	0.00412097	0.0525879	5.76915	8.65848	0.00133439
0.7721	0.9904	0.999481	-0.0120637	0.0303664	5.76738	8.6561	0.000543984
0.8206	0.9301	0.999243	-0.0108213	-0.00886419	5.76492	8.65402	0.00260807
0.8433	0.9663	0.999216	-0.00294221	-0.0179434	5.76492	8.65433	0.00243984
0.8004	0.9833	0.999477	0.00606307	0.0156299	5.76734	8.65568	0.00169144
0.8036	0.8808	0.999059	0.0269832	-0.0372644	5.76282	8.65343	0.00137644
0.8585	0.8775	0.998944	0.0146496	0.0190843	5.76247	8.65313	0.00138505
0.8209	0.8581	0.998455	0.00389284	-0.0269789	5.75834	8.65125	0.00063142
0.8657	0.9097	0.99898	0.00832052	0.0127136	5.76312	8.65362	0.00133099
0.9485	0.9006	0.998812	0.0176601	-0.00295107	5.76113	8.65214	0.00050856
0.8819	0.9336	0.999094	0.0139758	0.00794443	5.76365	8.65344	0.00154409
0.9262	0.9683	0.999068	0.0176926	0.00689064	5.76365	8.65373	0.00145838
0.9207	0.9759	0.999126	0.00793879	-0.00129376	5.76421	8.65391	0.000918041
0.8872	0.9908	0.999169	-0.00135144	-0.000568476	5.76452	8.65397	0.00125143
0.9883	0.9764	0.999094	0.0129878	-0.0111005	5.76383	8.65373	0.000584081
0.9807	0.981	0.999225	0.0103576	-0.0107572	5.76516	8.65456	0.000811576
0.9633	0.9685	0.999148	0.0155049	-0.0080701	5.76434	8.65403	0.000661663
0.9613	0.9391	0.998959	0.0189024	-0.00903765	5.76255	8.65305	0.00129145
0.9805	0.925	0.998903	0.0227572	-0.00887689	5.76203	8.65283	0.00096386
0.961	0.8969	0.998757	0.0199663	-0.000973301	5.76065	8.65192	0.000980916
0.9444	0.8626	0.998592	0.0227673	0.00489207	5.75895	8.65088	0.000394205
0.954	0.8721	0.998652	0.0230032	0.00125646	5.75956	8.65126	0.000266257
0.9355	0.8804	0.998694	0.0182057	0.00388098	5.76	8.65148	0.000175633
0.932	0.8736	0.998669	0.018648	0.00598054	5.75979	8.65139	9.23615e-05
0.9296	0.8825	0.998737	0.0175069	0.00600523	5.76043	8.65174	0.000202875
0.9168	0.8681	0.998703	0.0183324	0.00932332	5.76015	8.65165	0.000653605
0.8987	0.7888	0.998224	0.0247418	-0.00168183	5.75535	8.6487	0.00264544
0.8944	0.8202	0.998477	-0.00540551	0.0120023	5.75822	8.65059	0.00122992
0.9036	0.7955	0.998384	0.014439	0.00725341	5.75705	8.64969	0.000567619
0.9179	0.8418	0.998549	-6.05174e-05	0.0171809	5.75877	8.65086	0.000614198
0.9426	0.8067	0.998285	-0.00639364	0.0265025	5.75643	8.64986	0.00194879
0.9631	0.8593	0.998492	0.025251	0.000783146	5.75801	8.65038	0.00216278
0.9299	0.7343	0.997909	0.0211732	-0.019386	5.75323	8.64833	0.00243191
0.9618	0.7643	0.997906	0.000573281	0.0439073	5.75394	8.64999	0.00121218
0.9917	0.6996	0.997817	0.0124468	0.106018	5.75067	8.65057	0.00306272
0.9772	0.6725	0.998028	0.0324468	0.0880956	5.75234	8.64996	0.00046464
0.9708	0.6715	0.998064	0.0402118	0.0968183	5.75159	8.64962	0.000848184
0.9851	0.6364	0.998088	-0.0198735	0.0398148	5.75275	8.64664	0.00101402
0.8285	0.6429	0.998159	-0.102383	0.230457	5.75596	8.68166	0.00111873
0.8996	0.6367	0.998727	-0.0220176	0.0178387	5.75504	8.64397	0.000836225
0.9015	0.6506	0.998884	0.0787677	-0.0227297	5.75419	8.64428	0.00118906
0.8432	0.6534	0.999251	-0.0657361	0.110529	5.75443	8.64639	0.00102244
0.8484	0.7131	0.999383	0.0371493	0.00255776	5.74912	8.6297	0.00177705
0.885	0.7255	0.998385	0.0276945	-0.00202761	5.75294	8.64376	0.0019747
0.7713	0.7372	0.997615	-0.185102	0.210461	5.75651	8.69468	0.000590749
0.8094	0.7539	0.998247	0.0289125	0.0156429	5.75388	8.64652	0.00345511
0.7603	0.7661	0.997078	-0.0618495	0.146643	5.75663	8.67292	0.00117026
0.7589	0.7654	0.996014	-0.0783967	0.158958	5.74499	8.66768	5.68e-05
0.7543	0.7581	0.996699	-0.144367	0.229776	5.74664	8.68532	0.000465536
0.7525	0.749	0.997167	-0.191393	0.259489	5.74946	8.70068	0.000292143
0.7467	0.6601	0.997575	-0.312637	0.511276	5.71642	8.77505	0.00181168
0.7458	0.6356	0.997949	-0.292858	0.585018	5.69909	8.78022	0.000778671
0.777	0.7284	0.997655	-0.16289	0.230236	5.75269	8.6891	0.00225855
0.7868	0.6503	0.99676	-0.185446	0.41738	5.73713	8.73796	0.000753997
0.793	0.6626	0.997104	-0.188269	0.360588	5.74429	8.72419	0.0001072
0.8023	0.6761	0.997218	-0.14054	0.292703	5.74639	8.69635	0.000774913
0.878	0.6071	0.999213	-0.0119196	0.071211	5.75678	8.64458	0.000915895
0.8878	0.5812	0.999049	0.0043902	0.0802175	5.75859	8.64934	0.00134714
0.8412	0.6127	0.999526	-0.0806848	0.197149	5.75937	8.66583	0.0013553
0.8097	0.5771	0.997687	-0.0931599	0.457009	5.74872	8.75183	0.000791198
0.7665	0.5511	0.997504	-0.108805	0.681919	5.6967	8.80485	0.000475398
0.7753	0.6248	0.997096	-0.216229	0.520852	5.72459	8.77091	0.00157557
0.7797	0.522	0.99789	-0.0411187	0.650773	5.72161	8.81316	0.00021116
0.7645	0.5472	0.998027	-0.0878936	0.667445	5.68901	8.77699	0.000110975
0.7625	0.5385	0.998747	-0.0861873	0.676266	5.6888	8.77629	0.000605566
0.8382	0.5421	0.999206	-0.0465743	0.292772	5.75593	8.6847	0.00120086
0.849	0.5499	0.997785	-0.0673823	0.266858	5.75138	8.6841	0.000445314
0.8705	0.5404	0.997975	-0.0381055	0.203021	5.75944	8.67802	0.0012105
0.9492	0.5609	0.99826	-0.00583059	0.012853	5.75802	8.65219	0.00185781
0.9128	0.5139	0.998586	-0.0340441	0.0600715	5.76084	8.65589	0.000375612
0.9174	0.5344	0.998694	-0.0091875	0.0325323	5.76018	8.65215	0.000842753
0.9172	0.5736	0.998649	0.00272194	0.00421525	5.75995	8.65163	0.00122705
0.8933	0.5894	0.999027	0.0115772	0.0642483	5.75596	8.64448	0.000647258
0.9211	0.6342	0.998543	0.0038087	0.0185071	5.75617	8.64703	0.00211202
0.9969	0.571	0.998517	-0.0205644	0.0230852	5.75785	8.65007	0.00197655
0.9955	0.6147	0.998265	-0.00995929	0.0362295	5.75473	8.6478	0.00149402
0.9939	0.6202	0.998195	-0.0119526	0.0373563	5.75427	8.64778	0.00030893
0.9716	0.5361	0.998485	-0.022625	0.00546382	5.75864	8.65133	0.000542091
0.9759	0.5358	0.998465	-0.0178594	0.0151326	5.75853	8.65134	0.000245877
0.9528	0.5189	0.998644	-0.0141571	-0.021001	5.75981	8.65177	0.000809511
0.9901	0.4511	0.998946	-0.0357883	-0.00913601	5.76127	8.65171	0.000859815
0.9932	0.506	0.998732	0.0262444	0.0735864	5.76007	8.65413	0.00081314
0.969	0.4447	0.999412	-0.0345801	-0.00705231	5.76473	8.65281	0.00264776
0.9631	0.4673	0.99902	0.0107486	0.0120428	5.76406	8.6547	0.00134237
0.9561	0.4919	0.998714	0.0205559	0.000290569	5.76052	8.65212	0.000457668
0.9503	0.4887	0.998944	0.0133228	0.0232427	5.76352	8.65478	0.00108424
0.8858	0.4395	0.998875	0.00968117	0.0777086	5.76538	8.66088	0.0030832
0.8789	0.414	0.999222	0.00786311	0.0779028	5.76546	8.65798	0.00127368
0.9095	0.3899	0.999139	-0.00475893	0.0248676	5.76471	8.65483	0.00149988
0.9157	0.3729	0.999341	0.00268937	0.0167941	5.76752	8.65712	0.000115617
0.9932	0.3382	0.999687	-0.0462077	-0.0242191	5.76931	8.65804	0.000532387
0.9221	0.366	0.999293	0.00369697	0.0121273	5.76693	8.6566	0.00263238
0.9614	0.3168	0.999586	-0.0402258	-0.0203864	5.76857	8.65745	0.00161411
0.9676	0.3368	0.999449	-0.0324882	-0.0108751	5.7673	8.6563	0.00159847
0.9343	0.3037	0.999469	-0.0329459	-0.022757	5.7674	8.6565	0.000476174
0.9134	0.2833	0.999491	-0.022262	-0.0381593	5.76721	8.65619	0.000769723
0.9365	0.2747	0.999501	-0.0221949	-0.0255965	5.76778	8.65656	0.000515938
0.9342	0.2639	0.999487	-0.0151603	-0.0286459	5.76766	8.65645	0.000632901
0.8898	0.2715	0.999341	-0.0151217	-0.025119	5.76559	8.65451	0.000643935
0.8571	0.2661	0.999069	-0.00782111	0.0233649	5.76308	8.65298	0.00360825
0.8644	0.2802	0.99942	0.00188824	0.0162925	5.76616	8.65439	0.000255172
0.8762	0.2972	0.999496	0.00962255	0.00596462	5.76661	8.65434	0.000381755
0.8814	0.3367	0.999422	0.00585431	0.024788	5.76633	8.65483	0.000321593
0.9134	0.3181	0.999456	-0.0137536	-0.0112094	5.7673	8.65581	0.00149367
0.8341	0.3446	0.998071	0.078051	0.1548	5.76219	8.67502	0.000330968
0.8522	0.3465	0.998765	0.0467899	0.0952697	5.76663	8.66626	0.0013583
0.8346	0.4107	0.998191	0.0709385	0.267169	5.75614	8.68806	0.000455793
0.8499	0.337	0.998793	0.0295765	0.0893569	5.76586	8.66367	0.00058195
0.827	0.3368	0.997905	0.0691232	0.168085	5.7604	8.67526	0.000229825
0.8282	0.3258	0.998436	0.0471035	0.139295	5.76464	8.67132	0.000292133
0.8089	0.361	0.998967	0.141378	0.267001	5.75831	8.69204	0.00071504
0.7697	0.3316	0.999009	0.219062	0.3197	5.74959	8.70804	0.00156558
0.777	0.3518	0.99915	0.199656	0.360526	5.74787	8.71406	0.00105392
0.8157	0.3681	0.999165	0.117703	0.26551	5.76141	8.69151	0.00029309
0.7763	0.3926	0.999704	0.170525	0.42931	5.7458	8.72795	0.000867585
0.7934	0.4169	0.999806	0.0993349	0.42421	5.74915	8.72031	0.000445485
0.7814	0.4713	0.997284	0.0930329	0.634422	5.7226	8.81285	0.00227261
0.7719	0.428	0.996868	0.20171	0.615221	5.72145	8.81873	0.00285431
0.8012	0.4209	0.999888	0.100299	0.378088	5.74979	8.70216	0.000634167
0.8098	0.4425	1.00034	0.0871267	0.385029	5.75506	8.70754	0.000951375
0.8315	0.437	0.999045	0.0543265	0.308102	5.75955	8.69652	0.000729833
0.8338	0.4566	0.99886	0.0459557	0.318572	5.75931	8.70062	0.0007178
0.8131	0.5002	0.997858	0.00933029	0.444356	5.73058	8.71308	3.75667e-05
0.827	0.4984	0.999572	0.00383152	0.379891	5.75852	8.71364	0.000440663
0.844	0.4729	0.998634	0.0313564	0.285817	5.76118	8.69493	0.000979172
0.813	0.4904	0.999348	0.0380308	0.431042	5.74508	8.71688	0.000924336
0.8109	0.5053	0.998766	-0.00882129	0.464695	5.73959	8.72802	0.000684829
0.7818	0.5105	0.997988	-0.00484487	0.63734	5.72446	8.80711	0.00146322
0.7096	0.3934	0.997818	0.375935	0.671866	5.63981	8.77457	0.00173082
0.6948	0.4794	1.00071	0.131759	0.7999	5.54288	8.63703	0.00198728
0.671	0.4018	1.0005	0.409215	0.684887	5.55368	8.64458	0.000592363
0.709	0.3858	0.997108	0.382507	0.647973	5.64607	8.77677	0.00100062
0.6788	0.372	0.996708	0.479104	0.654547	5.60427	8.76316	0.00105104
0.6527	0.3566	0.999663	0.544867	0.569464	5.58201	8.68642	0.000924007
0.6124	0.3895	0.999839	0.589639	0.60217	5.41044	8.47211	0.00235357
0.5788	0.3584	0.998426	0.716967	0.458228	5.42306	8.50942	0.000959259
0.6463	0.4098	1.00065	0.461181	0.708839	5.4637	8.54778	0.0018691
0.599	0.4583	1.00768	0.256394	0.564664	5.22874	7.97561	0.00160395
0.6081	0.4603	1.00494	0.248232	0.619801	5.25642	8.06878	0.000602115
0.6487	0.4802	1.00324	0.145979	0.768606	5.37308	8.33965	0.00207496
0.5236	0.5015	0.998787	0.0225199	0.224023	5.0171	7.56013	0.00268167
0.5306	0.4683	1.00178	0.224134	0.245945	5.06754	7.64313	0.00139913
0.5199	0.4552	1.0026	0.295669	0.177587	5.08639	7.66928	0.000423142
0.5198	0.4324	1.00597	0.400472	0.173645	5.1312	7.74641	0.000395777
0.51	0.4346	1.00531	0.391	0.117115	5.12446	7.72942	0.00026224
0.5057	0.5115	0.999687	-0.0759107	0.0689067	5.0148	7.52981	0.0010069
0.5153	0.3943	1.00603	0.585996	0.153528	5.23022	7.98179	0.000468311
0.5139	0.3694	1.00497	0.662471	0.14624	5.30716	8.15151	0.000888728
0.536	0.4088	1.00574	0.516029	0.264322	5.20928	7.9374	0.000603872
0.5382	0.4292	1.00619	0.415963	0.277453	5.15879	7.81557	0.000474618
0.5457	0.3832	1.00522	0.614328	0.293534	5.29393	8.13141	0.00100401
0.564	0.4278	1.00715	0.420346	0.395971	5.20212	7.91449	0.00145444
0.6234	0.3332	0.998634	0.634781	0.488216	5.56771	8.68365	0.0017861
0.635	0.3236	0.997283	0.612585	0.482386	5.60348	8.7321	0.000432588
0.5578	0.3529	1.00158	0.726984	0.372271	5.41527	8.44363	0.00048987
0.552	0.332	1.00011	0.765618	0.348171	5.47498	8.56524	0.00219006
0.4985	0.2957	1.00044	0.805325	0.0706117	5.557	8.65856	0.000637412
0.5266	0.3428	1.00208	0.754736	0.208686	5.40728	8.4007	0.00139218
0.5334	0.2698	0.998669	0.725811	0.190445	5.63431	8.74427	0.00038943
0.5213	0.2854	0.998799	0.805024	0.162736	5.59057	8.73321	0.00058364
0.4977	0.2685	1.00067	0.738368	0.0942203	5.63334	8.72137	0.000750513
0.5339	0.288	0.998457	0.801205	0.226323	5.58866	8.74252	0.00104648
0.5879	0.2634	0.993849	0.680851	0.291803	5.66832	8.82945	0.00129365
0.6107	0.2741	0.994191	0.647484	0.361481	5.66901	8.82814	0.0021378
0.6651	0.3149	0.995343	0.536614	0.48156	5.66077	8.79081	0.000416618
0.6728	0.2806	0.99533	0.463185	0.371	5.71052	8.78206	0.00139432
0.6505	0.3179	0.994683	0.587621	0.494152	5.63642	8.79457	0.00094325
0.6833	0.3198	0.995844	0.468725	0.490332	5.68121	8.78744	0.000751472
0.6708	0.3416	0.995807	0.522405	0.579978	5.63539	8.79332	0.00102713
0.6413	0.3526	0.999266	0.570939	0.550038	5.56282	8.66461	0.000634261
0.7361	0.3083	0.998067	0.29442	0.350025	5.74324	8.73614	0.00048998
0.7371	0.3418	0.997364	0.323861	0.445921	5.72494	8.76197	0.00217684
0.6906	0.2999	0.995238	0.439646	0.410003	5.70463	8.77858	0.000439661
0.7088	0.2919	0.996975	0.359712	0.344491	5.73048	8.74583	0.000521848
0.7395	0.2833	0.998561	0.237115	0.254471	5.74985	8.6977	0.00129946
0.7227	0.2798	0.9976	0.276977	0.276219	5.74209	8.71036	0.00116498
0.695	0.203	0.997325	0.148903	0.118219	5.75167	8.66872	0.000391843
0.7278	0.2197	0.997474	0.133371	0.0990019	5.75258	8.66452	0.00144994
0.7069	0.1745	0.997817	0.0911396	0.0669861	5.75491	8.65765	0.00122507
0.7134	0.1546	0.998027	0.0253926	0.0388482	5.75596	8.65208	0.000138297
0.6969	0.1535	0.997838	0.0337719	0.0779437	5.75403	8.65335	0.00089439
0.7142	0.1492	0.998155	0.0100614	0.033454	5.75685	8.65185	0.000141767
0.6513	0.1631	0.997672	0.103326	0.0715181	5.75477	8.6602	0.00124161
0.6366	0.1515	0.997704	0.099235	0.0393873	5.75489	8.65791	0.00141714
0.6784	0.2021	0.996795	0.178171	0.121489	5.74866	8.67398	0.00094022
0.6259	0.2063	0.996143	0.314823	0.177992	5.74305	8.71333	0.000477583
0.6532	0.2122	0.99638	0.27272	0.180816	5.74499	8.70233	0.000813269
0.6576	0.2337	0.996183	0.360998	0.218988	5.73486	8.72439	0.000598601
0.5436	0.246	0.996804	0.657678	0.19761	5.68847	8.79587	0.000682
0.6189	0.2274	0.996327	0.413666	0.235866	5.73235	8.74361	0.000852866
0.5981	0.2475	0.996004	0.569906	0.266429	5.70799	8.79423	0.000406243
0.5325	0.1983	0.997652	0.462192	0.0962908	5.74596	8.75068	0.00109285
0.5026	0.23	0.998388	0.64939	0.0911152	5.71287	8.79815	0.00183666
0.5	0.2325	0.999106	0.659113	0.08407	5.71374	8.79902	3.22733e-05
0.5361	0.1528	0.999827	0.1676	0.132878	5.77101	8.68088	0.000695493
0.5273	0.1776	0.996946	0.327785	0.114355	5.75265	8.71567	0.00155803
0.5193	0.15	0.999615	0.179427	0.0867917	5.76771	8.67476	0.00109425
0.5523	0.169	0.996613	0.306353	0.100233	5.75372	8.71186	0.00164017
0.5782	0.153	0.997788	0.231173	0.0987836	5.75757	8.6871	0.00137825
0.617	0.1956	0.996101	0.296975	0.156306	5.74436	8.70658	0.00197826
0.5916	0.1089	0.998666	-0.0240263	0.0392933	5.77	8.66762	0.00132652
0.6029	0.1237	0.99959	-0.0158217	0.0172774	5.75995	8.64374	0.00102069
0.5735	0.1304	0.997708	0.0334835	0.131899	5.76149	8.67135	0.000822725
0.535	0.1131	0.998997	0.180707	0.0783355	5.76912	8.68176	0.000882058
0.5185	0.0897	0.998737	0.100205	0.0180985	5.76051	8.65687	0.000530405
0.5154	0.1173	0.999667	0.194484	-0.00844074	5.76814	8.67403	0.000585605
0.5367	0.0212	1.00114	-0.0352331	0.00667749	5.7833	8.66574	0.000404668
0.5354	0.0244	1.00111	-0.0410725	0.0069119	5.78132	8.66323	0.000570582
0.5383	0.0019	1.00131	-0.0825616	0.00722976	5.78446	8.66875	0.00105566
0.5386	0.0492	1.00095	-0.131765	0.0114066	5.77784	8.66732	0.000852311
0.5677	0.014	1.00066	-0.0602139	0.0517978	5.77832	8.66489	0.00041154
0.5849	0.0237	1.0002	-0.0448273	0.0415873	5.77487	8.66246	0.00143626
0.6554	0.0538	0.999616	0.000789919	0.015396	5.7709	8.6598	0.00168852
0.6607	0.0478	0.99981	0.00784305	0.027784	5.77116	8.6588	0.00147114
0.6652	0.0756	0.99899	-0.00938803	0.0176858	5.7655	8.65719	0.00129743
0.6143	0.1011	1.00051	-0.0370815	-0.0172171	5.77045	8.65211	0.0013707
0.6649	0.1421	0.999044	0.0366303	0.0584117	5.76392	8.65652	0.000802001
0.6522	0.1087	1	-0.0987525	0.0235934	5.76378	8.65079	0.00174772
0.719	0.1095	0.998876	-0.108113	0.0427022	5.76125	8.65835	0.00247285
0.7084	0.1308	0.998183	-0.0663792	0.0439624	5.75785	8.65567	0.000870371
0.6892	0.0551	0.999436	0.0120782	0.00584868	5.76635	8.6545	0.000949046
0.6856	0.0417	0.999527	0.00904172	0.00974209	5.76796	8.65612	0.000131385
0.6949	0.0289	0.999693	0.00747508	0.00333186	5.76917	8.65644	0.000845913
0.6952	0.0012	0.999843	-0.00638899	0.0105529	5.7714	8.65854	0.000686747
0.7301	0.028	0.999512	-0.00498321	0.0506623	5.76761	8.65694	0.000747447
0.7289	0.0109	0.999651	0.0065466	0.0430565	5.7694	8.65808	0.000339572
0.7468	0.0071	0.999572	0.00125528	0.0404021	5.76837	8.65708	0.000619556
0.7739	0.0012	0.999434	0.00447428	0.0213221	5.76731	8.6561	0.00049594
0.869	0.0059	0.999213	-0.0121366	-0.0124376	5.76486	8.65425	9.622e-05
0.866	0.0163	0.999238	-0.0121415	-0.00925502	5.76514	8.65442	0.00073935
0.8569	0.0559	0.999329	0.00924327	-0.0100811	5.76614	8.65511	0.00182516
0.8585	0.0392	0.999289	0.0094508	-0.0140166	5.76573	8.65489	0.000752761
0.8506	0.0415	0.999129	0.00804308	-0.00426373	5.76523	8.65543	0.000255957
0.8205	0.0358	0.999367	0.00043301	0.00996594	5.76647	8.65524	0.00205446
0.771	0.0292	0.999383	-0.00160601	0.0213244	5.76653	8.65537	0.0014981
0.7796	0.0723	0.999413	-0.00697473	0.017973	5.76611	8.65443	0.00298119
0.7605	0.1801	0.998017	0.0113633	-0.008717	5.75689	8.65259	0.000302895
0.7732	0.1155	0.998945	-0.0323647	-0.0348062	5.76256	8.6541	0.00182781
0.7314	0.1476	0.998748	-0.00364135	-0.0190724	5.75791	8.64788	0.00111191
0.7669	0.2161	0.998327	0.0591312	0.0566485	5.76132	8.65981	0.00163522
0.7494	0.2293	0.997651	0.0951623	0.0995275	5.75388	8.66063	0.000665406
0.7629	0.2349	0.99782	0.0791443	0.0786008	5.75402	8.65611	0.00054782
0.8574	0.1491	0.999237	-0.0144733	0.0112355	5.765	8.65427	0.00102694
0.8701	0.1703	0.999318	-0.0275262	0.00188843	5.76575	8.65491	0.000339026
0.8189	0.1559	0.999039	-0.0407744	-0.019347	5.76379	8.65501	0.00112881
0.8025	0.1388	0.999187	-0.0254021	-0.041097	5.76292	8.65257	0.00099866
0.8138	0.1225	0.999169	0.00986319	-0.00883846	5.76508	8.6549	0.00233328
0.8699	0.1043	0.999309	0.00219686	0.00153956	5.76601	8.65499	0.00228266
0.8946	0.229	0.999329	-0.0309322	-0.0349716	5.76614	8.65611	0.00099137
0.9292	0.1972	0.999577	-0.00518608	-0.00849368	5.7678	8.65541	0.000577237
0.8989	0.1867	0.999339	-0.0184967	-0.010041	5.76643	8.65559	0.000932736
0.9154	0.2386	0.999431	-0.0258696	-0.0306255	5.76706	8.65631	0.000800643
0.8776	0.2404	0.999214	-0.0249722	-0.015964	5.76503	8.65479	0.000737148
0.8954	0.2528	0.999395	-0.022365	-0.0358537	5.76658	8.656	0.000594556
0.9841	0.235	0.999725	-0.0214927	-0.00403768	5.76977	8.65727	0.00120179
0.9497	0.2353	0.999597	-0.0224951	-0.0215898	5.76871	8.65704	0.000608632
0.9873	0.2606	0.999689	-0.0132948	-0.00337204	5.76958	8.65716	0.00100702
0.9859	0.1936	0.999765	-0.0203143	-0.0272262	5.7705	8.65835	0.00116485
0.9877	0.19	0.999691	-0.0171145	-0.0268533	5.76979	8.65787	4.5155e-05
0.9956	0.1873	0.999802	-0.0131929	-0.027244	5.77093	8.65857	0.000317085
0.954	0.1117	0.999572	-0.00635567	-0.00747685	5.76844	8.65641	0.00158577
0.9545	0.1784	0.999657	-0.0201743	-0.0303493	5.76916	8.65737	0.000817533
0.9383	0.0886	0.99941	0.00244465	-0.0160579	5.76693	8.65564	0.00161242
0.9364	0.1489	0.999542	-0.0152196	-0.0194647	5.76825	8.65665	0.000670503
0.8834	0.0869	0.999373	0.00133407	-0.00599762	5.76651	8.65521	0.00140883
0.8738	0.0751	0.999315	0.00327746	-0.00709213	5.76619	8.65524	0.000738905
0.9159	0.0262	0.999318	0.00200303	-0.0110116	5.76607	8.65507	0.00214022
0.9117	0.0158	0.999224	-0.00149249	-0.00825995	5.76507	8.65435	0.00068528
0.9503	0.0019	0.999267	0.00720204	-0.00135197	5.76557	8.65472	0.00177527
0.9582	0.0545	0.999395	0.00701543	-0.00730013	5.76676	8.65544	0.00113503
0.9634	0.0647	0.999508	0.00767284	-0.00960062	5.76785	8.65611	0.000939535
0.9958	0.0498	0.99943	0.00927723	-0.0218055	5.76708	8.65584	0.00182381
