1023	3.00002
0.4049	0.7051	1.008	-0.526109	-0.219842	5.62866	8.53854	0.00134602
0.363	0.2851	1.00038	0.446593	-0.372741	5.67845	8.6836	0.000398572
0.9231	0.5021	0.996934	-0.0107035	0.0260881	5.75138	8.654	0.000526908
0.6773	0.9643	0.999601	0.0501104	-0.0104482	5.76869	8.6578	0.000309482
0.0164	0.4523	0.997923	0.002814	0.00420338	5.7525	8.64672	0.00155941
0.3348	0.2172	0.996722	0.307364	-0.252709	5.72011	8.68755	0.000797244
0.0428	0.6403	0.99862	-0.0205917	-0.0503869	5.75976	8.65307	0.000315725
0.1198	0.766	0.99932	-0.0252539	-0.0333289	5.76602	8.65579	0.00120941
0.0296	0.8986	0.9988	-0.0180927	-0.00714193	5.761	8.65207	0.000501787
0.2933	0.9484	0.997683	-0.0307109	0.0261735	5.75074	8.64696	0.000450612
0.8302	0.5625	0.994173	-0.0997957	0.267996	5.73193	8.68919	0.00133117
0.4047	0.6924	1.00524	-0.513477	-0.228965	5.61253	8.53291	0.00020955
0.6355	0.7641	1.00216	-0.415319	0.262394	5.72817	8.6944	0.00110094
0.6709	0.5165	0.998497	-0.0870132	0.601096	5.5709	8.55338	0.00143726
0.6815	0.457	1.00038	0.0559414	0.580456	5.60118	8.56864	0.0023887
0.4285	0.093	0.996888	0.156657	-0.0828072	5.75393	8.67353	0.00270723
0.1499	0.2351	0.996369	0.0348033	0.0595148	5.74176	8.6464	0.000721798
0.0846	0.1729	0.997595	0.00918463	0.0573963	5.74946	8.64667	0.000692726
0.0381	0.1014	0.998297	0.00227192	0.0442378	5.75622	8.65004	3.11799e-05
0.1659	0.2009	0.996332	-0.00245498	0.067586	5.74153	8.64628	0.000844973
0.1852	0.185	0.996009	0.00569466	0.0555048	5.74072	8.64714	0.00264225
0.2954	0.0443	0.997199	-0.0495383	0.0374893	5.74619	8.64542	0.00171557
0.2932	0.3003	0.994827	0.347342	-0.378863	5.6977	8.72308	0.0010254
0.3303	0.3333	1.00037	0.415204	-0.456787	5.65674	8.67249	0.000286083
0.2506	0.401	0.998602	0.241129	-0.47637	5.69617	8.69875	0.000273256
0.2437	0.4263	0.99884	0.20214	-0.497208	5.69241	8.69258	0.00144549
0.1472	0.4978	0.996734	0.0611457	-0.261712	5.75401	8.69542	0.000901415
0.054	0.3426	0.997929	-0.0035826	0.0264057	5.75287	8.64757	0.00144325
0.1171	0.6295	0.998456	-0.0278189	-0.115816	5.76331	8.66542	0.00168189
0.0732	0.6238	0.998929	-0.01476	-0.0659452	5.76226	8.65494	0.00116944
0.1484	0.7755	0.999228	-0.038398	-0.0400449	5.76626	8.65762	0.00127523
0.0997	0.8283	0.999023	-0.0336951	-0.00675474	5.7635	8.6543	0.00146828
0.1127	0.915	0.998701	-0.0354817	0.00698791	5.76012	8.65207	0.000914216
0.0049	0.9154	0.998788	-0.00566104	-0.00453635	5.76094	8.65193	0.000796848
0.1888	0.661	0.998448	-0.124802	-0.278349	5.76212	8.70314	0.00318556
0.3141	0.8153	0.999379	-0.281068	-0.105901	5.75665	8.68544	0.00144328
0.152	0.9563	0.998309	-0.0380511	0.0178763	5.75643	8.65016	0.00123092
0.2926	0.6466	1.00695	-0.290032	-0.436908	5.68	8.59872	0.000190633
0.2567	0.6429	1.00407	-0.227551	-0.444922	5.70577	8.64883	0.000119833
0.3171	0.5358	1.00105	-0.0440379	-0.567166	5.58157	8.52539	0.000185905
0.3378	0.4447	1.0009	0.252096	-0.570373	5.5522	8.51528	0.00165051
0.6127	0.441	0.999841	0.150799	0.474807	5.49092	8.36178	0.00122364
0.4172	0.4427	1.00345	0.252099	-0.361861	5.42369	8.20479	0.000573627
0.6219	0.8624	0.997838	-0.193515	0.0849141	5.7667	8.69112	6.13717e-05
0.5082	0.9435	0.999272	-0.0306631	0.00803226	5.76379	8.65248	0.000543065
0.4412	0.9479	0.998098	-0.0258734	-0.047425	5.75596	8.65185	0.000813834
0.9912	0.5159	0.997862	0.0386745	0.00716354	5.75528	8.65219	0.00062244
0.9718	0.5216	0.997497	0.027024	-0.00456893	5.75347	8.65224	0.000370041
0.6763	0.7677	1.00066	-0.325303	0.248666	5.74302	8.69266	0.00165283
0.8448	0.4872	0.995559	-0.0354017	0.242531	5.74275	8.68259	0.00108095
0.848	0.4166	0.996535	-0.0105101	0.232871	5.74736	8.67819	0.00111835
0.7672	0.385	0.999354	0.0721144	0.465123	5.72841	8.70894	0.00127538
0.8184	0.3195	0.997758	0.0365822	0.224693	5.75987	8.68513	0.00194543
0.956	0.2626	0.998448	0.000186874	0.0549686	5.75776	8.65157	0.000903325
0.8235	0.3793	0.996086	0.0136303	0.299273	5.74688	8.69907	0.00114157
0.7829	0.2671	0.998708	0.116737	0.191075	5.76253	8.68005	0.00258616
0.4882	0.3787	1.0054	0.450724	-0.0864107	5.47072	8.26733	0.00142423
0.4547	0.2272	1.00327	0.481213	-0.166947	5.70162	8.65423	0.00133967
0.4945	0.0783	0.997783	0.178311	-0.0603897	5.76202	8.67995	0.00104788
0.4481	0.0675	0.996424	0.092614	-0.0659203	5.75521	8.67026	0.000166302
0.3823	0.1929	0.998961	0.334573	-0.219127	5.72646	8.6786	0.00150618
0.7226	0.0634	0.999582	0.0662151	0.00473745	5.76961	8.66024	0.00170468
0.7283	0.0072	0.999535	0.0678131	0.00140701	5.76823	8.65868	0.000523907
0.9156	0.1608	0.999038	0.026977	0.0528693	5.76332	8.65506	0.00144845
0.0346	0.0235	0.998447	-0.00608649	0.0263687	5.7576	8.65021	0.00108901
0.0563	0.0049	0.998407	-0.0139637	0.0223722	5.75731	8.6501	0.000679806
0.0297	0.0032	0.998609	-0.00722873	0.0215031	5.75922	8.65113	0.000829111
0.091	0.0528	0.998081	-0.0171341	0.0373946	5.75415	8.64867	0.00032466
0.027	0.0699	0.998431	-0.00131514	0.0371574	5.75748	8.65048	0.000970836
0.1136	0.136	0.997619	-0.00590222	0.0636817	5.74992	8.64751	0.00229616
0.2493	0.0431	0.997382	-0.0475079	0.0293655	5.74765	8.64567	0.00138658
0.3074	0.1233	0.995521	0.0901319	-0.0408613	5.7369	8.64896	0.000555147
0.1269	0.2071	0.997059	5.96052e-05	0.067177	5.74579	8.64637	0.00076453
0.1486	0.0253	0.997981	-0.0335928	0.0358958	5.75318	8.64844	0.000622598
0.2373	0.003	0.997603	-0.0485272	0.0246215	5.74944	8.64636	0.000230605
0.2334	0.0003	0.997827	-0.051809	0.0263712	5.75161	8.64788	0.0006592
0.3605	0.001	0.997453	-0.0433389	-0.00350435	5.74954	8.64728	0.000456042
0.3493	0.0358	0.9975	-0.0295026	-0.0187768	5.74812	8.64441	0.000536628
0.4289	0.0483	0.996429	0.0518619	-0.0836517	5.75565	8.66926	0.000638165
0.4315	0.0435	0.996728	0.0478911	-0.0811315	5.75363	8.66322	0.000918957
0.44	0.055	0.99638	0.062599	-0.077281	5.75709	8.67195	0.000736671
0.4795	0.0563	0.99747	0.0806859	-0.0403456	5.76313	8.6707	0.000608319
0.3452	0.1899	0.996936	0.284588	-0.218497	5.7286	8.68368	0.000358634
0.3898	0.0713	0.995796	0.0742929	-0.0877621	5.75382	8.67378	0.00112322
0.3953	0.0635	0.994915	0.0830391	-0.0702049	5.74624	8.66933	0.000323265
0.3245	0.2181	0.995737	0.291199	-0.246734	5.71914	8.68827	0.000314768
0.3165	0.1986	0.995774	0.254315	-0.212024	5.72641	8.68088	0.00108726
0.3093	0.1574	0.995224	0.174124	-0.124115	5.73392	8.66502	0.00103651
0.2553	0.2563	0.993572	0.212469	-0.218436	5.72395	8.68789	0.00108924
0.2547	0.2407	0.994476	0.206225	-0.188616	5.73043	8.68244	0.000602428
0.2751	0.253	0.994014	0.251885	-0.241988	5.7192	8.69147	0.000530396
0.3043	0.2255	0.99479	0.272477	-0.240968	5.7187	8.68913	0.00133741
0.3878	0.2728	1.00086	0.479896	-0.333457	5.67071	8.66947	0.000479113
0.4643	0.2438	1.00435	0.520177	-0.16323	5.68292	8.63612	0.00181315
0.4133	0.4387	1.00317	0.286859	-0.377224	5.43387	8.23738	0.000761448
0.4789	0.3073	1.00283	0.552439	-0.143281	5.5957	8.5327	0.00105671
0.3567	0.4697	1.00205	0.160853	-0.533016	5.50714	8.39878	0.00250686
0.3446	0.3339	1.00009	0.436716	-0.454179	5.64073	8.65879	0.000875525
0.3091	0.4089	1.00052	0.306798	-0.559513	5.62121	8.631	0.000952102
0.2686	0.3842	0.997106	0.288459	-0.483183	5.68373	8.70867	0.000925111
0.1763	0.3633	0.995064	0.156655	-0.219142	5.73861	8.68689	0.00247372
0.2326	0.3886	0.994813	0.232066	-0.423212	5.71058	8.72701	0.00187063
0.2348	0.3461	0.994919	0.253276	-0.365024	5.71715	8.71822	0.00116811
0.2496	0.3418	0.996034	0.277212	-0.386561	5.71152	8.71453	0.000598723
0.2525	0.2894	0.995109	0.269155	-0.28353	5.72343	8.70375	0.00137909
0.1528	0.2871	0.995582	0.0759887	-0.0209141	5.74128	8.65324	0.000710663
0.0573	0.3714	0.99781	0.00296402	0.00459392	5.75271	8.64801	0.00010077
0.0569	0.2538	0.99784	0.010937	0.0491901	5.75191	8.64781	0.000545399
0.0186	0.3881	0.99808	0.000453397	0.0154037	5.75429	8.64816	0.000479206
0.0127	0.395	0.997992	0.00403865	0.0164087	5.75372	8.64808	0.00287141
0.071	0.422	0.997694	0.0172243	-0.0152235	5.75333	8.65021	0.000980256
0.1032	0.4154	0.997506	0.0696823	-0.0989912	5.75073	8.65499	0.000651806
0.1712	0.5269	0.995781	0.00436074	-0.349433	5.7461	8.71674	0.000445761
0.0253	0.4892	0.997794	0.0384268	-0.0218841	5.7537	8.6506	0.0002226
0.0269	0.5218	0.998238	0.0470461	-0.0197903	5.7568	8.65175	0.00218838
0.1726	0.5474	0.997104	0.00860221	-0.325158	5.75394	8.70888	0.000666827
0.2215	0.6127	1.00092	-0.131051	-0.427863	5.73436	8.69378	0.000597005
0.2726	0.4994	1.00326	0.09741	-0.591242	5.64314	8.61671	0.000452433
0.1988	0.7394	0.9991	-0.148318	-0.143892	5.76808	8.68126	0.00112284
0.2335	0.6422	1.00315	-0.181485	-0.411486	5.73728	8.68001	0.000612368
0.1892	0.7525	0.998918	-0.112926	-0.103618	5.76868	8.67413	0.000483968
0.1081	0.7516	0.999295	-0.0262039	-0.0339778	5.76539	8.6551	0.000946981
0.0126	0.6593	0.998503	-0.017893	-0.0394755	5.75814	8.6511	0.00052196
0.046	0.6304	0.998604	-0.0182318	-0.0525335	5.7598	8.65332	0.000218645
0.0528	0.8427	0.998825	-0.0275101	-0.0218916	5.76149	8.65302	0.00054584
0.0639	0.8398	0.998807	-0.0299968	-0.0210498	5.76132	8.65297	0.000336613
0.0154	0.8977	0.998793	-0.0144325	-0.010386	5.76098	8.65206	0.00126383
0.0094	0.9649	0.998728	-0.00707209	0.0136051	5.76029	8.65156	0.000672595
0.1041	0.9848	0.998354	-0.0254007	0.021837	5.75683	8.65005	0.000782303
0.0017	0.9807	0.998696	-0.00435673	0.0158843	5.76005	8.65149	0.000847931
0.1232	0.9204	0.99856	-0.0359432	0.00861596	5.75891	8.65151	0.000360797
0.1349	0.9915	0.998212	-0.0316885	0.0259289	5.75552	8.64958	0.00119019
0.128	0.8542	0.998831	-0.0453709	-0.000360177	5.76148	8.65336	0.000258192
0.1723	0.8324	0.998883	-0.0759057	-0.00780554	5.76314	8.65728	0.000636927
0.1653	0.826	0.999145	-0.0678092	-0.0133703	5.76461	8.65671	0.000953431
0.1541	0.7716	0.999153	-0.0585559	-0.0566322	5.76618	8.65992	0.00105292
0.3324	0.7743	1.00057	-0.414619	-0.189684	5.73629	8.70346	0.00122387
0.2995	0.7422	1.00245	-0.369224	-0.268378	5.738	8.69016	0.000987473
0.3666	0.8011	1.00027	-0.407352	-0.143084	5.73182	8.68862	0.000878965
0.3784	0.8537	0.997438	-0.31062	-0.0559179	5.74675	8.69207	0.000603232
0.3174	0.9207	0.997451	-0.054994	0.0181091	5.75065	8.64969	0.00128117
0.3682	0.9211	0.997188	-0.0465176	-0.025152	5.749	8.64922	0.000787782
0.4465	0.9451	0.997929	-0.021472	-0.0491321	5.75515	8.65207	0.000517826
0.3788	0.9797	0.997676	-0.0517635	-0.00527708	5.75072	8.64752	0.000497687
0.389	0.8976	0.996982	-0.154897	-0.0370873	5.747	8.65928	0.000323953
0.4573	0.8957	0.99799	-0.17633	-0.0340421	5.75336	8.66354	0.00138747
0.431	0.7955	1.00063	-0.51364	-0.104256	5.71238	8.70053	0.000481772
0.4428	0.7776	1.00593	-0.538836	-0.0756144	5.6984	8.64525	0.000341203
0.4811	0.6465	1.0034	-0.484337	0.00448035	5.51079	8.35549	0.000787521
0.4822	0.6982	0.9985	-0.569085	-0.00903529	5.59496	8.56701	0.000315433
0.4154	0.7335	1.01225	-0.525722	-0.175427	5.65715	8.5366	0.00216067
0.3933	0.6797	1.0046	-0.49026	-0.272048	5.60532	8.52667	0.0025077
0.2853	0.6966	1.00489	-0.346115	-0.353369	5.71866	8.65861	0.000388408
0.3024	0.7088	1.00479	-0.375236	-0.340645	5.71221	8.65589	0.000740475
0.4213	0.5186	1.01389	-0.0370437	-0.321097	5.39226	8.0298	0.00040248
0.3376	0.5542	1.00112	-0.125231	-0.528786	5.55016	8.46355	0.000779405
0.3662	0.5482	1.00478	-0.118356	-0.472394	5.50158	8.33169	0.00117574
0.4524	0.6057	1.00663	-0.367477	-0.130972	5.45433	8.20368	0.000572137
0.4762	0.5775	1.01333	-0.295723	-0.0644017	5.40461	8.04608	0.000902537
0.4812	0.5379	1.02559	-0.188734	-0.0681369	5.35794	7.85653	0.00133467
0.5746	0.5568	1.00291	-0.243661	0.370753	5.43121	8.22156	0.00237723
0.5205	0.596	1.00641	-0.367427	0.144544	5.42944	8.17023	0.00113314
0.664	0.6042	0.999602	-0.297601	0.526969	5.60879	8.59966	0.000863396
0.6776	0.5805	0.999357	-0.230245	0.570796	5.60837	8.60738	0.000874696
0.6925	0.6157	1.00142	-0.270062	0.511088	5.6547	8.63714	0.00069473
0.6987	0.5856	0.999952	-0.21842	0.539963	5.64373	8.63564	0.000976235
0.6277	0.6966	1.00221	-0.436809	0.356343	5.66266	8.63417	0.000729778
0.6342	0.7587	1.00292	-0.398832	0.269939	5.7259	8.67978	0.000225697
0.6518	0.7565	1.00114	-0.37868	0.273792	5.72591	8.68827	0.00043961
0.6059	0.7522	1.00357	-0.437449	0.234415	5.70766	8.6542	0.00039737
0.5984	0.6658	1.00238	-0.453992	0.351661	5.60504	8.55251	0.000747277
0.5265	0.7377	1.00635	-0.557325	0.114922	5.65766	8.59484	0.00110863
0.5569	0.8363	1.00036	-0.380758	0.0781043	5.75222	8.70076	0.00110499
0.5128	0.8257	1.00088	-0.443004	0.0197935	5.73755	8.69704	0.00043808
0.5367	0.7988	1.00275	-0.483903	0.0857039	5.72465	8.68413	0.00159487
0.5404	0.8722	0.99819	-0.254474	0.026909	5.76121	8.69023	0.000702598
0.5732	0.8829	0.997683	-0.188721	0.033074	5.7683	8.69091	0.00036916
0.5494	0.9819	0.999567	0.018774	-0.0199655	5.76841	8.65674	0.000705685
0.5936	0.9107	0.998687	-0.0709429	0.0381169	5.7696	8.66902	0.000354783
0.6862	0.917	0.999134	0.00357129	0.00859988	5.76752	8.65882	0.00255309
0.6887	0.9412	0.999424	0.046186	0.00043091	5.76776	8.6577	0.000823587
0.6095	0.8674	0.99726	-0.195329	0.0687422	5.76536	8.69324	0.000395808
0.6348	0.8611	0.99822	-0.182012	0.0902847	5.7701	8.69122	0.000942475
0.5905	0.769	1.00324	-0.473595	0.190045	5.71535	8.67553	0.00121945
0.8802	0.7208	0.997785	0.00971978	0.00213811	5.75102	8.64573	0.000423135
0.7276	0.7178	0.997971	-0.249894	0.338305	5.7365	8.71069	0.00120532
0.7669	0.8082	0.997928	-0.0977346	0.0888903	5.75994	8.66658	0.00064758
0.7984	0.8696	0.998684	0.0139358	-0.0227833	5.76182	8.65448	0.000341861
0.7487	0.9415	0.999183	0.0664733	0.000219709	5.76572	8.65785	0.00166222
0.8859	0.8828	0.998768	0.0180799	-0.0217419	5.76081	8.65227	0.00141749
0.9214	0.8355	0.998647	-0.00313994	-0.0177726	5.75978	8.65153	0.000591081
0.9051	0.908	0.998906	0.0189854	-0.0131721	5.76198	8.6527	0.00112059
0.9218	0.9021	0.99886	0.0161896	-0.00841481	5.76161	8.65244	0.00101714
0.9016	0.8224	0.998678	0.0129483	-0.0377459	5.75964	8.65169	0.000398657
0.9421	0.7667	0.998233	-0.0220294	-0.0490014	5.75553	8.65003	0.000847668
0.9752	0.7409	0.998372	-0.0102268	-0.0247904	5.75754	8.65075	0.00117514
0.8606	0.684	0.997835	-0.0335566	0.0288231	5.74848	8.6424	0.00132696
0.8967	0.6912	0.997604	-0.0377849	-0.0378514	5.74869	8.64517	0.00120166
0.926	0.6839	0.998036	-0.0392244	-0.066191	5.75353	8.65024	0.00163652
0.8444	0.6619	0.995062	-0.0790231	0.114287	5.7469	8.67278	0.000604643
0.8142	0.663	0.99625	-0.114868	0.244532	5.74335	8.68395	0.000382392
0.805	0.6748	0.994717	-0.111871	0.259834	5.73818	8.693	0.000603061
0.757	0.5567	0.99741	-0.125627	0.524898	5.69677	8.71299	0.000123217
0.7483	0.5776	0.994751	-0.176849	0.515623	5.68851	8.72636	0.00105031
0.7892	0.6616	0.996546	-0.149135	0.315018	5.73673	8.69565	0.000744744
0.8111	0.5883	0.995313	-0.113839	0.363433	5.73441	8.71464	0.00144416
0.93	0.6506	0.997989	-0.000137756	-0.0534864	5.75359	8.6492	0.000936609
0.9379	0.555	0.997686	-0.0131181	-0.0247078	5.75245	8.64908	0.000589063
0.8955	0.3614	0.99807	-0.00340254	0.0762352	5.75613	8.6538	0.00121977
0.8863	0.54	0.996401	-0.0354602	0.059186	5.74776	8.65516	0.000908318
0.8993	0.4918	0.996383	-0.0183722	0.0442786	5.74895	8.65587	0.00193057
0.8793	0.3439	0.998154	-0.0129767	0.108381	5.75631	8.65639	0.000193226
0.8823	0.3286	0.998442	-0.0142548	0.0939547	5.7584	8.65559	0.000595523
0.8899	0.2996	0.998721	-0.0157248	0.0720747	5.76067	8.65478	0.000517025
0.8566	0.2976	0.998597	0.00537759	0.136518	5.76226	8.66486	0.000831788
0.6754	0.2533	1.00472	0.304043	0.248705	5.73638	8.64125	0.00166739
0.7205	0.3059	1.00425	0.215884	0.349103	5.73774	8.65443	0.000709023
0.6963	0.5055	1.0002	-0.0675352	0.597131	5.62138	8.61091	0.00136411
0.7052	0.522	1.00002	-0.099219	0.589287	5.63251	8.62717	0.00103518
0.7806	0.5375	0.994314	-0.0790049	0.489125	5.71469	8.74379	0.00106974
0.662	0.5433	0.998651	-0.171834	0.594421	5.56239	8.54629	0.000904644
0.6717	0.403	1.00366	0.181245	0.500034	5.62852	8.55346	0.00061106
0.6382	0.5444	0.998648	-0.174841	0.550822	5.52092	8.45958	0.00128646
0.6159	0.5151	0.998251	-0.0832121	0.50928	5.47207	8.35564	0.00294364
0.5818	0.4428	1.00792	0.195317	0.35306	5.44019	8.17759	0.000993939
0.5021	0.4266	1.0137	0.314485	-0.00958959	5.39094	8.02661	0.000498312
0.5054	0.403	1.00887	0.389299	-0.00601358	5.43018	8.14948	0.000676037
0.4901	0.3165	1.00188	0.544977	-0.104335	5.58112	8.50995	0.0010144
0.5363	0.2497	1.00608	0.499913	0.017677	5.6868	8.60376	0.000365579
0.5403	0.2651	1.00559	0.504191	0.0563147	5.67047	8.58708	0.000496115
0.5661	0.373	1.0061	0.421635	0.236048	5.5175	8.34282	0.000904177
0.6169	0.2497	1.00544	0.406805	0.176772	5.71693	8.62733	0.00100268
0.6787	0.2231	1.0044	0.301017	0.191755	5.75398	8.65684	0.000352526
0.7457	0.2132	1.00107	0.153339	0.148907	5.77374	8.67415	0.000743826
0.6898	0.216	1.00343	0.278255	0.181737	5.76167	8.66816	0.00045857
0.659	0.2254	1.00494	0.329913	0.185138	5.7492	8.65295	8.33815e-05
0.572	0.2433	1.00534	0.44875	0.100606	5.7038	8.616	0.00197082
0.5084	0.134	1.00156	0.289237	-0.0621064	5.75397	8.66129	0.000244685
0.5434	0.0364	0.998245	0.0495495	-0.0664028	5.76561	8.66705	0.000569805
0.5321	0.1255	1.00179	0.267059	-0.0256333	5.76218	8.66382	0.000520771
0.5128	0.0688	0.99755	0.147552	-0.0592361	5.76287	8.67818	0.00049559
0.5464	0.0769	0.999172	0.158159	-0.0578361	5.76791	8.67321	0.00142603
0.563	0.0084	0.999258	0.0279606	-0.0328038	5.76857	8.66021	0.000458696
0.5949	0.0529	0.999046	0.0776506	-0.0273101	5.77014	8.66686	0.00202439
0.7982	0.0181	0.999434	0.0578151	0.0199089	5.76754	8.65808	0.00052603
0.8693	0.0037	0.999207	0.0283087	0.00348596	5.76495	8.6547	0.000218827
0.8693	0.1633	0.999165	0.0373087	0.0538998	5.76491	8.65674	0.000706325
0.7567	0.1746	1.00002	0.106901	0.0706232	5.77482	8.67031	0.00152831
0.8608	0.1862	0.999438	0.0305387	0.0573269	5.76715	8.65771	0.00256792
0.7832	0.1876	0.99927	0.0763441	0.0797829	5.77058	8.66829	0.00258845
0.9304	0.1956	0.998822	0.0167501	0.0594596	5.76141	8.65422	0.000548121
0.947	0.2183	0.998646	0.0143225	0.0545742	5.75965	8.65279	0.00100416
0.978	0.1708	0.998542	0.014179	0.051204	5.75849	8.65175	0.00179116
0.9295	0.1598	0.998832	0.0238745	0.052159	5.76131	8.65372	0.000320371
0.9368	0.1298	0.998977	0.0225804	0.040194	5.76278	8.65409	0.00129709
0.8777	0.0099	0.999095	0.0250014	0.0078415	5.76388	8.65399	0.000504763
0.0323	0.005	0.998567	-0.00768236	0.0220684	5.75876	8.65082	0.000111682
0.0136	0.0435	0.998573	0.000437346	0.0282533	5.75885	8.65102	0.000764083
0.0629	0.0763	0.998218	-0.00950616	0.0388542	5.75552	8.64949	0.00121672
0.0795	0.057	0.998197	-0.0135986	0.0369103	5.75537	8.64942	0.00108062
0.0967	0.0226	0.998268	-0.0221181	0.0294807	5.75595	8.64959	0.00103064
0.1063	0.0347	0.998094	-0.0234472	0.0326032	5.75426	8.64867	0.00097425
0.0516	0.1086	0.998051	0.00098519	0.0461234	5.75439	8.64951	0.00183411
0.069	0.1626	0.997813	0.00311636	0.0572979	5.75194	8.64847	0.00107356
0.0356	0.0952	0.99828	0.00133819	0.0430323	5.75598	8.64977	0.000152878
0.0337	0.0928	0.998326	-0.000168783	0.0434325	5.75648	8.65014	0.000305395
0.0294	0.1017	0.998316	0.00472839	0.0441952	5.75656	8.65038	0.0009092
0.0049	0.0964	0.99855	0.0063356	0.0371192	5.75864	8.65121	0.0023975
0.0192	0.1729	0.998253	0.00860644	0.0461669	5.75587	8.65002	0.00148607
0.0461	0.1694	0.998023	0.00689468	0.0555943	5.75374	8.64928	0.00128023
0.0279	0.199	0.998072	0.012324	0.0490369	5.75417	8.6492	0.00123681
0.0216	0.2339	0.998091	0.00437059	0.0489197	5.7544	8.64931	0.0012949
0.0152	0.2621	0.998127	0.00852737	0.0501567	5.7546	8.64939	0.000966302
0.0524	0.259	0.997946	0.00998388	0.0459533	5.75323	8.64871	0.000410818
0.0669	0.245	0.997738	0.00860597	0.0532847	5.75113	8.6477	0.000419766
0.0938	0.2557	0.997448	0.0185979	0.0583862	5.74846	8.64663	0.00117105
0.0606	0.226	0.997841	0.00582332	0.0513357	5.752	8.648	0.000961819
0.1009	0.2173	0.99741	0.00720443	0.0708699	5.7484	8.64753	0.000882512
0.0775	0.1982	0.997774	0.018596	0.0577856	5.75124	8.64795	0.00104545
0.1039	0.2002	0.997365	0.013515	0.0651285	5.74749	8.64623	0.000544855
0.1312	0.1886	0.996993	0.0184068	0.0623707	5.74455	8.64493	0.000251833
0.1417	0.1884	0.996806	0.0176584	0.0650826	5.74328	8.6448	0.000357306
0.1183	0.2377	0.996957	0.0243203	0.0615889	5.74456	8.64534	0.000749934
0.1432	0.2551	0.998676	0.0533578	0.0474118	5.74438	8.63054	0.000766162
0.1309	0.2587	0.997701	0.0338025	0.0432591	5.74288	8.63569	0.00044183
0.1161	0.2676	0.997325	0.0255156	0.0485455	5.74746	8.64582	0.000572596
0.1961	0.2754	0.993251	0.134182	-0.127536	5.72928	8.66946	0.00123092
0.1832	0.2786	0.993846	0.120359	-0.065832	5.73688	8.66802	0.000879895
0.1783	0.235	0.996305	0.0746256	-0.00270858	5.73575	8.63832	0.000871917
0.1962	0.2297	0.995104	0.0979723	-0.0592752	5.7333	8.64882	0.0012905
0.1942	0.228	0.995405	0.0815745	-0.036232	5.73773	8.65031	0.000478547
0.214	0.1968	0.994661	0.0712587	-0.0428514	5.73235	8.64814	0.000949811
0.2025	0.0936	0.997018	-0.0357554	0.0363661	5.74452	8.64385	0.00183442
0.2133	0.1648	0.995162	-0.000163788	0.00348038	5.73964	8.65133	0.00165867
0.1354	0.1761	0.99702	0.00748714	0.063771	5.74502	8.64536	0.0014157
0.1281	0.1742	0.99709	0.00592991	0.0627022	5.74548	8.64535	0.00016483
0.1171	0.1776	0.997225	0.00898854	0.0687964	5.74623	8.64574	0.000539064
0.1087	0.0853	0.997872	-0.0208689	0.0504804	5.75222	8.64822	0.00217843
0.1475	0.0323	0.997865	-0.0368873	0.0380431	5.75201	8.64788	0.000431913
0.1434	0.0378	0.997839	-0.0364887	0.039407	5.75192	8.64801	0.00109261
0.153	0.084	0.997429	-0.0319192	0.0492315	5.74798	8.64592	0.00309848
0.1743	0.0172	0.997807	-0.0390133	0.0342269	5.75147	8.64752	0.00161547
0.2013	0.0757	0.997367	-0.0415982	0.0401845	5.74746	8.64563	0.00166184
0.1892	0.0821	0.997487	-0.041881	0.038124	5.74851	8.6461	0.000939168
0.2305	0.003	0.997663	-0.04678	0.0282969	5.7501	8.64685	0.00125559
0.2362	0.0027	0.997725	-0.0479491	0.0254723	5.75058	8.647	3.05998e-06
0.2504	0.0613	0.997086	-0.0393616	0.0284361	5.74533	8.64435	0.000881424
0.2305	0.0925	0.99696	-0.0284763	0.0284182	5.74424	8.64344	0.000865192
0.249	0.0926	0.997016	-0.0248018	0.0177864	5.7445	8.64301	0.000541405
0.2553	0.1197	0.99617	-0.0037114	0.0121602	5.74065	8.64416	0.000821456
0.3437	0.0853	0.996333	0.0225948	-0.0681225	5.74215	8.6475	0.00168125
0.2842	0.0868	0.996555	-0.0201357	0.0391936	5.74223	8.64409	0.00140812
0.2949	0.112	0.995504	0.0422633	-0.00205963	5.73917	8.64854	0.00102292
0.2724	0.0754	0.996793	-0.0258216	0.0328425	5.74259	8.64247	0.00046929
0.3317	0.0492	0.996896	-0.0330871	-0.0181238	5.7455	8.64579	0.0011637
0.3124	0.0139	0.997522	-0.0641874	0.0206202	5.74866	8.64668	0.00143346
0.3674	0.0335	0.997085	-0.0187746	-0.0212071	5.74968	8.65013	0.00151
0.3512	0.009	0.997456	-0.0423889	-0.00354276	5.74891	8.64626	0.000621622
0.3541	0.0569	0.99673	0.00248715	-0.0407496	5.74303	8.64365	0.000685941
0.4536	0.0127	0.997908	0.0164806	-0.0864499	5.75993	8.66188	0.000928261
0.4782	0.0282	0.997952	0.00879946	-0.0288042	5.76417	8.66445	0.000578669
0.485	0.0179	0.998413	-0.0156245	-0.0286865	5.76181	8.65699	0.00133816
0.4636	0.109	0.999192	0.225992	-0.106638	5.75708	8.67383	0.00134579
0.4937	0.057	0.998007	0.0892992	-0.0472625	5.76238	8.66593	0.000777457
0.4969	0.0636	0.997874	0.119538	-0.0520644	5.76607	8.67604	0.000116548
0.4584	0.0801	0.997006	0.142593	-0.0801742	5.75875	8.67744	0.000630922
0.45	0.0681	0.996614	0.0896126	-0.0722973	5.75702	8.6715	0.000165703
0.395	0.0631	0.995831	0.0698089	-0.0672753	5.7559	8.6747	0.0004736
0.387	0.1996	0.998589	0.369397	-0.234563	5.72512	8.69555	0.00157985
0.3469	0.1238	0.995065	0.159116	-0.159339	5.74116	8.6798	0.00320436
0.3417	0.1839	0.996806	0.282313	-0.209779	5.72961	8.6838	0.00104199
0.4339	0.1692	1.0005	0.353916	-0.149879	5.73689	8.67493	0.00304507
0.4393	0.179	1.00127	0.400351	-0.166965	5.72736	8.67422	0.00232253
0.4878	0.1305	1.00119	0.277849	-0.0860557	5.75727	8.66798	0.00145427
0.4854	0.2366	1.00521	0.519134	-0.112639	5.69379	8.63751	0.000251999
0.4976	0.254	1.0051	0.522461	-0.0815275	5.67208	8.60475	0.000569941
0.4968	0.2376	1.00594	0.513647	-0.0874024	5.69774	8.63187	5.06766e-05
0.4234	0.204	1.00209	0.425227	-0.208618	5.72278	8.67847	0.0012375
0.3923	0.2603	0.999882	0.485735	-0.310075	5.68277	8.6912	0.00246731
0.3708	0.2723	1.00021	0.457322	-0.34453	5.68393	8.68804	0.000355485
0.2844	0.276	0.994215	0.322588	-0.317052	5.70559	8.71048	0.000355405
0.2939	0.2763	0.9956	0.341579	-0.343046	5.70534	8.71302	0.000929069
0.3412	0.2538	0.996141	0.405174	-0.328801	5.69965	8.71873	0.00214158
0.2754	0.2399	0.993961	0.239574	-0.221925	5.72184	8.68823	0.000269293
0.3021	0.1485	0.995211	0.126589	-0.0797265	5.7362	8.65689	0.00110001
0.3349	0.1313	0.995249	0.158759	-0.116078	5.73554	8.66373	0.000863133
0.26	0.2036	0.994736	0.158267	-0.133046	5.73111	8.66354	0.00223103
0.2324	0.1382	0.996148	-0.0032386	0.0129902	5.74128	8.64532	0.000870419
0.2589	0.1386	0.995195	0.0284345	-0.0166803	5.73791	8.64898	0.00154726
0.2535	0.2134	0.994867	0.160792	-0.142225	5.73201	8.66543	0.00067344
0.2618	0.2245	0.994539	0.194557	-0.173849	5.72657	8.67107	0.000370628
0.2641	0.2735	0.993683	0.268661	-0.272229	5.71254	8.69642	0.000250743
0.3072	0.3391	0.999153	0.370073	-0.453437	5.67139	8.68557	0.000742785
0.2722	0.3287	0.994642	0.314568	-0.395253	5.69877	8.72179	0.000803182
0.2846	0.3451	0.996391	0.334765	-0.437444	5.68554	8.71092	0.000523587
0.301	0.348	0.998294	0.363759	-0.46045	5.66941	8.69081	0.000103087
0.2921	0.3555	0.997949	0.343166	-0.464913	5.67291	8.69381	0.000388212
0.2986	0.3486	0.99828	0.359146	-0.458005	5.67187	8.69184	5.21249e-05
0.3198	0.359	1.00059	0.388813	-0.498918	5.64385	8.66081	0.000583951
0.3134	0.3759	1.00033	0.356691	-0.521756	5.63923	8.65581	0.000397772
0.3202	0.3506	1.00081	0.393689	-0.48504	5.65394	8.66918	0.00019035
0.3303	0.3033	0.999372	0.413526	-0.400452	5.67836	8.68856	0.000672945
0.3413	0.2958	0.999493	0.41907	-0.391228	5.67989	8.6885	0.000412538
0.3177	0.29	0.99598	0.381473	-0.373318	5.69017	8.71215	0.000575225
0.3861	0.2906	1.00129	0.482818	-0.348861	5.65457	8.64835	0.000546563
0.3516	0.3002	0.99923	0.452202	-0.408703	5.66287	8.68661	0.000838613
0.4022	0.3058	1.00293	0.500655	-0.336669	5.62931	8.60131	0.000421775
0.4067	0.3135	1.0038	0.507316	-0.334948	5.61714	8.57857	0.000386202
0.4396	0.3044	1.0047	0.537458	-0.248418	5.61325	8.55578	0.00209216
0.465	0.3292	0.999805	0.539089	-0.186184	5.56172	8.50685	0.00109083
0.4176	0.3483	0.999082	0.50684	-0.338356	5.55356	8.52369	0.00123994
0.4544	0.354	1.00046	0.500873	-0.218739	5.51932	8.42456	0.00174406
0.4043	0.375	0.996583	0.451889	-0.394788	5.52714	8.49916	0.00228134
0.3941	0.3293	1.00317	0.497056	-0.374032	5.60599	8.5759	0.000744227
0.3748	0.3421	1.00263	0.467201	-0.42734	5.60262	8.58237	0.00113309
0.3589	0.3768	1.0013	0.414337	-0.490901	5.57826	8.56283	0.00141378
0.4098	0.4486	1.00122	0.228298	-0.394022	5.4248	8.231	0.00131171
0.3826	0.4232	0.998509	0.325904	-0.47313	5.49613	8.42154	0.00187103
0.4465	0.4314	1.00797	0.318468	-0.246934	5.40657	8.12697	0.00128644
0.4548	0.4295	1.00807	0.325128	-0.221395	5.40045	8.11316	0.000361827
0.4677	0.4234	1.00803	0.341636	-0.180825	5.39785	8.10695	0.00121859
0.4613	0.4538	1.01735	0.223787	-0.205932	5.3658	7.9577	0.000932368
0.4421	0.4919	1.01979	0.0536702	-0.285159	5.37324	7.94552	0.000883107
0.4819	0.4599	1.02532	0.193231	-0.103492	5.3444	7.84268	0.00166601
0.4535	0.5014	1.02499	-0.00293655	-0.225083	5.35419	7.86083	0.00150763
0.4191	0.5063	1.01387	0.012717	-0.339175	5.4004	8.04738	0.00085212
0.4098	0.5325	1.00869	-0.0856394	-0.355237	5.41783	8.12347	0.000512051
0.3881	0.493	1.00123	0.0679465	-0.44713	5.44903	8.2658	0.00189672
0.2904	0.4818	1.00155	0.139191	-0.620127	5.62044	8.61961	0.00142325
0.305	0.5196	1.00208	0.00321628	-0.587261	5.60492	8.56238	0.00124546
0.3062	0.4303	1.00101	0.259032	-0.585222	5.61587	8.62011	0.00156035
0.3414	0.3921	1.0007	0.366909	-0.531488	5.58374	8.57827	0.000995933
0.3311	0.381	0.998825	0.369156	-0.521142	5.61326	8.63373	0.000413378
0.2959	0.3773	0.999905	0.332642	-0.49989	5.65767	8.66758	0.000491262
0.2761	0.399	0.999552	0.27599	-0.509477	5.66635	8.67121	0.000442737
0.2659	0.3919	0.998513	0.275186	-0.488732	5.68142	8.69211	0.000174341
0.27	0.4045	0.999221	0.258653	-0.509012	5.67284	8.67889	0.000444775
0.2734	0.4819	1.0035	0.133197	-0.58905	5.65006	8.62791	0.00119208
0.2765	0.4986	1.00338	0.0957636	-0.594636	5.64142	8.61504	0.000127733
0.2862	0.5123	1.00359	0.0405065	-0.582525	5.63221	8.58856	0.000813257
0.2346	0.4683	1.00106	0.135686	-0.496331	5.69971	8.67287	0.000936918
0.2532	0.5196	1.00419	0.0529699	-0.554087	5.67588	8.63324	0.00175355
0.2336	0.521	1.00345	0.0482905	-0.516156	5.69808	8.65211	0.00117518
0.21	0.5097	0.997227	0.0560675	-0.453805	5.72409	8.71455	0.00176559
0.1551	0.4976	0.996682	0.060765	-0.295878	5.75452	8.70613	0.000615416
0.132	0.468	0.996807	0.0769077	-0.185298	5.75046	8.67344	0.000615852
0.1804	0.4571	0.995771	0.112313	-0.369613	5.73314	8.71085	0.001039
0.1638	0.4667	0.995719	0.105583	-0.31061	5.74086	8.70213	0.00108059
0.1899	0.4422	0.997073	0.138529	-0.372026	5.73811	8.71123	0.00036053
0.2195	0.4639	0.995974	0.128033	-0.442971	5.71457	8.71281	0.00079159
0.2251	0.4349	0.991582	0.17648	-0.432612	5.7102	8.74717	0.000803517
0.2338	0.458	1.00026	0.154076	-0.487825	5.70192	8.68148	0.000486473
0.2124	0.3333	0.994364	0.191047	-0.271929	5.72535	8.69193	0.000583371
0.1877	0.4313	0.995506	0.153781	-0.355999	5.73451	8.71579	0.00188676
0.1993	0.3205	0.994751	0.168318	-0.221336	5.73462	8.68597	0.000883251
0.2491	0.3172	0.994555	0.262345	-0.332019	5.71938	8.71557	0.000998108
0.1947	0.2951	0.994931	0.158019	-0.161258	5.73575	8.67295	0.000982799
0.1638	0.3171	0.99479	0.097591	-0.0806142	5.74136	8.66515	0.00169996
0.1522	0.3605	0.996199	0.108956	-0.105725	5.74486	8.6617	0.00117059
0.1287	0.2983	0.997061	0.0523531	0.00590104	5.74559	8.64517	0.00115927
0.1281	0.3875	0.997064	0.079663	-0.11006	5.74818	8.65689	0.000389903
0.1396	0.4081	0.996749	0.0922388	-0.146246	5.74699	8.66354	0.00103351
0.1326	0.4259	0.99737	0.072468	-0.145529	5.75485	8.66825	0.00114704
0.1351	0.4112	0.99708	0.0884793	-0.143169	5.75111	8.66608	0.000248205
0.0699	0.3705	0.997659	0.0102653	-0.0122664	5.75184	8.64813	0.000871152
0.1123	0.3768	0.996625	0.0415824	-0.0561267	5.74934	8.65565	0.000436835
0.11	0.3459	0.996998	0.0566821	-0.0086427	5.75002	8.65264	0.00215782
0.0743	0.3144	0.997771	0.010443	0.0449857	5.75097	8.6468	0.000780678
0.096	0.2933	0.997521	0.0235062	0.0514579	5.74816	8.64527	0.00113217
0.0614	0.2973	0.997681	0.017273	0.0454404	5.75048	8.64696	0.000514332
0.0097	0.2902	0.998109	0.00241498	0.0417677	5.7545	8.64898	0.00156094
0.0523	0.2869	0.997862	0.0172726	0.0427028	5.75223	8.6479	0.0008888
0.0543	0.3074	0.997918	0.00676875	0.0357476	5.75279	8.64785	0.00103258
0	0.3378	0.998	-0.0158917	0.0317827	5.75353	8.64821	0.00091038
0.0037	0.3537	0.998127	-0.0235408	0.0270266	5.75487	8.64915	0.000995126
0.0537	0.374	0.998029	0.00121474	0.0125051	5.75392	8.648	0.000551676
0.0596	0.3981	0.997929	0.0129478	-0.00119353	5.75337	8.64805	0.00122113
0.0504	0.3807	0.998044	0.0121707	0.00784583	5.75403	8.64806	0.000228281
0.0888	0.4225	0.997696	0.0607938	-0.0863053	5.75258	8.65438	0.00152622
0.0907	0.3959	0.997243	0.0139034	-0.0375936	5.75088	8.65096	0.000685715
0.1062	0.3786	0.997081	0.0333249	-0.0341514	5.75164	8.65386	0.00046491
0.1152	0.3996	0.997341	0.066771	-0.103295	5.75058	8.65643	0.00037171
0.1135	0.4931	0.997989	0.0476362	-0.140058	5.75416	8.65958	0.00172045
0.1254	0.4673	0.99768	0.0633563	-0.140473	5.74972	8.65651	0.000688672
0.1052	0.5171	0.998214	0.0591379	-0.126276	5.75539	8.65825	0.00298103
0.0379	0.4769	0.997919	0.0345124	-0.0253558	5.75413	8.65012	0.00248145
0.0124	0.4914	0.997711	0.0390533	-0.0137834	5.7537	8.65121	0.00027571
0.0083	0.48	0.997761	0.0227318	-0.00543093	5.75341	8.64976	0.000789164
0.0183	0.6039	0.998407	-0.00371435	-0.0451898	5.75772	8.65139	0.00109796
0.0504	0.5629	0.998557	0.0255544	-0.0552501	5.75914	8.65304	0.00243155
0.0602	0.5981	0.998769	-0.000273026	-0.0563906	5.76038	8.65281	0.00119178
0.0399	0.6217	0.998638	-0.0154943	-0.0498827	5.75988	8.65297	0.00057461
0.0081	0.6309	0.99853	-0.0165833	-0.0403221	5.7583	8.65112	0.000652935
0.0991	0.6376	0.998646	-0.0251561	-0.0917438	5.76209	8.65937	0.0004659
0.1474	0.6121	0.998465	-0.0457925	-0.200328	5.7639	8.68026	0.00031844
0.1521	0.6157	0.998178	-0.0590838	-0.202592	5.76233	8.68154	0.000744796
0.1338	0.5989	0.998106	-0.018817	-0.181606	5.76405	8.67915	0.000551727
0.1313	0.5857	0.99782	-0.0144936	-0.180702	5.76362	8.68074	0.000522877
0.1137	0.5691	0.997953	0.00256252	-0.125305	5.76051	8.66634	0.00274512
0.1682	0.534	0.995931	0.0129774	-0.307177	5.75143	8.70965	0.00107087
0.1898	0.5486	0.998206	-0.0070479	-0.424028	5.74616	8.72465	0.000670136
0.1707	0.5743	0.997228	-0.0275568	-0.304079	5.75228	8.69902	0.00122408
0.1796	0.5404	0.997142	-0.0027468	-0.38897	5.74417	8.71661	0.00026404
0.2042	0.5624	0.99891	-0.0530602	-0.447776	5.73094	8.70745	0.000302297
0.2062	0.5624	1.00114	-0.0528089	-0.453748	5.73507	8.69716	0.000561515
0.2292	0.5795	1.00566	-0.094097	-0.497713	5.72271	8.66401	0.00176083
0.229	0.595	1.00299	-0.104316	-0.470164	5.71921	8.66921	0.000221968
0.2298	0.619	1.00261	-0.147114	-0.446028	5.72546	8.67615	0.000310463
0.2261	0.6042	1.00232	-0.120568	-0.454081	5.72417	8.67676	0.0002124
0.2231	0.6139	1.00292	-0.132049	-0.43483	5.736	8.68223	0.000302172
0.2035	0.5951	0.999988	-0.0672606	-0.409882	5.74689	8.7067	0.000914774
0.1705	0.6228	0.998587	-0.0748083	-0.28449	5.76217	8.69875	0.00140503
0.1087	0.6808	0.998948	-0.049786	-0.0865159	5.76512	8.66176	0.00111711
0.0973	0.7131	0.999238	-0.0352285	-0.061678	5.76651	8.65888	0.00150713
0.1519	0.6742	0.998642	-0.0653406	-0.144389	5.76515	8.67204	0.00246609
0.2422	0.7269	1.00048	-0.237331	-0.257245	5.75921	8.69588	0.00136425
0.2443	0.6579	1.00271	-0.226175	-0.403712	5.72848	8.67661	0.000589423
0.2515	0.6487	1.00411	-0.232252	-0.431639	5.71756	8.66136	0.000306613
0.2379	0.7488	0.99891	-0.23452	-0.183071	5.75639	8.68827	0.000780866
0.2379	0.7321	0.999091	-0.235816	-0.23231	5.75203	8.69068	0.000223813
0.2439	0.7334	0.999698	-0.258729	-0.236489	5.74988	8.68886	0.000226715
0.2111	0.7569	0.998836	-0.154386	-0.128452	5.76531	8.67821	0.000137418
0.2086	0.7515	0.999105	-0.153224	-0.137828	5.76644	8.67865	0.000258455
0.1742	0.733	0.9988	-0.102917	-0.11972	5.7652	8.67065	0.00251884
0.0865	0.756	0.998997	-0.0162843	-0.0218724	5.76327	8.65395	0.000436583
0.0873	0.7637	0.998957	-0.0158698	-0.0210772	5.76287	8.65367	0.00136847
0.0871	0.728	0.999066	-0.0180826	-0.0368242	5.76404	8.65499	0.000724577
0.0952	0.7017	0.999076	-0.0429654	-0.0545287	5.76421	8.65672	0.000413786
0.0902	0.6868	0.999033	-0.0378701	-0.0573811	5.76425	8.65711	0.000592073
0.0774	0.6445	0.998813	-0.0224661	-0.0677178	5.76221	8.65613	0.00132811
0.0339	0.6766	0.998674	-0.00972542	-0.0464775	5.76	8.65261	0.000916201
0.0115	0.656	0.998502	-0.0180269	-0.0394234	5.75798	8.65087	0.000414601
0.0336	0.6505	0.998599	-0.0200713	-0.0458569	5.75941	8.65249	0.000530015
0.0512	0.6956	0.998816	-0.0251931	-0.0378025	5.76161	8.65369	0.00158416
0.0596	0.733	0.998858	-0.00134554	-0.0227474	5.76184	8.6529	0.0014841
0.0495	0.754	0.998787	-0.0165811	-0.0245477	5.76112	8.65261	0.00106265
0.0028	0.8027	0.998738	-0.0189113	-0.0357945	5.76024	8.6521	0.00223711
0.0008	0.7722	0.998447	-0.023379	-0.031569	5.75747	8.65041	0.00049591
0.0034	0.7685	0.998525	-0.0218526	-0.0320454	5.75833	8.65101	0.000128791
0.0187	0.7639	0.998666	-0.0208781	-0.0375304	5.75993	8.65235	0.00199598
0.0569	0.8232	0.998885	-0.0263587	-0.0271681	5.76186	8.65316	0.0022116
0.1075	0.8364	0.999057	-0.0406256	-0.00391857	5.76402	8.65503	0.000946763
0.0657	0.8566	0.998833	-0.0322444	-0.0134068	5.76157	8.65306	0.000433442
0.093	0.8422	0.998875	-0.0409103	-0.00514419	5.76188	8.65341	0.000564787
0.0857	0.8627	0.998828	-0.039186	-0.00286329	5.7615	8.65316	0.000896788
0.0596	0.8534	0.998863	-0.0293009	-0.0186856	5.7619	8.65329	0.00012713
0.0519	0.886	0.998788	-0.0250508	-0.008045	5.76095	8.65226	0.00104907
0.0114	0.8371	0.998759	-0.0143685	-0.0275452	5.76077	8.65237	0.00193976
0.0353	0.9299	0.998731	-0.0165504	0.00424212	5.76043	8.65177	0.000357927
0.036	0.9117	0.998747	-0.0182998	-0.00289697	5.76058	8.65189	0.000426655
0.0353	0.9426	0.998684	-0.0167084	0.00925275	5.75991	8.65143	0.000132358
0.0197	0.9507	0.998745	-0.0116598	0.00948028	5.76045	8.65165	0.00057051
0.0368	0.9529	0.998627	-0.0140579	0.0106656	5.75937	8.65109	0.00123182
0.0308	0.9593	0.998649	-0.012843	0.010826	5.75959	8.65121	0.000505668
0.1079	0.9591	0.998463	-0.0272373	0.0166228	5.75783	8.65054	0.00179585
0.0595	0.9999	0.998488	-0.01514	0.021216	5.75805	8.6505	0.00133939
0.1222	0.9299	0.998521	-0.0367796	0.0101674	5.75854	8.65134	0.000663793
0.0925	0.9291	0.998618	-0.0298362	0.00950579	5.7594	8.65155	0.00116101
0.0525	0.9242	0.998712	-0.0238673	0.006322	5.76022	8.65178	0.00077532
0.0709	0.8927	0.998747	-0.0316771	0.00230462	5.76055	8.65218	0.00100619
0.1494	0.9181	0.998523	-0.0395277	0.0154239	5.7586	8.65158	0.00131028
0.1931	0.9053	0.998387	-0.0426126	0.0272008	5.7578	8.65193	0.00118248
0.1794	0.9499	0.998256	-0.0386867	0.0255235	5.756	8.65015	0.000952708
0.1768	0.9895	0.998101	-0.043989	0.0268893	5.75444	8.64942	0.000733403
0.1805	0.9934	0.997845	-0.0439058	0.0288438	5.75195	8.64794	0.000109065
0.1536	0.9904	0.998125	-0.0368982	0.028034	5.75471	8.64936	0.00059599
0.2557	0.9829	0.997665	-0.0501415	0.0277749	5.75002	8.64686	0.00147877
0.2	0.9942	0.99799	-0.0479755	0.0309654	5.75323	8.64885	0.000621413
0.2555	0.9672	0.99783	-0.0407682	0.0263761	5.7519	8.6478	0.000766382
0.2	0.9562	0.998061	-0.0396051	0.0282372	5.75419	8.64923	0.00104026
0.2499	0.8977	0.997815	-0.0452799	0.0357433	5.75554	8.65387	0.00214209
0.1973	0.9401	0.998143	-0.0394097	0.0283199	5.75569	8.65077	0.00137741
0.1937	0.8865	0.998561	-0.0547829	0.0263675	5.7605	8.65504	0.00130292
0.2393	0.8577	0.998461	-0.12181	0.022681	5.75964	8.66046	0.000797577
0.2428	0.8482	0.998423	-0.151165	-0.0088535	5.76022	8.66545	0.000478509
0.1735	0.8602	0.998821	-0.0627054	0.0125283	5.76181	8.65496	0.00123592
0.1641	0.8902	0.99869	-0.0455646	0.018092	5.76053	8.65333	0.000866248
0.1244	0.8711	0.998806	-0.0438763	0.00226773	5.7613	8.65324	0.00151803
0.186	0.8142	0.998857	-0.0766553	-0.0235274	5.76406	8.65921	0.00131701
0.1393	0.8456	0.998938	-0.0471126	-0.00304913	5.7627	8.65435	0.000621066
0.209	0.7684	0.998576	-0.129968	-0.099039	5.76532	8.67366	0.00189481
0.2227	0.8365	0.998828	-0.112662	-0.0103598	5.76328	8.66146	0.00115936
0.2267	0.8223	0.999045	-0.127166	-0.0317823	5.76427	8.66327	0.00121624
0.2408	0.8329	0.9989	-0.139742	-0.0312688	5.7624	8.66336	0.000699393
0.3036	0.8506	0.998002	-0.20976	-0.051151	5.75221	8.6689	0.0011949
0.2829	0.839	0.998432	-0.206239	-0.0613813	5.75575	8.67033	0.00135557
0.279	0.7902	0.998857	-0.238867	-0.142748	5.75726	8.68448	0.00213742
0.3069	0.8167	0.999171	-0.267644	-0.0975509	5.75537	8.68079	0.00041125
0.3638	0.827	0.998718	-0.343195	-0.0985814	5.74447	8.69152	0.00177635
0.3813	0.7857	1.00054	-0.497289	-0.161779	5.72312	8.71678	0.000755326
0.3563	0.886	0.997084	-0.187156	-0.012648	5.74595	8.66172	0.000989006
0.3827	0.9126	0.997376	-0.075002	-0.0174005	5.7505	8.65141	0.000280908
0.3403	0.8816	0.996911	-0.183998	-0.0180215	5.7525	8.67259	0.00101549
0.332	0.8826	0.997443	-0.172497	-0.0177904	5.75696	8.67262	0.000435088
0.3018	0.8752	0.997591	-0.159257	-0.025674	5.75642	8.6685	0.00113414
0.2622	0.8794	0.997753	-0.10518	-0.00277917	5.75937	8.66405	0.00113394
0.2623	0.9587	0.997969	-0.0283543	0.0305524	5.7529	8.64779	0.00115682
0.2957	0.9204	0.997709	-0.0399315	0.0206927	5.75134	8.64783	0.00107005
0.2757	0.9314	0.997792	-0.034224	0.0286222	5.7518	8.64779	0.000559266
0.2813	0.9668	0.997699	-0.0371664	0.0315857	5.75085	8.64736	0.000276255
0.289	0.9754	0.997707	-0.0399029	0.0291962	5.75056	8.64688	0.00022232
0.2954	0.9786	0.997667	-0.0387157	0.0282399	5.75036	8.64686	0.000527777
0.3173	0.9847	0.997617	-0.0369708	0.0297686	5.74997	8.64668	0.00095811
0.3499	0.9911	0.997634	-0.0442487	-0.00608257	5.74995	8.64639	0.000835046
0.3847	0.9613	0.997692	-0.0432933	0.00477035	5.7508	8.64711	0.000406288
0.3069	0.9517	0.997713	-0.0333411	0.0338718	5.75102	8.64743	0.000735395
0.3397	0.9416	0.997706	-0.0410455	-0.00516335	5.75057	8.64655	0.00104778
0.3618	0.9438	0.997623	-0.0433495	-0.0181493	5.75009	8.64679	0.000818386
0.4029	0.9559	0.997742	-0.0409793	-0.0141468	5.75195	8.64839	0.000630238
0.4286	0.9441	0.997752	-0.0370635	-0.0201466	5.75281	8.64954	0.00124543
0.3865	0.9689	0.997963	-0.0448868	0.000428481	5.75367	8.64913	0.000108442
0.3929	0.9802	0.997923	-0.0399334	-0.0124797	5.75372	8.64943	0.000111138
0.397	0.9862	0.997686	-0.0374958	-0.0204583	5.75222	8.64926	0.000562093
0.41	0.9954	0.997596	-0.0313357	-0.0260678	5.75275	8.65075	0.00189238
0.4857	0.9744	0.998042	-0.0128669	-0.0405673	5.7552	8.65064	0.00025541
0.4653	0.9933	0.998179	-0.0103449	-0.0902745	5.75753	8.65617	0.00111502
0.4946	0.9719	0.999083	-0.0130782	-0.00939225	5.76393	8.65396	0.00110613
0.4813	0.9683	0.998777	0.00361968	-0.0688973	5.76123	8.65481	0.000685291
0.4949	0.9355	0.999195	-0.0240711	-0.0400378	5.76186	8.65084	0.000740901
0.4693	0.9334	0.998171	-0.044228	-0.0648689	5.75842	8.65653	0.000671753
0.4674	0.8978	0.99793	-0.176159	-0.0448838	5.7567	8.66949	0.00105141
0.4695	0.901	0.998408	-0.14725	-0.0408353	5.7569	8.66079	0.000403888
0.4492	0.8548	0.997855	-0.360059	-0.0424001	5.74699	8.70473	0.00236758
0.3931	0.9017	0.997424	-0.139179	-0.0338537	5.75099	8.65901	0.00166966
0.392	0.9224	0.997524	-0.0587012	0.00283276	5.75057	8.649	0.000738533
0.3879	0.862	0.997664	-0.294405	-0.0503843	5.74919	8.68859	0.000473637
0.4057	0.8481	0.998071	-0.35717	-0.0629987	5.74805	8.7045	0.00110102
0.3958	0.8017	1.00088	-0.449686	-0.130812	5.7307	8.69817	0.000957496
0.4123	0.8437	0.998483	-0.37083	-0.0593526	5.74445	8.70028	0.000852225
0.4316	0.7914	1.00278	-0.54218	-0.110611	5.71146	8.69651	0.00075745
0.479	0.8263	1.00079	-0.466018	-0.0128983	5.73623	8.70623	0.00119332
0.45	0.8046	1.00075	-0.511593	-0.0748086	5.71965	8.70669	0.000939697
0.4794	0.7697	1.00622	-0.537092	-0.0049195	5.69453	8.63321	0.000613693
0.4641	0.7721	1.0128	-0.542219	-0.0219935	5.69725	8.58515	0.00161164
0.4826	0.6997	0.999736	-0.573141	-0.0076414	5.59724	8.56235	0.00139303
0.4586	0.6965	0.993531	-0.56415	-0.0753791	5.60048	8.61739	0.00153328
0.4916	0.6552	1.0029	-0.500126	0.0346876	5.52917	8.39547	0.000366695
0.4797	0.6748	1.00071	-0.547136	-0.0136828	5.55397	8.47481	0.000980003
0.4428	0.6797	0.998909	-0.528574	-0.136956	5.57519	8.521	0.00100125
0.3743	0.6491	1.00262	-0.424289	-0.347508	5.58372	8.50409	0.00213521
0.3291	0.7375	1.00574	-0.435852	-0.270094	5.71754	8.65879	0.00271594
0.4163	0.7466	1.01294	-0.521833	-0.163193	5.66873	8.54391	0.000979668
0.3622	0.7828	0.999654	-0.471552	-0.187121	5.73167	8.72917	0.00125745
0.4567	0.7856	1.00133	-0.528706	-0.0433399	5.70631	8.68878	0.000728661
0.2777	0.6915	1.00488	-0.328597	-0.367314	5.71714	8.65548	9.08882e-05
0.3162	0.6942	1.00583	-0.384133	-0.351288	5.69055	8.62179	0.00162194
0.2924	0.7637	1.00115	-0.345487	-0.229031	5.75054	8.70182	0.000849471
0.2726	0.7583	1.00042	-0.314204	-0.224996	5.75283	8.70032	0.000711088
0.2647	0.697	1.00432	-0.292725	-0.349987	5.73393	8.66795	0.00030546
0.2587	0.7279	1.00217	-0.286711	-0.271886	5.75231	8.68781	0.0008479
0.2733	0.6799	1.0063	-0.288048	-0.394173	5.72618	8.65465	0.000483508
0.2604	0.6851	1.00361	-0.273794	-0.385068	5.73178	8.67836	0.0010288
0.2805	0.6882	1.00578	-0.320846	-0.365595	5.71847	8.64672	0.000269545
0.2924	0.6628	1.00617	-0.304116	-0.40571	5.6929	8.61551	0.000531905
0.3109	0.6539	1.00789	-0.328716	-0.422483	5.67024	8.58202	0.000412272
0.3281	0.662	1.00691	-0.37002	-0.387043	5.64955	8.55954	0.00141443
0.3133	0.6343	1.00651	-0.29974	-0.450572	5.64563	8.56014	0.00186581
0.3485	0.5948	1.00191	-0.249615	-0.465167	5.56773	8.47501	0.00112902
0.3679	0.6141	1.0019	-0.338732	-0.402418	5.55392	8.4534	0.00171183
0.2781	0.6439	1.00657	-0.263678	-0.444408	5.69647	8.62242	0.000714635
0.2573	0.6328	1.00425	-0.212268	-0.464109	5.70298	8.64851	0.00035963
0.2557	0.6088	1.00561	-0.161162	-0.499553	5.6943	8.63157	0.00147739
0.319	0.5425	1.00254	-0.0628179	-0.560915	5.58054	8.50889	0.00020488
0.3008	0.5767	1.00468	-0.138676	-0.538222	5.62141	8.54726	0.0031307
0.3275	0.5407	1.00502	-0.0686436	-0.564479	5.56017	8.46023	0.00136218
0.3596	0.5815	1.00172	-0.227518	-0.465698	5.52725	8.41099	0.00071213
0.394	0.5667	1.00544	-0.212678	-0.387662	5.47085	8.25965	0.000986775
0.397	0.5352	1.00309	-0.0844852	-0.404517	5.4417	8.22282	0.000706973
0.4264	0.5735	1.01025	-0.250341	-0.261463	5.42433	8.1195	0.000227248
0.434	0.5422	1.01529	-0.147579	-0.247248	5.39357	8.01001	0.00111102
0.4158	0.5725	1.00775	-0.243939	-0.299426	5.44228	8.17525	0.000423961
0.4292	0.5791	1.00874	-0.287078	-0.239926	5.43262	8.1483	0.000179853
0.4116	0.582	1.00497	-0.289504	-0.317657	5.46517	8.24955	0.00032613
0.4187	0.5861	1.00427	-0.314502	-0.292594	5.45359	8.23784	0.00152247
0.4569	0.6128	1.00642	-0.395396	-0.0997457	5.4629	8.22526	0.000762854
0.4562	0.6424	1.00364	-0.49212	-0.12508	5.50912	8.36264	0.00223392
0.4443	0.5763	1.01169	-0.281091	-0.169882	5.42028	8.09043	0.000277947
0.4471	0.5729	1.01286	-0.259424	-0.160306	5.41228	8.06187	0.00060159
0.4801	0.5676	1.01675	-0.263259	-0.057771	5.39185	7.99085	0.000328412
0.4899	0.5551	1.02047	-0.238379	-0.0188721	5.37533	7.92981	0.000276403
0.5011	0.5634	1.01761	-0.2678	0.0403414	5.38384	7.97268	0.00058084
0.519	0.514	1.02423	-0.0870555	0.149977	5.33522	7.82854	0.000354913
0.5147	0.5223	1.0249	-0.130893	0.104894	5.34366	7.8348	0.000220733
0.5164	0.6023	1.0054	-0.384515	0.126437	5.43945	8.19724	0.000463065
0.5062	0.6125	1.00524	-0.432458	0.0644468	5.44949	8.2272	0.000903997
0.5115	0.6141	1.00285	-0.430576	0.0956925	5.44353	8.23939	0.000249542
0.6142	0.6066	0.99968	-0.352572	0.462765	5.54231	8.48536	0.00106163
0.58	0.6067	1.00149	-0.374922	0.35595	5.49859	8.36927	0.00115911
0.5579	0.5884	1.00439	-0.340934	0.295588	5.45092	8.24245	0.00087928
0.6289	0.5844	0.999475	-0.295112	0.509929	5.54171	8.49049	0.001676
0.5644	0.559	1.00461	-0.25729	0.328684	5.41588	8.17367	0.00105063
0.5211	0.5368	1.02071	-0.190329	0.141424	5.35932	7.90402	0.00109103
0.698	0.5393	0.999455	-0.145032	0.584326	5.62223	8.61918	0.00095524
0.6837	0.5562	0.99947	-0.187588	0.577853	5.60754	8.60033	0.000323046
0.6794	0.5568	0.999422	-0.191219	0.579006	5.60121	8.59258	0.000101
0.7398	0.583	0.996693	-0.191526	0.531056	5.6807	8.70867	0.00106436
0.7433	0.549	0.999361	-0.123226	0.549554	5.67875	8.68218	0.00104171
0.7107	0.6092	0.999161	-0.236414	0.521509	5.66756	8.67241	0.0004831
0.7242	0.6158	0.997071	-0.224436	0.506064	5.68091	8.69964	0.000428968
0.6951	0.5873	0.999988	-0.223687	0.541125	5.64015	8.63175	0.000154222
0.6931	0.6087	1.00037	-0.25019	0.522178	5.64824	8.63682	0.000307752
0.641	0.626	1.00021	-0.356514	0.480073	5.599	8.57549	0.000539016
0.6317	0.6312	1.00017	-0.375779	0.461276	5.5953	8.56854	0.000492916
0.6496	0.644	1.00142	-0.363081	0.462817	5.63196	8.60893	0.000698056
0.6368	0.6631	1.00249	-0.399281	0.42409	5.63619	8.60292	0.000590654
0.6582	0.6621	1.00116	-0.358532	0.42886	5.65501	8.62891	0.00023536
0.6652	0.6571	1.00035	-0.343149	0.441344	5.65701	8.6388	0.0010614
0.7418	0.6353	0.997116	-0.204876	0.461196	5.70552	8.71038	0.000265262
0.7084	0.6327	0.999224	-0.260665	0.486414	5.68023	8.67924	0.00123285
0.7205	0.7127	0.999746	-0.267511	0.357817	5.73272	8.70106	0.000522578
0.7217	0.6836	0.999465	-0.268432	0.41369	5.71248	8.6949	0.00145307
0.6996	0.7281	1.00049	-0.301706	0.326326	5.73291	8.69391	0.00164824
0.6704	0.6911	1.00101	-0.365318	0.387023	5.69182	8.67071	0.00149749
0.6649	0.6814	1.00167	-0.354051	0.400102	5.68215	8.65172	0.0006563
0.6431	0.7462	1.00238	-0.392954	0.289262	5.71661	8.67357	0.00077307
0.6312	0.7386	1.00288	-0.408367	0.287957	5.70526	8.65813	0.000583605
0.5821	0.7457	1.00431	-0.4833	0.210937	5.68876	8.63552	0.00120083
0.6229	0.7373	1.00373	-0.419851	0.28181	5.70387	8.65186	0.000504425
0.6249	0.699	1.00295	-0.442657	0.350485	5.66349	8.62967	0.00144252
0.6339	0.6704	1.00215	-0.405599	0.408476	5.64161	8.60997	0.000464905
0.5994	0.6354	1.0004	-0.425748	0.397675	5.56281	8.51055	0.00153997
0.51	0.6508	1.00208	-0.501732	0.0862811	5.51916	8.39115	0.000671058
0.5343	0.6335	1.00192	-0.466853	0.194034	5.49815	8.35922	0.00192201
0.571	0.6732	1.00222	-0.50374	0.282774	5.59292	8.53765	0.0015625
0.5325	0.6784	0.999815	-0.536848	0.162625	5.57227	8.51728	0.00182026
0.5374	0.7458	1.00359	-0.53872	0.122231	5.66988	8.62696	0.000237792
0.5511	0.7035	1.00309	-0.537451	0.203426	5.62153	8.57144	0.00170705
0.5155	0.7793	1.004	-0.519675	0.0492012	5.70616	8.66139	0.000663815
0.5018	0.747	1.0063	-0.564597	0.033568	5.66771	8.60825	0.00099099
0.5236	0.756	1.0041	-0.532739	0.0926086	5.68001	8.63146	0.000534148
0.5238	0.7971	1.00286	-0.497592	0.0523098	5.72401	8.68668	0.00022237
0.5825	0.7542	1.0038	-0.468666	0.199853	5.69967	8.64697	0.000215126
0.5487	0.7472	1.00425	-0.522712	0.138405	5.67821	8.62748	0.00107075
0.5797	0.872	0.997705	-0.210803	0.0456938	5.76637	8.69272	0.000565983
0.5994	0.8004	1.0021	-0.419887	0.166145	5.73987	8.69371	0.00207121
0.574	0.8411	1.00004	-0.337335	0.0786886	5.75738	8.69574	0.0011255
0.5292	0.8147	1.00277	-0.461227	0.0472307	5.73989	8.69355	0.000575843
0.5217	0.8518	0.998463	-0.346261	0.0101751	5.7547	8.70533	0.00219457
0.5011	0.8042	1.00109	-0.50119	0.0198236	5.72601	8.70548	0.000945579
0.534	0.8925	0.997085	-0.168466	0.0168054	5.7644	8.68621	0.000681598
0.5528	0.8839	0.997082	-0.198493	0.0204204	5.76326	8.69009	0.000352725
0.5661	0.909	0.998386	-0.0840763	0.0145872	5.76716	8.66837	0.00157926
0.5081	0.9114	0.998568	-0.0993551	-0.0290525	5.76429	8.66419	0.000943976
0.5169	0.917	0.999097	-0.0919975	-0.00535845	5.76677	8.66223	0.000967311
0.5417	0.9664	0.999374	0.0184243	-0.024096	5.76637	8.65543	0.00174297
0.5928	0.9529	0.999293	0.0164175	0.00994254	5.76766	8.65779	0.00149378
0.6104	0.9875	0.999495	0.0584749	-0.014714	5.76814	8.65841	0.00279109
0.5939	0.9811	0.999444	0.045064	-0.00560172	5.76789	8.65767	0.000797673
0.5975	0.9188	0.998904	-0.0428377	0.0398627	5.76749	8.66244	0.000600379
0.6091	0.898	0.998554	-0.115933	0.0455859	5.76799	8.67227	0.000497256
0.5921	0.882	0.997353	-0.18275	0.0482312	5.76509	8.68845	0.000392057
0.6272	0.9122	0.998969	-0.0401701	0.00872654	5.76677	8.65992	0.000371059
0.618	0.8743	0.997858	-0.181481	0.0724351	5.76756	8.689	0.000423963
0.6421	0.8972	0.99861	-0.0720667	0.0158685	5.76765	8.66623	0.00143871
0.6437	0.9228	0.99915	-0.00171043	0.00232879	5.76819	8.65965	0.000532982
0.6267	0.9294	0.999356	0.00641904	-0.00168375	5.76762	8.65703	0.00116052
0.662	0.9409	0.999402	0.0341621	-0.00185841	5.76685	8.65604	0.000205138
0.7445	0.9756	0.999423	0.0577265	0.00246471	5.7675	8.65791	0.00089472
0.6908	0.9853	0.999548	0.060964	-0.0132054	5.76844	8.65852	0.0011853
0.6855	0.9747	0.999514	0.0581066	-0.0127161	5.76812	8.65816	0.000509315
0.7057	0.9708	0.999483	0.0624107	-0.00913121	5.7678	8.65817	0.00116582
0.6629	0.9569	0.99951	0.0416254	-0.0108532	5.76801	8.65719	0.000869825
0.6682	0.939	0.999334	0.035593	-0.000657624	5.7673	8.65735	0.000394118
0.6873	0.8458	0.997385	-0.124913	0.0727386	5.76422	8.67944	0.00334085
0.7005	0.8014	0.999082	-0.222089	0.182557	5.76121	8.69108	0.00104019
0.7308	0.8094	0.997594	-0.112873	0.116559	5.76176	8.67665	0.0010386
0.659	0.8341	0.998631	-0.23778	0.125077	5.75925	8.68681	0.00129665
0.634	0.8149	0.999854	-0.323608	0.156212	5.75017	8.69108	0.00153804
0.6226	0.8586	0.997986	-0.206412	0.0903035	5.76681	8.69304	0.00090169
0.7057	0.7836	0.999188	-0.241035	0.221972	5.7574	8.6968	0.000248288
0.7034	0.7764	0.998886	-0.265135	0.234826	5.74908	8.69596	0.000340948
0.7135	0.7708	0.998441	-0.24909	0.245272	5.75118	8.70134	0.000748535
0.7199	0.7981	0.997781	-0.172434	0.164224	5.75305	8.67712	0.000274188
0.7369	0.7917	0.997933	-0.140885	0.151229	5.75749	8.67548	0.000703743
0.7339	0.7464	0.997779	-0.226606	0.277818	5.74745	8.70463	0.000582088
0.7764	0.8228	0.997774	-0.0425715	0.0552086	5.75953	8.661	0.000295603
0.7505	0.8139	0.99796	-0.0757334	0.128456	5.75998	8.66876	0.000492597
0.8	0.832	0.998203	-0.0165054	-0.008502	5.75629	8.65015	0.00037423
0.8031	0.8117	0.997752	-0.0602382	-0.0100497	5.75575	8.65494	0.00147974
0.8468	0.8156	0.9986	-0.00219016	0.0100565	5.75799	8.64915	0.00126653
0.8421	0.8159	0.998354	-0.0126905	-0.00418147	5.75773	8.65092	0.000780428
0.8179	0.8377	0.998336	0.00246764	-0.0335894	5.759	8.65347	0.000581665
0.8542	0.8464	0.998724	0.0277126	-0.00922527	5.76023	8.6518	0.00125074
0.8107	0.8498	0.99868	0.00390225	-0.0408605	5.76036	8.65281	0.00031951
0.7811	0.85	0.997576	-0.0233337	0.0120018	5.7577	8.65788	0.000285518
0.7647	0.8538	0.998571	-0.0315171	0.0691658	5.76249	8.65899	0.00151225
0.7793	0.8335	0.997858	-0.0419981	0.0352606	5.75835	8.65757	0.000328275
0.7556	0.8902	0.998794	0.017569	0.0315847	5.76398	8.65706	0.00251965
0.7883	0.8616	0.998684	0.0211049	-0.0163868	5.76262	8.65567	0.00039021
0.7685	0.9086	0.999364	0.0490572	-0.00191059	5.76837	8.65927	0.000198767
0.7686	0.9125	0.998958	0.0547554	-0.00681681	5.76411	8.6567	0.00106286
0.7621	0.9567	0.999271	0.0601535	0.0143073	5.76607	8.65732	0.00133439
0.7721	0.9904	0.999399	0.0564611	0.0173368	5.76721	8.65776	0.000543984
0.8206	0.9301	0.999022	0.0306014	-0.0143623	5.7636	8.65444	0.00260807
0.8433	0.9663	0.999131	0.0341533	-0.0143687	5.76435	8.65473	0.00243984
0.8004	0.9833	0.999263	0.0532782	0.0126767	5.76588	8.65669	0.00169144
0.8036	0.8808	0.998722	0.0351829	-0.0378786	5.76142	8.65453	0.00137644
0.8585	0.8775	0.998847	0.0127943	-0.0209275	5.76201	8.65329	0.00138505
0.8209	0.8581	0.998448	0.00584492	-0.0425198	5.7584	8.65194	0.00063142
0.8657	0.9097	0.998925	0.0243036	-0.0233123	5.76222	8.6532	0.00133099
0.9485	0.9006	0.998809	0.00994405	-0.0119004	5.7611	8.65207	0.00050856
0.8819	0.9336	0.998998	0.0229439	-0.0156888	5.76293	8.65345	0.00154409
0.9262	0.9683	0.998918	0.0143468	0.00428546	5.76217	8.65272	0.00145838
0.9207	0.9759	0.998983	0.0107672	0.000194767	5.76284	8.65312	0.000918041
0.8872	0.9908	0.999064	0.0204978	0.00238521	5.76376	8.65395	0.00125143
0.9883	0.9764	0.998793	-0.00133111	0.011654	5.76094	8.65192	0.000584081
0.9807	0.981	0.998782	-0.00138288	0.0100811	5.76081	8.65181	0.000811576
0.9633	0.9685	0.998839	0.00506592	0.00314173	5.76134	8.65207	0.000661663
0.9613	0.9391	0.998841	0.00757986	-0.00440464	5.7615	8.65232	0.00129145
0.9805	0.925	0.998806	0.00220152	-0.00486072	5.7611	8.65199	0.00096386
0.961	0.8969	0.998787	0.00667701	-0.015695	5.76099	8.65213	0.000980916
0.9444	0.8626	0.998758	0.00872838	-0.0196031	5.7606	8.65188	0.000394205
0.954	0.8721	0.998781	0.00491733	-0.0188609	5.761	8.65223	0.000266257
0.9355	0.8804	0.998795	0.00964496	-0.0148308	5.76094	8.65199	0.000175633
0.932	0.8736	0.998696	0.0103471	-0.0160884	5.76006	8.65155	9.23615e-05
0.9296	0.8825	0.998789	0.0114394	-0.0140023	5.76098	8.65211	0.000202875
0.9168	0.8681	0.998772	0.0118143	-0.01443	5.76083	8.65204	0.000653605
0.8987	0.7888	0.998423	-0.00809445	-0.0471316	5.75622	8.6491	0.00264544
0.8944	0.8202	0.998621	0.0148992	-0.0494667	5.75884	8.65152	0.00122992
0.9036	0.7955	0.998512	-0.00112449	-0.0501279	5.75778	8.6508	0.000567619
0.9179	0.8418	0.998671	0.000917642	-0.0148623	5.7599	8.65146	0.000614198
0.9426	0.8067	0.998558	-0.0165382	-0.0297606	5.75913	8.65175	0.00194879
0.9631	0.8593	0.998739	-0.000736335	-0.0303621	5.76043	8.65202	0.00216278
0.9299	0.7343	0.998214	0.0215051	-0.0821346	5.75499	8.65153	0.00243191
0.9618	0.7643	0.998525	-0.0307225	-0.0310198	5.75795	8.65064	0.00121218
0.9917	0.6996	0.998486	0.0023357	-0.0326769	5.75804	8.6507	0.00306272
0.9772	0.6725	0.998291	-0.0121555	-0.0287073	5.75605	8.64934	0.00046464
0.9708	0.6715	0.998081	-0.0122559	-0.0294496	5.7544	8.64871	0.000848184
0.9851	0.6364	0.99821	-0.016039	-0.0346166	5.75569	8.64975	0.00101402
0.8285	0.6429	0.995609	-0.0808704	0.238465	5.73715	8.67538	0.00111873
0.8996	0.6367	0.997585	-0.0437024	-0.0366013	5.74713	8.64319	0.000836225
0.9015	0.6506	0.998654	-0.00908781	-0.0514246	5.74846	8.63567	0.00118906
0.8432	0.6534	0.99499	-0.0434264	0.120281	5.74209	8.66469	0.00102244
0.8484	0.7131	0.99727	-0.00243501	0.0433538	5.75055	8.65038	0.00177705
0.885	0.7255	0.99732	0.0165465	-0.00553275	5.75325	8.65321	0.0019747
0.7713	0.7372	0.997907	-0.178217	0.20246	5.75667	8.68949	0.000590749
0.8094	0.7539	0.997969	-0.0330259	0.0621488	5.75463	8.652	0.00345511
0.7603	0.7661	0.997831	-0.111507	0.152886	5.75757	8.67303	0.00117026
0.7589	0.7654	0.997215	-0.12358	0.163465	5.74984	8.66985	5.68e-05
0.7543	0.7581	0.998196	-0.167332	0.217447	5.75044	8.67889	0.000465536
0.7525	0.749	0.997196	-0.191719	0.236267	5.74452	8.68731	0.000292143
0.7467	0.6601	0.996782	-0.227227	0.412997	5.7194	8.7179	0.00181168
0.7458	0.6356	0.996537	-0.20103	0.455776	5.70589	8.71265	0.000778671
0.777	0.7284	0.997482	-0.151073	0.219488	5.75032	8.68275	0.00225855
0.7868	0.6503	0.995983	-0.147132	0.337912	5.73483	8.70486	0.000753997
0.793	0.6626	0.995902	-0.141918	0.30529	5.73685	8.69735	0.0001072
0.8023	0.6761	0.995264	-0.120154	0.259679	5.74234	8.69544	0.000774913
0.878	0.6071	0.99681	-0.0463971	0.0238644	5.74605	8.64801	0.000915895
0.8878	0.5812	0.996758	-0.0588973	0.0184216	5.74579	8.64863	0.00134714
0.8412	0.6127	0.995446	-0.0926271	0.185161	5.7407	8.67187	0.0013553
0.8097	0.5771	0.994833	-0.0909014	0.376886	5.732	8.7178	0.000791198
0.7665	0.5511	0.993453	-0.106419	0.513217	5.70214	8.74694	0.000475398
0.7753	0.6248	0.995383	-0.162027	0.403303	5.72418	8.72055	0.00157557
0.7797	0.522	0.997774	-0.0902982	0.525054	5.72581	8.7498	0.00021116
0.7645	0.5472	0.996846	-0.110023	0.522258	5.69755	8.7158	0.000110975
0.7625	0.5385	0.997318	-0.111839	0.534371	5.6944	8.71359	0.000605566
0.8382	0.5421	0.994957	-0.0665041	0.241936	5.73894	8.68352	0.00120086
0.849	0.5499	0.995003	-0.0761708	0.202206	5.73841	8.67418	0.000445314
0.8705	0.5404	0.99551	-0.0491765	0.129232	5.744	8.66443	0.0012105
0.9492	0.5609	0.997931	-0.00953233	-0.0308186	5.75329	8.64835	0.00185781
0.9128	0.5139	0.996655	-0.0233681	0.0223765	5.74912	8.65315	0.000375612
0.9174	0.5344	0.997088	-0.0182925	-7.00916e-05	5.7513	8.65231	0.000842753
0.9172	0.5736	0.997306	-0.0266847	-0.0199391	5.74932	8.64784	0.00122705
0.8933	0.5894	0.996741	-0.0404607	-0.00692855	5.74722	8.64986	0.000647258
0.9211	0.6342	0.997806	-0.0317242	-0.0508617	5.75098	8.64723	0.00211202
0.9969	0.571	0.998261	0.00114778	-0.0152861	5.75651	8.64993	0.00197655
0.9955	0.6147	0.998134	-0.0142604	-0.0293087	5.75524	8.64953	0.00149402
0.9939	0.6202	0.99825	-0.0184595	-0.0303544	5.75636	8.65031	0.00030893
0.9716	0.5361	0.997799	0.013423	-0.0144679	5.75366	8.64972	0.000542091
0.9759	0.5358	0.997927	0.0172336	-0.00842803	5.75525	8.65099	0.000245877
0.9528	0.5189	0.997295	0.0142945	-0.00681257	5.75265	8.65251	0.000809511
0.9901	0.4511	0.997824	-0.00427739	0.000617286	5.75146	8.64602	0.000859815
0.9932	0.506	0.997661	0.0512806	0.0105853	5.75408	8.65272	0.00081314
0.969	0.4447	0.997867	-0.0182036	0.0221227	5.75272	8.64794	0.00264776
0.9631	0.4673	0.997634	0.0193505	0.0261427	5.75236	8.64953	0.00134237
0.9561	0.4919	0.997463	0.0289618	0.0155601	5.75329	8.65242	0.000457668
0.9503	0.4887	0.997326	0.0236122	0.0263172	5.75135	8.65079	0.00108424
0.8858	0.4395	0.997104	-0.0260595	0.0937808	5.74907	8.65339	0.0030832
0.8789	0.414	0.996783	-0.0258336	0.11011	5.75181	8.66196	0.00127368
0.9095	0.3899	0.997373	-0.020809	0.0769074	5.75016	8.65113	0.00149988
0.9157	0.3729	0.998331	-0.0151255	0.072213	5.75794	8.65407	0.000115617
0.9932	0.3382	0.998071	-0.0188403	0.0420981	5.75457	8.6496	0.000532387
0.9221	0.366	0.998045	-0.015893	0.068617	5.75447	8.65109	0.00263238
0.9614	0.3168	0.998322	-0.0107247	0.050372	5.75642	8.65047	0.00161411
0.9676	0.3368	0.998083	-0.040164	0.0408122	5.75427	8.64962	0.00159847
0.9343	0.3037	0.998404	-0.0108147	0.056689	5.75745	8.65164	0.000476174
0.9134	0.2833	0.998752	-0.00449429	0.0605378	5.76057	8.65349	0.000769723
0.9365	0.2747	0.998529	-0.00343903	0.057936	5.75849	8.65215	0.000515938
0.9342	0.2639	0.998708	0.00122265	0.0570761	5.76014	8.65301	0.000632901
0.8898	0.2715	0.998884	0.00329213	0.0685135	5.76234	8.65552	0.000643935
0.8571	0.2661	0.999409	0.012814	0.105261	5.76794	8.66264	0.00360825
0.8644	0.2802	0.998928	0.0021214	0.100678	5.76413	8.66054	0.000255172
0.8762	0.2972	0.999073	-0.0102969	0.0869838	5.76342	8.65699	0.000381755
0.8814	0.3367	0.99823	-0.0190978	0.100064	5.75687	8.6558	0.000321593
0.9134	0.3181	0.998421	-0.0256123	0.0535101	5.75769	8.65196	0.00149367
0.8341	0.3446	0.997526	0.0231738	0.228625	5.75759	8.68421	0.000330968
0.8522	0.3465	0.998012	0.0023441	0.176814	5.75673	8.66793	0.0013583
0.8346	0.4107	0.995552	-0.000617253	0.283361	5.7432	8.69344	0.000455793
0.8499	0.337	0.998138	0.00118565	0.175547	5.75948	8.67075	0.00058195
0.827	0.3368	0.997704	0.0265174	0.235133	5.75879	8.68605	0.000229825
0.8282	0.3258	0.997934	0.0187884	0.216221	5.76234	8.68496	0.000292133
0.8089	0.361	0.996819	0.0543174	0.288057	5.74736	8.69151	0.00071504
0.7697	0.3316	0.997756	0.12241	0.327727	5.74752	8.70187	0.00156558
0.777	0.3518	0.997054	0.0758942	0.358946	5.74147	8.70496	0.00105392
0.8157	0.3681	0.996331	0.034273	0.293522	5.74585	8.69418	0.00029309
0.7763	0.3926	0.996884	0.0540942	0.373182	5.73789	8.70483	0.000867585
0.7934	0.4169	0.996145	-0.0100667	0.379437	5.73962	8.71478	0.000445485
0.7814	0.4713	0.996271	-0.0077557	0.529081	5.70782	8.73378	0.00227261
0.7719	0.428	0.997492	0.0595958	0.527467	5.70725	8.72329	0.00285431
0.8012	0.4209	0.99526	-0.00168692	0.340643	5.74066	8.71002	0.000634167
0.8098	0.4425	0.993744	-0.016583	0.333275	5.73388	8.71064	0.000951375
0.8315	0.437	0.995501	-0.0169863	0.29641	5.74	8.69299	0.000729833
0.8338	0.4566	0.995339	-0.0308959	0.291952	5.74025	8.69379	0.0007178
0.8131	0.5002	0.99237	-0.048145	0.349567	5.72078	8.7094	3.75667e-05
0.827	0.4984	0.994419	-0.0499122	0.304465	5.73611	8.70006	0.000440663
0.844	0.4729	0.995487	-0.0217061	0.249022	5.74135	8.68231	0.000979172
0.813	0.4904	0.992792	-0.0325206	0.344197	5.7255	8.71036	0.000924336
0.8109	0.5053	0.992968	-0.0564331	0.360487	5.72158	8.70972	0.000684829
0.7818	0.5105	0.996446	-0.0656835	0.521896	5.71216	8.73715	0.00146322
0.7096	0.3934	1.00129	0.152046	0.536301	5.66777	8.64606	0.00173082
0.6948	0.4794	1.00032	-0.00556673	0.588664	5.61709	8.59619	0.00198728
0.671	0.4018	1.00314	0.190827	0.498648	5.62248	8.54985	0.000592363
0.709	0.3858	1.00294	0.188244	0.515109	5.6753	8.63842	0.00100062
0.6788	0.372	1.00515	0.263344	0.481586	5.6545	8.58889	0.00105104
0.6527	0.3566	1.00543	0.320645	0.425373	5.63624	8.55057	0.000924007
0.6124	0.3895	1.00048	0.322738	0.390763	5.54972	8.44899	0.00235357
0.5788	0.3584	1.00064	0.429211	0.256548	5.55277	8.44888	0.000959259
0.6463	0.4098	1.00199	0.206249	0.508105	5.57818	8.50098	0.0018691
0.599	0.4583	1.00401	0.0899458	0.43969	5.44744	8.23923	0.00160395
0.6081	0.4603	0.999565	0.0810299	0.464643	5.46868	8.31782	0.000602115
0.6487	0.4802	0.997711	0.0108076	0.57261	5.53139	8.48011	0.00207496
0.5236	0.5015	1.02553	-0.0226604	0.182687	5.3366	7.82259	0.00268167
0.5306	0.4683	1.02255	0.107238	0.17459	5.34633	7.86366	0.00139913
0.5199	0.4552	1.02275	0.183234	0.101334	5.35735	7.87922	0.000423142
0.5198	0.4324	1.01582	0.286303	0.0764049	5.38656	7.99788	0.000395777
0.51	0.4346	1.01726	0.284623	0.0303552	5.37961	7.97351	0.00026224
0.5057	0.5115	1.03825	-0.0789986	0.0484622	5.34232	7.72257	0.0010069
0.5153	0.3943	1.00579	0.413897	0.0386538	5.4472	8.21021	0.000468311
0.5139	0.3694	1.00606	0.453772	0.0197247	5.48954	8.28787	0.000888728
0.536	0.4088	1.00709	0.354074	0.134015	5.43209	8.16245	0.000603872
0.5382	0.4292	1.01262	0.279397	0.166011	5.4047	8.05885	0.000474618
0.5457	0.3832	1.00735	0.412027	0.139004	5.47935	8.25357	0.00100401
0.564	0.4278	1.00805	0.254267	0.287734	5.43169	8.15619	0.00145444
0.6234	0.3332	1.00529	0.396514	0.324905	5.63005	8.53201	0.0017861
0.635	0.3236	1.00554	0.385415	0.33583	5.65401	8.56497	0.000432588
0.5578	0.3529	1.00095	0.452598	0.184192	5.53933	8.42048	0.00048987
0.552	0.332	1.00132	0.494402	0.157177	5.57228	8.48201	0.00219006
0.4985	0.2957	1.00388	0.55842	-0.0921934	5.60939	8.54177	0.000637412
0.5266	0.3428	1.00155	0.478649	0.0374588	5.54423	8.41876	0.00139218
0.5334	0.2698	1.00684	0.522362	0.0188417	5.66251	8.57266	0.00038943
0.5213	0.2854	1.00599	0.565949	-0.00796104	5.62848	8.55261	0.00058364
0.4977	0.2685	1.00526	0.538447	-0.0761131	5.65482	8.5857	0.000750513
0.5339	0.288	1.00624	0.556252	0.0538052	5.62694	8.54424	0.00104648
0.5879	0.2634	1.00893	0.487508	0.140049	5.68627	8.58255	0.00129365
0.6107	0.2741	1.0085	0.446708	0.216815	5.69135	8.58831	0.0021378
0.6651	0.3149	1.00655	0.333781	0.35884	5.69186	8.60233	0.000416618
0.6728	0.2806	1.00525	0.323892	0.299598	5.72257	8.63636	0.00139432
0.6505	0.3179	1.00717	0.363202	0.349533	5.67301	8.57594	0.00094325
0.6833	0.3198	1.00459	0.286031	0.388377	5.7003	8.6277	0.000751472
0.6708	0.3416	1.0057	0.297183	0.426707	5.67062	8.59292	0.00102713
0.6413	0.3526	1.00488	0.340397	0.397698	5.62297	8.53054	0.000634261
0.7361	0.3083	1.00032	0.185998	0.357628	5.74294	8.69292	0.00048998
0.7371	0.3418	1.00093	0.17797	0.415061	5.72329	8.67897	0.00217684
0.6906	0.2999	1.00489	0.28766	0.342911	5.71703	8.63402	0.000439661
0.7088	0.2919	1.00497	0.247929	0.318181	5.74035	8.64926	0.000521848
0.7395	0.2833	0.999095	0.183682	0.307206	5.75219	8.70015	0.00129946
0.7227	0.2798	1.00061	0.221986	0.294234	5.74858	8.68553	0.00116498
0.695	0.203	1.0022	0.252443	0.155469	5.76511	8.67266	0.000391843
0.7278	0.2197	0.99991	0.206757	0.188373	5.7723	8.69834	0.00144994
0.7069	0.1745	1.00277	0.202538	0.100266	5.77212	8.65982	0.00122507
0.7134	0.1546	1.00142	0.170205	0.0554833	5.78205	8.67679	0.000138297
0.6969	0.1535	1.00164	0.207373	0.0606666	5.77669	8.6742	0.00089439
0.7142	0.1492	1.00106	0.160248	0.0428091	5.78039	8.67517	0.000141767
0.6513	0.1631	1.00266	0.299387	0.0872534	5.76727	8.67656	0.00124161
0.6366	0.1515	1.0023	0.302372	0.0627914	5.76362	8.67326	0.00141714
0.6784	0.2021	1.003	0.281835	0.157216	5.76175	8.66885	0.00094022
0.6259	0.2063	1.00519	0.367587	0.128611	5.74822	8.65368	0.000477583
0.6532	0.2122	1.00538	0.329667	0.162597	5.75616	8.65557	0.000813269
0.6576	0.2337	1.00494	0.337375	0.194708	5.74371	8.64912	0.000598601
0.5436	0.246	1.00447	0.487203	0.0331454	5.69008	8.61634	0.000682
0.6189	0.2274	1.0055	0.382108	0.148594	5.73578	8.64062	0.000852866
0.5981	0.2475	1.00622	0.435097	0.136625	5.71175	8.61868	0.000406243
0.5325	0.1983	1.00562	0.449118	-0.039122	5.73077	8.64969	0.00109285
0.5026	0.23	1.00509	0.5041	-0.0831123	5.70589	8.64602	0.00183666
0.5	0.2325	1.00628	0.50827	-0.0849399	5.70409	8.63547	3.22733e-05
0.5361	0.1528	1.00304	0.347262	-0.00105106	5.75322	8.664	0.000695493
0.5273	0.1776	1.00412	0.410208	-0.0399942	5.7391	8.65824	0.00155803
0.5193	0.15	1.00276	0.341806	-0.0480303	5.7512	8.66265	0.00109425
0.5523	0.169	1.00558	0.420487	0.00820793	5.75455	8.67235	0.00164017
0.5782	0.153	1.00409	0.370717	0.0240138	5.7623	8.67728	0.00137825
0.617	0.1956	1.00503	0.376262	0.105525	5.74872	8.65632	0.00197826
0.5916	0.1089	1.00036	0.165909	0.023721	5.77091	8.66728	0.00132652
0.6029	0.1237	0.999707	0.224299	0.0142221	5.76523	8.67564	0.00102069
0.5735	0.1304	1.00179	0.248706	0.0338874	5.7646	8.66294	0.000822725
0.535	0.1131	1.00096	0.246926	-0.0281124	5.76413	8.66882	0.000882058
0.5185	0.0897	0.998832	0.205959	-0.0523653	5.76074	8.67379	0.000530405
0.5154	0.1173	1.00131	0.260579	-0.0553166	5.76301	8.6687	0.000585605
0.5367	0.0212	0.998893	0.0203867	-0.0564364	5.76588	8.66021	0.000404668
0.5354	0.0244	0.998789	0.0213003	-0.0592664	5.76632	8.66196	0.000570582
0.5383	0.0019	0.999173	0.00827413	-0.0447193	5.76596	8.65713	0.00105566
0.5386	0.0492	0.998125	0.0780579	-0.066384	5.76733	8.6725	0.000852311
0.5677	0.014	0.998964	0.0396703	-0.0397471	5.76817	8.6628	0.00041154
0.5849	0.0237	0.999202	0.0506013	-0.0306939	5.76827	8.66106	0.00143626
0.6554	0.0538	0.99942	0.0684853	-0.0186307	5.77038	8.66311	0.00168852
0.6607	0.0478	0.9995	0.0678996	-0.0157861	5.76972	8.66134	0.00147114
0.6652	0.0756	0.999482	0.089381	-0.0103348	5.76989	8.66337	0.00129743
0.6143	0.1011	0.999959	0.130781	-0.0152806	5.77278	8.66819	0.0013707
0.6649	0.1421	1.00124	0.221978	0.0529155	5.77436	8.67688	0.000802001
0.6522	0.1087	0.999175	0.0978746	0.00768061	5.7716	8.66938	0.00174772
0.719	0.1095	0.999538	0.0699389	0.00701931	5.77078	8.66264	0.00247285
0.7084	0.1308	1.00001	0.106359	0.0142003	5.77533	8.66866	0.000870371
0.6892	0.0551	0.99965	0.0693379	-0.0211572	5.77078	8.66182	0.000949046
0.6856	0.0417	0.999699	0.0687913	-0.0194266	5.77104	8.66173	0.000131385
0.6949	0.0289	0.999623	0.0690319	-0.0197068	5.76951	8.66011	0.000845913
0.6952	0.0012	0.999579	0.0646513	-0.0170193	5.76871	8.65895	0.000686747
0.7301	0.028	0.999578	0.0646638	0.00531049	5.76881	8.65898	0.000747447
0.7289	0.0109	0.999626	0.0685883	0.00148308	5.76914	8.6593	0.000339572
0.7468	0.0071	0.999467	0.0649616	0.00986232	5.76771	8.65834	0.000619556
0.7739	0.0012	0.999446	0.0607361	0.0177669	5.76763	8.65824	0.00049594
0.869	0.0059	0.999225	0.0283879	0.00381105	5.76522	8.65495	9.622e-05
0.866	0.0163	0.999178	0.0306027	0.00704887	5.76486	8.65489	0.00073935
0.8569	0.0559	0.999413	0.0463973	0.0278206	5.76693	8.65694	0.00182516
0.8585	0.0392	0.999176	0.0391845	0.0150935	5.7648	8.65522	0.000752761
0.8506	0.0415	0.999241	0.0431588	0.0208361	5.76551	8.65598	0.000255957
0.8205	0.0358	0.999398	0.0551128	0.0225393	5.76702	8.65752	0.00205446
0.771	0.0292	0.999546	0.0618997	0.0211318	5.76835	8.65859	0.0014981
0.7796	0.0723	0.999595	0.0618711	0.0278547	5.76912	8.65949	0.00298119
0.7605	0.1801	0.999282	0.106196	0.0778508	5.76849	8.66762	0.000302895
0.7732	0.1155	0.999779	0.0631647	0.0297098	5.77219	8.66264	0.00182781
0.7314	0.1476	0.999511	0.121167	0.0282113	5.77418	8.67325	0.00111191
0.7669	0.2161	0.999262	0.112704	0.134407	5.76852	8.67455	0.00163522
0.7494	0.2293	1.00143	0.171964	0.184174	5.77057	8.67523	0.000665406
0.7629	0.2349	1.001	0.140056	0.191163	5.77307	8.679	0.00054782
0.8574	0.1491	0.99939	0.042391	0.0516499	5.76672	8.6576	0.00102694
0.8701	0.1703	0.999162	0.0338757	0.055717	5.76491	8.65675	0.000339026
0.8189	0.1559	0.999288	0.0480913	0.0501301	5.76692	8.65895	0.00112881
0.8025	0.1388	0.999765	0.0603136	0.0358994	5.77171	8.66206	0.00099866
0.8138	0.1225	0.999453	0.0602126	0.0391995	5.76815	8.65954	0.00233328
0.8699	0.1043	0.999264	0.045993	0.0401262	5.76565	8.6567	0.00228266
0.8946	0.229	0.998992	0.00649685	0.0638942	5.7631	8.65543	0.00099137
0.9292	0.1972	0.998835	0.016981	0.0604224	5.76154	8.65436	0.000577237
0.8989	0.1867	0.999068	0.0254134	0.0585969	5.76379	8.65579	0.000932736
0.9154	0.2386	0.998782	0.00652138	0.0587951	5.76105	8.65386	0.000800643
0.8776	0.2404	0.999028	0.00819347	0.0722312	5.76415	8.65728	0.000737148
0.8954	0.2528	0.9989	0.0052941	0.0632446	5.76235	8.65505	0.000594556
0.9841	0.235	0.998364	0.00674754	0.0561937	5.75685	8.65102	0.00120179
0.9497	0.2353	0.998602	0.00639371	0.054668	5.75923	8.65245	0.000608632
0.9873	0.2606	0.998292	0.00300637	0.0527975	5.75603	8.65021	0.00100702
0.9859	0.1936	0.998376	0.0135712	0.051857	5.75698	8.65095	0.00116485
0.9877	0.19	0.998309	0.0136629	0.0513528	5.75628	8.65045	4.5155e-05
0.9956	0.1873	0.998291	0.0138227	0.0511192	5.75612	8.65037	0.000317085
0.954	0.1117	0.998757	0.0163948	0.0409443	5.76062	8.65265	0.00158577
0.9545	0.1784	0.99865	0.01604	0.0516003	5.75965	8.65261	0.000817533
0.9383	0.0886	0.998925	0.0211997	0.0278516	5.76235	8.65343	0.00161242
0.9364	0.1489	0.998746	0.0209678	0.0477363	5.76064	8.65317	0.000670503
0.8834	0.0869	0.999129	0.0371336	0.0307644	5.76406	8.65479	0.00140883
0.8738	0.0751	0.999224	0.0411241	0.0242648	5.76521	8.65567	0.000738905
0.9159	0.0262	0.999047	0.0217486	0.0109769	5.76346	8.65374	0.00214022
0.9117	0.0158	0.999014	0.0177532	0.00858084	5.76312	8.6534	0.00068528
0.9503	0.0019	0.998861	0.0066855	0.0118432	5.76165	8.65243	0.00177527
0.9582	0.0545	0.998843	0.016325	0.0280056	5.76136	8.65258	0.00113503
0.9634	0.0647	0.998761	0.0151102	0.0314968	5.76059	8.65222	0.000939535
0.9958	0.0498	0.998677	0.00360596	0.0239777	5.75977	8.6514	0.00182381
