1023	3.00004
0.4049	0.7051	1.00349	-0.251993	-0.128005	5.70572	8.56872	0.00134602
0.363	0.2851	1.00244	0.216657	-0.16473	5.72423	8.60251	0.000398572
0.9231	0.5021	0.995721	0.0248557	0.14729	5.74622	8.66753	0.000526908
0.6773	0.9643	0.996913	-0.0269106	0.0354429	5.75405	8.65879	0.000309482
0.0164	0.4523	0.996559	0.0282579	-0.0166369	5.74675	8.65042	0.00155941
0.3348	0.2172	0.997513	0.196511	-0.1393	5.73531	8.65342	0.000797244
0.0428	0.6403	0.997553	-0.0277871	-0.0473858	5.75266	8.65166	0.000315725
0.1198	0.766	0.997245	-0.0411235	-0.0876026	5.75266	8.65751	0.00120941
0.0296	0.8986	0.99765	-0.00891417	-0.0138483	5.75004	8.6455	0.000501787
0.2933	0.9484	0.997331	-0.0414933	-0.0230943	5.74926	8.64809	0.000450612
0.8302	0.5625	0.996778	-0.0389877	0.235921	5.73555	8.65972	0.00133117
0.4047	0.6924	1.00446	-0.240024	-0.133537	5.69873	8.54789	0.00020955
0.6355	0.7641	0.999609	-0.244086	0.126248	5.73071	8.63718	0.00110094
0.6709	0.5165	1.00978	0.00143352	0.251697	5.68914	8.48278	0.00143726
0.6815	0.457	1.00535	0.074936	0.2688	5.69747	8.5397	0.0023887
0.4285	0.093	0.996097	0.178068	-0.041544	5.74758	8.67187	0.00270723
0.1499	0.2351	0.995796	0.0671759	-0.099653	5.74653	8.66341	0.000721798
0.0846	0.1729	0.997249	0.00206233	0.00473682	5.74604	8.64285	0.000692726
0.0381	0.1014	0.997424	-0.0032052	0.00968262	5.74782	8.64404	3.11799e-05
0.1659	0.2009	0.996275	0.0515136	-0.0780358	5.75085	8.66291	0.000844973
0.1852	0.185	0.996146	0.0728668	-0.0644594	5.74596	8.65703	0.00264225
0.2954	0.0443	0.996983	0.022263	-0.0312895	5.74951	8.6511	0.00171557
0.2932	0.3003	0.998518	0.17077	-0.217473	5.72598	8.63994	0.0010254
0.3303	0.3333	1.00298	0.179825	-0.221161	5.71488	8.58751	0.000286083
0.2506	0.401	1.00052	0.10083	-0.272826	5.72341	8.62298	0.000273256
0.2437	0.4263	1.00014	0.0816116	-0.287257	5.71815	8.62059	0.00144549
0.1472	0.4978	0.995322	0.0275602	-0.229579	5.74157	8.67956	0.000901415
0.054	0.3426	0.996127	0.0265022	-0.0507373	5.74416	8.65138	0.00144325
0.1171	0.6295	0.995972	-0.0319313	-0.149827	5.74709	8.66724	0.00168189
0.0732	0.6238	0.996937	-0.00868997	-0.100551	5.75182	8.65933	0.00116944
0.1484	0.7755	0.997028	-0.0639007	-0.0793898	5.75037	8.65646	0.00127523
0.0997	0.8283	0.997643	-0.0183852	-0.0337891	5.75105	8.6477	0.00146828
0.1127	0.915	0.997648	-0.0236	-0.00355464	5.74996	8.64556	0.000914216
0.0049	0.9154	0.997615	0.000161878	-0.0121013	5.74971	8.64526	0.000796848
0.1888	0.661	0.996176	-0.0898751	-0.206597	5.74362	8.67388	0.00318556
0.3141	0.8153	0.996438	-0.182326	-0.109471	5.74266	8.66739	0.00144328
0.152	0.9563	0.997538	-0.0173678	0.00134943	5.7489	8.64478	0.00123092
0.2926	0.6466	1.00384	-0.153768	-0.235066	5.71598	8.58061	0.000190633
0.2567	0.6429	1.00032	-0.123309	-0.254361	5.72484	8.62448	0.000119833
0.3171	0.5358	1.00702	-0.028258	-0.265969	5.70065	8.52712	0.000185905
0.3378	0.4447	1.00839	0.088019	-0.255176	5.6918	8.50313	0.00165051
0.6127	0.441	1.01393	0.0896533	0.196595	5.67395	8.4173	0.00122364
0.4172	0.4427	1.01802	0.100911	-0.176784	5.66162	8.36283	0.000573627
0.6219	0.8624	0.996425	-0.204717	0.0689583	5.74673	8.67436	6.13717e-05
0.5082	0.9435	0.99691	-0.110349	-0.0173239	5.75129	8.65991	0.000543065
0.4412	0.9479	0.996889	-0.106778	-0.0276572	5.74918	8.65677	0.000813834
0.9912	0.5159	0.996921	0.03198	0.0580003	5.74869	8.65186	0.00062244
0.9718	0.5216	0.996356	0.034405	0.095196	5.74756	8.65799	0.000370041
0.6763	0.7677	0.99829	-0.220238	0.141468	5.73392	8.64988	0.00165283
0.8448	0.4872	0.996033	0.019418	0.235862	5.73891	8.67066	0.00108095
0.848	0.4166	0.995825	0.0752225	0.218657	5.74078	8.67401	0.00111835
0.7672	0.385	0.998913	0.120467	0.272512	5.72485	8.641	0.00127538
0.8184	0.3195	0.995379	0.109267	0.206648	5.74114	8.67902	0.00194543
0.956	0.2626	0.997107	0.000692865	0.0117586	5.74474	8.64218	0.000903325
0.8235	0.3793	0.995532	0.0908128	0.235171	5.73616	8.67463	0.00114157
0.7829	0.2671	0.9954	0.133449	0.190199	5.74063	8.67773	0.00258616
0.4882	0.3787	1.01449	0.199731	-0.036862	5.67094	8.40556	0.00142423
0.4547	0.2272	1.00109	0.251405	-0.0546522	5.72631	8.61318	0.00133967
0.4945	0.0783	0.996278	0.175357	-0.0138459	5.75046	8.67339	0.00104788
0.4481	0.0675	0.996024	0.140693	-0.0306743	5.74812	8.66697	0.000166302
0.3823	0.1929	0.99714	0.199845	-0.101162	5.73782	8.6565	0.00150618
0.7226	0.0634	0.997682	0.0355737	0.0538787	5.75105	8.6487	0.00170468
0.7283	0.0072	0.997428	0.0252998	0.0355643	5.75216	8.65144	0.000523907
0.9156	0.1608	0.997377	-0.0126802	0.00827622	5.74722	8.64362	0.00144845
0.0346	0.0235	0.99746	-0.00486658	0.00386623	5.74813	8.64417	0.00108901
0.0563	0.0049	0.997444	-0.0112995	0.00239613	5.74834	8.64467	0.000679806
0.0297	0.0032	0.997553	-0.00671917	0.00101977	5.74913	8.64486	0.000829111
0.091	0.0528	0.997413	-0.00860614	0.0111895	5.74777	8.64412	0.00032466
0.027	0.0699	0.997438	0.000113526	0.00751788	5.74799	8.64416	0.000970836
0.1136	0.136	0.99739	0.00333668	0.00698644	5.74772	8.64418	0.00229616
0.2493	0.0431	0.9969	0.00136295	-0.0483151	5.7485	8.65073	0.00138658
0.3074	0.1233	0.995883	0.140367	-0.0937311	5.74656	8.66972	0.000555147
0.1269	0.2071	0.996771	0.0218397	-0.0551928	5.74679	8.64987	0.00076453
0.1486	0.0253	0.99741	-0.0211491	0.0128109	5.74799	8.64468	0.000622598
0.2373	0.003	0.997095	-0.0205578	-0.0111781	5.74794	8.6473	0.000230605
0.2334	0.0003	0.997462	-0.0184048	-0.0112391	5.74915	8.6459	0.0006592
0.3605	0.001	0.997517	0.00276321	-0.0189685	5.74967	8.64616	0.000456042
0.3493	0.0358	0.996887	0.0570419	-0.0280631	5.75047	8.65465	0.000536628
0.4289	0.0483	0.996238	0.108347	-0.0289694	5.75102	8.66539	0.000638165
0.4315	0.0435	0.99662	0.0949839	-0.0293026	5.75008	8.65932	0.000918957
0.44	0.055	0.996223	0.118942	-0.0311692	5.75019	8.66554	0.000736671
0.4795	0.0563	0.996345	0.124681	-0.0175763	5.75148	8.66679	0.000608319
0.3452	0.1899	0.997384	0.184679	-0.122689	5.73904	8.65572	0.000358634
0.3898	0.0713	0.995989	0.127659	-0.0475476	5.74952	8.66829	0.00112322
0.3953	0.0635	0.995751	0.122615	-0.0415426	5.74733	8.66617	0.000323265
0.3245	0.2181	0.997206	0.188272	-0.150784	5.73476	8.65533	0.000314768
0.3165	0.1986	0.997021	0.177267	-0.14427	5.7401	8.66199	0.00108726
0.3093	0.1574	0.996076	0.169423	-0.132334	5.74277	8.6712	0.00103651
0.2553	0.2563	0.996544	0.144375	-0.185827	5.74118	8.66932	0.00108924
0.2547	0.2407	0.996544	0.147312	-0.176731	5.74264	8.67029	0.000602428
0.2751	0.253	0.996769	0.16393	-0.185662	5.73544	8.66171	0.000530396
0.3043	0.2255	0.996829	0.183123	-0.156378	5.73464	8.65833	0.00133741
0.3878	0.2728	1.00432	0.237375	-0.129443	5.71943	8.57879	0.000479113
0.4643	0.2438	1.00358	0.266368	-0.0570669	5.72054	8.58726	0.00181315
0.4133	0.4387	1.01578	0.119684	-0.184066	5.66564	8.39055	0.000761448
0.4789	0.3073	1.00654	0.261423	-0.0501116	5.70047	8.53058	0.00105671
0.3567	0.4697	1.01015	0.0454745	-0.234858	5.68367	8.46842	0.00250686
0.3446	0.3339	1.00356	0.184999	-0.212809	5.70982	8.57409	0.000875525
0.3091	0.4089	1.00347	0.117155	-0.259487	5.70401	8.56697	0.000952102
0.2686	0.3842	0.99993	0.119516	-0.262755	5.72072	8.62335	0.000925111
0.1763	0.3633	0.995524	0.0857792	-0.237167	5.73681	8.67571	0.00247372
0.2326	0.3886	0.996848	0.0972222	-0.263423	5.72769	8.65813	0.00187063
0.2348	0.3461	0.996973	0.121066	-0.244645	5.73203	8.6614	0.00116811
0.2496	0.3418	0.997461	0.130699	-0.244354	5.72696	8.6507	0.000598723
0.2525	0.2894	0.996736	0.151601	-0.210054	5.73556	8.66507	0.00137909
0.1528	0.2871	0.995183	0.064459	-0.152164	5.74288	8.66966	0.000710663
0.0573	0.3714	0.995673	-0.000232622	-0.0621952	5.74013	8.64955	0.00010077
0.0569	0.2538	0.997115	0.0113314	-0.0143683	5.74632	8.64459	0.000545399
0.0186	0.3881	0.996402	-0.00557834	-0.00482968	5.74113	8.64281	0.000479206
0.0127	0.395	0.996537	-0.00601452	0.00475824	5.74261	8.64388	0.00287141
0.071	0.422	0.996161	0.0392548	-0.115007	5.74495	8.65802	0.000980256
0.1032	0.4154	0.994938	0.0399525	-0.165659	5.73898	8.66679	0.000651806
0.1712	0.5269	0.996017	0.000273415	-0.255257	5.73697	8.67246	0.000445761
0.0253	0.4892	0.99693	0.0293957	-0.0403976	5.74868	8.65082	0.0002226
0.0269	0.5218	0.996656	0.0282354	-0.0506288	5.74934	8.65462	0.00218838
0.1726	0.5474	0.995654	-0.0181497	-0.236372	5.74037	8.67624	0.000666827
0.2215	0.6127	0.998081	-0.0881007	-0.260512	5.73442	8.65598	0.000597005
0.2726	0.4994	1.00151	0.016429	-0.298328	5.70594	8.59062	0.000452433
0.1988	0.7394	0.996032	-0.111128	-0.153488	5.74977	8.67696	0.00112284
0.2335	0.6422	0.998388	-0.108479	-0.249491	5.73184	8.64865	0.000612368
0.1892	0.7525	0.995948	-0.109337	-0.131664	5.74921	8.67355	0.000483968
0.1081	0.7516	0.997147	-0.0406274	-0.0873873	5.75093	8.65571	0.000946981
0.0126	0.6593	0.997715	-0.0113178	-0.00914945	5.75228	8.6483	0.00052196
0.046	0.6304	0.997508	-0.00323489	-0.0463083	5.75278	8.65181	0.000218645
0.0528	0.8427	0.997684	-0.0120163	-0.0174807	5.75038	8.64581	0.00054584
0.0639	0.8398	0.997722	-0.0120075	-0.0176235	5.75081	8.64614	0.000336613
0.0154	0.8977	0.997618	-0.00735122	-0.01769	5.74974	8.64538	0.00126383
0.0094	0.9649	0.997548	-0.00798214	0.00070962	5.74899	8.64471	0.000672595
0.1041	0.9848	0.997547	-0.0128936	0.0023074	5.74906	8.64488	0.000782303
0.0017	0.9807	0.99755	-0.0068297	0.00253299	5.74902	8.64474	0.000847931
0.1232	0.9204	0.997604	-0.0254446	-0.00438323	5.74975	8.64567	0.000360797
0.1349	0.9915	0.997501	-0.0162981	0.0056145	5.74872	8.64483	0.00119019
0.128	0.8542	0.997569	-0.0333668	-0.0220151	5.74982	8.64654	0.000258192
0.1723	0.8324	0.996863	-0.0668565	-0.0508094	5.74964	8.65513	0.000636927
0.1653	0.826	0.997312	-0.0669647	-0.0488659	5.75107	8.6533	0.000953431
0.1541	0.7716	0.996516	-0.0771094	-0.0909814	5.74984	8.66202	0.00105292
0.3324	0.7743	0.998308	-0.220135	-0.136199	5.73727	8.65401	0.00122387
0.2995	0.7422	0.999013	-0.205942	-0.165801	5.73745	8.64963	0.000987473
0.3666	0.8011	0.99695	-0.226245	-0.110922	5.7346	8.65996	0.000878965
0.3784	0.8537	0.996268	-0.211365	-0.0710215	5.74126	8.66901	0.000603232
0.3174	0.9207	0.996285	-0.0991453	-0.0352482	5.74754	8.65899	0.00128117
0.3682	0.9211	0.996091	-0.120746	-0.0377808	5.74805	8.66392	0.000787782
0.4465	0.9451	0.996726	-0.111638	-0.0249933	5.75168	8.6624	0.000517826
0.3788	0.9797	0.997329	-0.0373952	-0.010892	5.75041	8.64948	0.000497687
0.389	0.8976	0.996018	-0.187644	-0.0530313	5.74778	8.67515	0.000323953
0.4573	0.8957	0.996153	-0.192004	-0.0324251	5.74817	8.67452	0.00138747
0.431	0.7955	0.998521	-0.26305	-0.0794398	5.73162	8.64792	0.000481772
0.4428	0.7776	1.00162	-0.273573	-0.063325	5.72554	8.61387	0.000341203
0.4811	0.6465	1.01505	-0.201718	-0.0328434	5.67982	8.41428	0.000787521
0.4822	0.6982	1.00633	-0.271701	-0.0239606	5.69162	8.5209	0.000315433
0.4154	0.7335	1.0027	-0.258031	-0.11135	5.71456	8.58826	0.00216067
0.3933	0.6797	1.00502	-0.224644	-0.148487	5.70086	8.54487	0.0025077
0.2853	0.6966	1.00079	-0.186556	-0.204774	5.73035	8.62711	0.000388408
0.3024	0.7088	1.00091	-0.202027	-0.194257	5.7288	8.62463	0.000740475
0.4213	0.5186	1.02408	-0.0285044	-0.148945	5.65707	8.29756	0.00040248
0.3376	0.5542	1.00844	-0.058747	-0.249798	5.69014	8.49668	0.000779405
0.3662	0.5482	1.01163	-0.0476877	-0.226071	5.6814	8.4508	0.00117574
0.4524	0.6057	1.01934	-0.1577	-0.0860763	5.67016	8.35999	0.000572137
0.4762	0.5775	1.02224	-0.131673	-0.04959	5.66097	8.31664	0.000902537
0.4812	0.5379	1.0268	-0.0852677	-0.0508064	5.65309	8.26321	0.00133467
0.5746	0.5568	1.01954	-0.0846331	0.132296	5.66245	8.34321	0.00237723
0.5205	0.596	1.02075	-0.141945	0.0396375	5.66169	8.33077	0.00113314
0.664	0.6042	1.00793	-0.135428	0.222958	5.69705	8.51235	0.000863396
0.6776	0.5805	1.00764	-0.0913997	0.245372	5.69542	8.51264	0.000874696
0.6925	0.6157	1.00544	-0.141313	0.233635	5.70779	8.55267	0.00069473
0.6987	0.5856	1.00561	-0.0864877	0.259202	5.70645	8.54929	0.000976235
0.6277	0.6966	1.00437	-0.228799	0.159287	5.70945	8.56579	0.000729778
0.6342	0.7587	1.00108	-0.251076	0.127693	5.7289	8.62378	0.000225697
0.6518	0.7565	1.00033	-0.233912	0.141092	5.73344	8.63463	0.00043961
0.6059	0.7522	1.00159	-0.255064	0.102107	5.72298	8.6086	0.00039737
0.5984	0.6658	1.00842	-0.217069	0.127973	5.6945	8.50216	0.000747277
0.5265	0.7377	1.00505	-0.278219	0.031531	5.70881	8.55937	0.00110863
0.5569	0.8363	0.997485	-0.236717	0.0405017	5.73772	8.65713	0.00110499
0.5128	0.8257	0.998063	-0.262578	1.62524e-05	5.73592	8.65505	0.00043808
0.5367	0.7988	0.999422	-0.266922	0.0418738	5.7296	8.63588	0.00159487
0.5404	0.8722	0.99692	-0.222522	0.0210588	5.74658	8.67149	0.000702598
0.5732	0.8829	0.99633	-0.199546	0.0349754	5.75067	8.6783	0.00036916
0.5494	0.9819	0.997805	-0.0308567	-0.0279335	5.75319	8.64963	0.000705685
0.5936	0.9107	0.996255	-0.134162	0.0327316	5.75256	8.67081	0.000354783
0.6862	0.917	0.996213	-0.100581	0.0504874	5.75217	8.66738	0.00255309
0.6887	0.9412	0.996665	-0.0500898	0.0465357	5.75326	8.66111	0.000823587
0.6095	0.8674	0.996996	-0.217379	0.0591024	5.74815	8.67357	0.000395808
0.6348	0.8611	0.995992	-0.194308	0.0778929	5.74436	8.67313	0.000942475
0.5905	0.769	1.00094	-0.265542	0.081398	5.72754	8.62184	0.00121945
0.8802	0.7208	0.996265	-0.0700034	0.128716	5.746	8.66204	0.000423135
0.7276	0.7178	0.999146	-0.176709	0.201137	5.73273	8.64228	0.00120532
0.7669	0.8082	0.996041	-0.127059	0.129119	5.74599	8.66965	0.00064758
0.7984	0.8696	0.9963	-0.0675532	0.0705653	5.74932	8.66078	0.000341861
0.7487	0.9415	0.996738	-0.0391048	0.0567721	5.75087	8.65691	0.00166222
0.8859	0.8828	0.997276	-0.00201481	0.0148922	5.7492	8.64747	0.00141749
0.9214	0.8355	0.997373	0.00103305	0.00347477	5.74837	8.64526	0.000591081
0.9051	0.908	0.997536	0.0139676	-0.00447425	5.74929	8.64535	0.00112059
0.9218	0.9021	0.997579	0.0137938	-0.00168375	5.74944	8.64518	0.00101714
0.9016	0.8224	0.997519	-0.0183998	0.0444339	5.74956	8.64695	0.000398657
0.9421	0.7667	0.997381	-0.0466012	0.00032004	5.74783	8.64547	0.000847668
0.9752	0.7409	0.997943	-0.0239339	-0.0132153	5.7514	8.64525	0.00117514
0.8606	0.684	0.996476	-0.0749738	0.16528	5.75008	8.67209	0.00132696
0.8967	0.6912	0.996724	-0.0591371	0.119983	5.75065	8.66327	0.00120166
0.926	0.6839	0.997418	-0.0442229	0.0699871	5.75084	8.65202	0.00163652
0.8444	0.6619	0.996342	-0.0820179	0.188602	5.74645	8.67247	0.000604643
0.8142	0.663	0.997929	-0.101092	0.215692	5.74459	8.66314	0.000382392
0.805	0.6748	0.997062	-0.10986	0.21019	5.74234	8.66701	0.000603061
0.757	0.5567	1.00285	-0.0507553	0.277345	5.72069	8.59641	0.000123217
0.7483	0.5776	1.00129	-0.0744765	0.269618	5.72042	8.60869	0.00105031
0.7892	0.6616	0.998762	-0.125099	0.227259	5.73753	8.65061	0.000744744
0.8111	0.5883	0.998751	-0.0628002	0.253249	5.73589	8.64863	0.00144416
0.93	0.6506	0.997217	-0.0464176	0.0812134	5.75229	8.65689	0.000936609
0.9379	0.555	0.996371	-0.00365405	0.112888	5.75112	8.66448	0.000589063
0.8955	0.3614	0.995395	0.0713508	0.150153	5.74369	8.66921	0.00121977
0.8863	0.54	0.995582	-0.0012256	0.18271	5.74484	8.67219	0.000908318
0.8993	0.4918	0.995269	0.0187025	0.167905	5.74349	8.67045	0.00193057
0.8793	0.3439	0.995105	0.0810938	0.161238	5.74031	8.66911	0.000193226
0.8823	0.3286	0.995256	0.0775022	0.145331	5.74122	8.66644	0.000595523
0.8899	0.2996	0.995553	0.0644023	0.106968	5.74293	8.66067	0.000517025
0.8566	0.2976	0.995298	0.0843747	0.157395	5.74083	8.66787	0.000831788
0.6754	0.2533	0.996833	0.191473	0.168193	5.72956	8.65412	0.00166739
0.7205	0.3059	0.99724	0.169167	0.220239	5.72556	8.65067	0.000709023
0.6963	0.5055	1.00586	0.01757	0.280437	5.70432	8.5461	0.00136411
0.7052	0.522	1.00559	-0.00557846	0.282988	5.70576	8.55114	0.00103518
0.7806	0.5375	1.00056	-0.0197061	0.279703	5.73127	8.63137	0.00106974
0.662	0.5433	1.01	-0.0655968	0.243882	5.68791	8.47927	0.000904644
0.6717	0.403	1.00567	0.119961	0.24264	5.69976	8.53803	0.00061106
0.6382	0.5444	1.01548	-0.060854	0.206269	5.67734	8.40934	0.00128646
0.6159	0.5151	1.01716	-0.00603142	0.182684	5.66828	8.37569	0.00294364
0.5818	0.4428	1.01855	0.102756	0.141946	5.66514	8.35828	0.000993939
0.5021	0.4266	1.02262	0.156749	-0.00396162	5.65287	8.30404	0.000498312
0.5054	0.403	1.0193	0.178713	0.000107989	5.66191	8.34799	0.000676037
0.4901	0.3165	1.00987	0.248058	-0.0293377	5.69132	8.4847	0.0010144
0.5363	0.2497	1.0039	0.265508	0.0327291	5.72044	8.5831	0.000365579
0.5403	0.2651	1.00383	0.267436	0.0528537	5.71204	8.57252	0.000496115
0.5661	0.373	1.01423	0.195882	0.121932	5.6785	8.42485	0.000904177
0.6169	0.2497	0.99926	0.223864	0.134378	5.72431	8.62691	0.00100268
0.6787	0.2231	0.997267	0.20021	0.148064	5.73765	8.66107	0.000352526
0.7457	0.2132	0.995504	0.138364	0.158624	5.74322	8.67589	0.000743826
0.6898	0.216	0.996548	0.192236	0.148524	5.7397	8.66887	0.00045857
0.659	0.2254	0.997359	0.209638	0.145482	5.73364	8.6558	8.33815e-05
0.572	0.2433	1.0009	0.248632	0.0789654	5.72466	8.6133	0.00197082
0.5084	0.134	0.996686	0.204119	-0.00540207	5.74558	8.66787	0.000244685
0.5434	0.0364	0.997347	0.0887485	-0.00767634	5.754	8.65793	0.000569805
0.5321	0.1255	0.996515	0.197768	0.0185236	5.74688	8.6702	0.000520771
0.5128	0.0688	0.996313	0.151584	-0.0121841	5.75188	8.67131	0.00049559
0.5464	0.0769	0.996288	0.15384	0.00418037	5.75236	8.67253	0.00142603
0.563	0.0084	0.997884	0.024866	-0.0218808	5.75398	8.64983	0.000458696
0.5949	0.0529	0.996893	0.102753	0.016984	5.75477	8.66448	0.00202439
0.7982	0.0181	0.997686	0.0214664	0.017919	5.75056	8.64623	0.00052603
0.8693	0.0037	0.997677	0.00935985	0.00506491	5.75018	8.64541	0.000218827
0.8693	0.1633	0.997236	-0.001001	0.0410537	5.7461	8.64388	0.000706325
0.7567	0.1746	0.996495	0.0962694	0.118935	5.74821	8.66434	0.00152831
0.8608	0.1862	0.99682	-0.0015647	0.0584181	5.7455	8.64745	0.00256792
0.7832	0.1876	0.996279	0.075375	0.118211	5.74647	8.66173	0.00258845
0.9304	0.1956	0.997306	-0.00604068	-0.00611576	5.74682	8.64356	0.000548121
0.947	0.2183	0.997242	-0.0138656	0.000259325	5.74593	8.64282	0.00100416
0.978	0.1708	0.997307	-0.000493618	0.00530923	5.74676	8.64343	0.00179116
0.9295	0.1598	0.9972	-0.00867753	0.00104411	5.74584	8.643	0.000320371
0.9368	0.1298	0.997524	-0.00364423	0.00169621	5.7487	8.64447	0.00129709
0.8777	0.0099	0.997572	0.00512892	0.00907716	5.74935	8.64507	0.000504763
0.0323	0.005	0.997585	-0.0070064	0.00119482	5.74943	8.64505	0.000111682
0.0136	0.0435	0.997534	-0.00114101	0.00549616	5.74869	8.64436	0.000764083
0.0629	0.0763	0.997411	-0.00267207	0.0121221	5.74769	8.64399	0.00121672
0.0795	0.057	0.997435	-0.00605448	0.0126905	5.74796	8.6442	0.00108062
0.0967	0.0226	0.997516	-0.016426	0.00523058	5.74874	8.64473	0.00103064
0.1063	0.0347	0.997491	-0.0164318	0.00553206	5.7485	8.64459	0.00097425
0.0516	0.1086	0.997396	-0.00280976	0.00999815	5.74744	8.64372	0.00183411
0.069	0.1626	0.997253	0.000102157	0.00490218	5.74651	8.64352	0.00107356
0.0356	0.0952	0.997438	-0.00346354	0.00968286	5.74796	8.64413	0.000152878
0.0337	0.0928	0.997427	-0.0034053	0.00963427	5.74785	8.64408	0.000305395
0.0294	0.1017	0.997388	-0.00325906	0.00925924	5.74746	8.64382	0.0009092
0.0049	0.0964	0.997409	-0.00256859	0.00407912	5.74766	8.64389	0.0023975
0.0192	0.1729	0.997292	-0.00225427	0.00889524	5.74656	8.64329	0.00148607
0.0461	0.1694	0.997273	-0.00201528	0.00829503	5.74645	8.64328	0.00128023
0.0279	0.199	0.997226	-0.0090319	0.00949488	5.74593	8.64295	0.00123681
0.0216	0.2339	0.997199	-0.0184504	0.00820097	5.7454	8.64251	0.0012949
0.0152	0.2621	0.997082	-0.00524049	0.00644594	5.74453	8.64204	0.000966302
0.0524	0.259	0.99702	0.00573017	-0.0209129	5.74542	8.64412	0.000410818
0.0669	0.245	0.997079	0.00954331	-0.0176431	5.74511	8.6431	0.000419766
0.0938	0.2557	0.996663	0.0327854	-0.0434494	5.74472	8.64741	0.00117105
0.0606	0.226	0.997257	-0.0100745	-0.00217434	5.74647	8.64346	0.000961819
0.1009	0.2173	0.997105	0.0072299	-0.0267766	5.74549	8.64364	0.000882512
0.0775	0.1982	0.997398	-0.00316001	-0.00167736	5.74715	8.64323	0.00104545
0.1039	0.2002	0.997339	0.00722449	-0.0228772	5.74529	8.64122	0.000544855
0.1312	0.1886	0.997311	0.0249358	-0.0481228	5.74926	8.6486	0.000251833
0.1417	0.1884	0.996936	0.0292742	-0.0539161	5.74864	8.65134	0.000357306
0.1183	0.2377	0.996301	0.0387231	-0.0732869	5.74517	8.65319	0.000749934
0.1432	0.2551	0.995484	0.0693192	-0.115332	5.74497	8.6656	0.000766162
0.1309	0.2587	0.995459	0.054384	-0.110811	5.74256	8.66075	0.00044183
0.1161	0.2676	0.995916	0.0481967	-0.0842629	5.74373	8.65564	0.000572596
0.1961	0.2754	0.995995	0.109561	-0.183186	5.74413	8.67362	0.00123092
0.1832	0.2786	0.994837	0.0966329	-0.163428	5.73965	8.67218	0.000879895
0.1783	0.235	0.995111	0.0986486	-0.12628	5.74253	8.66895	0.000871917
0.1962	0.2297	0.995734	0.117455	-0.155025	5.74544	8.674	0.0012905
0.1942	0.228	0.996001	0.105588	-0.136542	5.75072	8.6756	0.000478547
0.214	0.1968	0.995885	0.113824	-0.140008	5.74782	8.67363	0.000949811
0.2025	0.0936	0.996996	0.037121	-0.0234433	5.74728	8.64785	0.00183442
0.2133	0.1648	0.995726	0.0889203	-0.108493	5.74637	8.6664	0.00165867
0.1354	0.1761	0.996955	0.0376985	-0.0409391	5.74596	8.64681	0.0014157
0.1281	0.1742	0.99675	0.0294199	-0.0357661	5.7432	8.64396	0.00016483
0.1171	0.1776	0.997096	0.0225493	-0.0225012	5.74585	8.64439	0.000539064
0.1087	0.0853	0.997387	0.0010649	0.0119462	5.74748	8.64388	0.00217843
0.1475	0.0323	0.997453	-0.0214386	0.0135033	5.74859	8.64523	0.000431913
0.1434	0.0378	0.997416	-0.0204716	0.0139389	5.74805	8.64472	0.00109261
0.153	0.084	0.997282	0.00584292	0.00855864	5.74742	8.64468	0.00309848
0.1743	0.0172	0.997396	-0.0236216	0.00258887	5.74837	8.64536	0.00161547
0.2013	0.0757	0.997199	0.00494918	-0.00770947	5.7481	8.64642	0.00166184
0.1892	0.0821	0.997331	0.0033833	-0.0135941	5.74831	8.64564	0.000939168
0.2305	0.003	0.997298	-0.028382	-0.0145448	5.74891	8.64724	0.00125559
0.2362	0.0027	0.997063	-0.021394	-0.011621	5.74735	8.64672	3.05998e-06
0.2504	0.0613	0.9966	0.0219866	-0.0585607	5.74813	8.65358	0.000881424
0.2305	0.0925	0.996592	0.0548942	-0.0597551	5.74779	8.65446	0.000865192
0.249	0.0926	0.996322	0.0615447	-0.0702877	5.74753	8.65749	0.000541405
0.2553	0.1197	0.99583	0.0969354	-0.082847	5.74739	8.66531	0.000821456
0.3437	0.0853	0.995946	0.119067	-0.0686786	5.74916	8.66829	0.00168125
0.2842	0.0868	0.995995	0.0726467	-0.0608271	5.74824	8.66152	0.00140812
0.2949	0.112	0.995771	0.118806	-0.0836166	5.74685	8.66744	0.00102292
0.2724	0.0754	0.996377	0.0495246	-0.056359	5.7482	8.65648	0.00046929
0.3317	0.0492	0.996268	0.0539109	-0.0377371	5.7483	8.65691	0.0011637
0.3124	0.0139	0.997485	0.0161608	-0.0128549	5.74961	8.64637	0.00143346
0.3674	0.0335	0.996821	0.0650342	-0.0305442	5.74933	8.65409	0.00151
0.3512	0.009	0.997495	0.0158068	-0.0201632	5.75025	8.64736	0.000621622
0.3541	0.0569	0.996236	0.0833326	-0.0480243	5.74997	8.66217	0.000685941
0.4536	0.0127	0.997442	0.0479778	-0.0184247	5.75284	8.65271	0.000928261
0.4782	0.0282	0.997042	0.0795654	-0.0170899	5.75339	8.65899	0.000578669
0.485	0.0179	0.997329	0.0618432	-0.0158147	5.75327	8.65505	0.00133816
0.4636	0.109	0.996222	0.194113	-0.0367352	5.74542	8.67034	0.00134579
0.4937	0.057	0.996549	0.124213	-0.0152339	5.75204	8.66576	0.000777457
0.4969	0.0636	0.996414	0.139309	-0.0150418	5.75224	8.66923	0.000116548
0.4584	0.0801	0.996088	0.16934	-0.0333685	5.74895	8.67219	0.000630922
0.45	0.0681	0.996495	0.140314	-0.029889	5.75273	8.66974	0.000165703
0.395	0.0631	0.996069	0.114327	-0.0395	5.74965	8.66584	0.0004736
0.387	0.1996	0.998879	0.228968	-0.11403	5.73413	8.64357	0.00157985
0.3469	0.1238	0.996268	0.179066	-0.0937442	5.74558	8.67107	0.00320436
0.3417	0.1839	0.997228	0.183298	-0.123079	5.74198	8.66128	0.00104199
0.4339	0.1692	0.997224	0.223226	-0.0550279	5.73992	8.66028	0.00304507
0.4393	0.179	0.998399	0.234343	-0.0512561	5.73425	8.64393	0.00232253
0.4878	0.1305	0.996391	0.202921	-0.0170941	5.74323	8.66678	0.00145427
0.4854	0.2366	1.0036	0.273072	-0.0287759	5.72386	8.59272	0.000251999
0.4976	0.254	1.00392	0.270901	-0.0133212	5.71648	8.57804	0.000569941
0.4968	0.2376	1.00401	0.269554	-0.0162012	5.72687	8.59246	5.06766e-05
0.4234	0.204	1.00006	0.236828	-0.0777101	5.73389	8.63136	0.0012375
0.3923	0.2603	1.00254	0.239527	-0.121757	5.72371	8.59991	0.00246731
0.3708	0.2723	1.00231	0.228798	-0.149101	5.72651	8.6073	0.000355485
0.2844	0.276	0.997043	0.173021	-0.205461	5.72761	8.65298	0.000355405
0.2939	0.2763	0.997713	0.182697	-0.201231	5.72749	8.64786	0.000929069
0.3412	0.2538	0.99897	0.222172	-0.168295	5.72744	8.63886	0.00214158
0.2754	0.2399	0.996623	0.161786	-0.175482	5.73787	8.66445	0.000269293
0.3021	0.1485	0.995977	0.15242	-0.118373	5.74484	8.67069	0.00110001
0.3349	0.1313	0.995981	0.176163	-0.109315	5.74384	8.67203	0.000863133
0.26	0.2036	0.996064	0.158925	-0.150012	5.74297	8.67238	0.00223103
0.2324	0.1382	0.996031	0.094446	-0.0933657	5.74897	8.66664	0.000870419
0.2589	0.1386	0.995787	0.108105	-0.0945296	5.74614	8.66599	0.00154726
0.2535	0.2134	0.996251	0.143538	-0.162331	5.74449	8.67265	0.00067344
0.2618	0.2245	0.996405	0.150342	-0.166556	5.74055	8.66706	0.000370628
0.2641	0.2735	0.996477	0.158711	-0.201278	5.73242	8.66188	0.000250743
0.3072	0.3391	1.00087	0.165837	-0.231318	5.71816	8.6103	0.000742785
0.2722	0.3287	0.998335	0.150298	-0.234595	5.72546	8.64132	0.000803182
0.2846	0.3451	0.999895	0.146178	-0.242671	5.72135	8.62306	0.000523587
0.301	0.348	1.00149	0.156774	-0.238974	5.7163	8.60255	0.000103087
0.2921	0.3555	1.00121	0.144942	-0.247448	5.71788	8.6076	0.000388212
0.2986	0.3486	1.00116	0.15512	-0.240601	5.71672	8.60615	5.21249e-05
0.3198	0.359	1.00358	0.158919	-0.236543	5.71089	8.57636	0.000583951
0.3134	0.3759	1.00264	0.142338	-0.248695	5.70887	8.58185	0.000397772
0.3202	0.3506	1.00359	0.164331	-0.231947	5.71475	8.58185	0.00019035
0.3303	0.3033	1.00154	0.187685	-0.205935	5.72176	8.60828	0.000672945
0.3413	0.2958	1.00127	0.201992	-0.190338	5.72311	8.61225	0.000412538
0.3177	0.29	0.999651	0.192016	-0.202387	5.72619	8.6312	0.000575225
0.3861	0.2906	1.00413	0.225778	-0.147141	5.71539	8.57415	0.000546563
0.3516	0.3002	1.00348	0.205289	-0.183158	5.71656	8.58293	0.000838613
0.4022	0.3058	1.00502	0.23122	-0.135182	5.70776	8.55472	0.000421775
0.4067	0.3135	1.00611	0.234943	-0.137045	5.70358	8.54041	0.000386202
0.4396	0.3044	1.00586	0.25416	-0.0997795	5.70489	8.54479	0.00209216
0.465	0.3292	1.01089	0.235033	-0.0734867	5.69084	8.47459	0.00109083
0.4176	0.3483	1.00979	0.208117	-0.13613	5.69479	8.4903	0.00123994
0.4544	0.354	1.01186	0.211893	-0.0968596	5.68041	8.44792	0.00174406
0.4043	0.375	1.01036	0.184945	-0.161426	5.68319	8.46753	0.00228134
0.3941	0.3293	1.00633	0.217559	-0.159981	5.70388	8.53846	0.000744227
0.3748	0.3421	1.00583	0.198595	-0.186906	5.70085	8.53886	0.00113309
0.3589	0.3768	1.00696	0.162486	-0.223785	5.69672	8.52422	0.00141378
0.4098	0.4486	1.017	0.0790858	-0.204591	5.66532	8.38002	0.00131171
0.3826	0.4232	1.0102	0.118209	-0.215489	5.68177	8.4668	0.00187103
0.4465	0.4314	1.01795	0.149947	-0.117577	5.6607	8.35947	0.00128644
0.4548	0.4295	1.01837	0.152792	-0.107696	5.65989	8.35415	0.000361827
0.4677	0.4234	1.01983	0.160613	-0.0811559	5.65792	8.33806	0.00121859
0.4613	0.4538	1.0263	0.0931883	-0.0993931	5.64914	8.26585	0.000932368
0.4421	0.4919	1.02558	0.0106107	-0.144522	5.65371	8.27951	0.000883107
0.4819	0.4599	1.02984	0.0828829	-0.0572396	5.6447	8.22675	0.00166601
0.4535	0.5014	1.02771	-0.0179683	-0.114625	5.64964	8.25266	0.00150763
0.4191	0.5063	1.0226	0.00226787	-0.167954	5.66042	8.31712	0.00085212
0.4098	0.5325	1.02063	-0.0490235	-0.161713	5.66404	8.33857	0.000512051
0.3881	0.493	1.01438	0.0271487	-0.222819	5.6728	8.4138	0.00189672
0.2904	0.4818	1.00527	0.0446824	-0.2834	5.70137	8.54837	0.00142325
0.305	0.5196	1.00705	-0.00998969	-0.262467	5.69933	8.52363	0.00124546
0.3062	0.4303	1.00356	0.0923518	-0.269723	5.70256	8.5641	0.00156035
0.3414	0.3921	1.0073	0.139038	-0.243086	5.69622	8.52159	0.000995933
0.3311	0.381	1.00484	0.144461	-0.24165	5.70434	8.55489	0.000413378
0.2959	0.3773	1.0019	0.135293	-0.256614	5.71302	8.59535	0.000491262
0.2761	0.399	1.00141	0.115691	-0.269762	5.71414	8.6022	0.000442737
0.2659	0.3919	1.00092	0.113153	-0.267815	5.72218	8.61762	0.000174341
0.27	0.4045	1.00134	0.1072	-0.27403	5.71571	8.60538	0.000444775
0.2734	0.4819	1.00199	0.0451772	-0.288992	5.70907	8.58934	0.00119208
0.2765	0.4986	1.00236	0.0195033	-0.290921	5.70843	8.58502	0.000127733
0.2862	0.5123	1.00311	-0.000805232	-0.286767	5.70433	8.57106	0.000813257
0.2346	0.4683	1.00009	0.0389183	-0.300714	5.72105	8.62678	0.000936918
0.2532	0.5196	1.00158	-0.00256954	-0.301394	5.71484	8.60413	0.00175355
0.2336	0.521	1.00006	0.00108144	-0.287906	5.72599	8.62991	0.00117518
0.21	0.5097	0.997348	0.0128297	-0.274826	5.7308	8.65691	0.00176559
0.1551	0.4976	0.995723	0.0258201	-0.248772	5.73806	8.67534	0.000615416
0.132	0.468	0.995225	0.0463682	-0.217162	5.74228	8.67941	0.000615852
0.1804	0.4571	0.995389	0.0422295	-0.270071	5.73125	8.67406	0.001039
0.1638	0.4667	0.995307	0.0422764	-0.256241	5.73546	8.67749	0.00108059
0.1899	0.4422	0.996082	0.0545652	-0.267846	5.73437	8.67275	0.00036053
0.2195	0.4639	0.997136	0.0408054	-0.276421	5.72672	8.65378	0.00079159
0.2251	0.4349	0.99702	0.0701907	-0.271131	5.7263	8.65435	0.000803517
0.2338	0.458	0.99966	0.0558116	-0.295328	5.71915	8.62681	0.000486473
0.2124	0.3333	0.996609	0.109394	-0.229357	5.73836	8.66911	0.000583371
0.1877	0.4313	0.995689	0.0658937	-0.264219	5.73314	8.67402	0.00188676
0.1993	0.3205	0.996554	0.10467	-0.219922	5.74257	8.6733	0.000883251
0.2491	0.3172	0.996796	0.136961	-0.226235	5.73334	8.66261	0.000998108
0.1947	0.2951	0.996544	0.114805	-0.200174	5.745	8.67402	0.000982799
0.1638	0.3171	0.995172	0.0777985	-0.18855	5.74199	8.67557	0.00169996
0.1522	0.3605	0.994866	0.0693415	-0.198377	5.73938	8.67557	0.00117059
0.1287	0.2983	0.995248	0.0537424	-0.124796	5.74325	8.66523	0.00115927
0.1281	0.3875	0.994974	0.0522993	-0.185944	5.74052	8.67292	0.000389903
0.1396	0.4081	0.994905	0.0622382	-0.215484	5.73876	8.67737	0.00103351
0.1326	0.4259	0.994909	0.038989	-0.220452	5.7389	8.67746	0.00114704
0.1351	0.4112	0.995308	0.0583944	-0.216348	5.74307	8.68032	0.000248205
0.0699	0.3705	0.995629	0.00489501	-0.0821873	5.7418	8.6539	0.000871152
0.1123	0.3768	0.995344	0.0405137	-0.156574	5.74371	8.66895	0.000436835
0.11	0.3459	0.995277	0.0431843	-0.13011	5.74319	8.66507	0.00215782
0.0743	0.3144	0.996016	0.0140798	-0.071258	5.74386	8.65289	0.000780678
0.096	0.2933	0.995922	0.0304225	-0.0755155	5.74351	8.65385	0.00113217
0.0614	0.2973	0.996379	0.00297582	-0.043976	5.74425	8.64867	0.000514332
0.0097	0.2902	0.996996	-0.0067719	0.008629	5.74391	8.64188	0.00156094
0.0523	0.2869	0.996942	-0.000362784	-0.0307352	5.74574	8.64552	0.0008888
0.0543	0.3074	0.996612	0.0010768	-0.0377085	5.74468	8.64703	0.00103258
0	0.3378	0.996989	0.00489726	0.0159348	5.74304	8.64072	0.00091038
0.0037	0.3537	0.996799	0.0122792	0.0078944	5.74277	8.64192	0.000995126
0.0537	0.374	0.996146	-0.00411887	-0.053091	5.74262	8.64868	0.000551676
0.0596	0.3981	0.995915	0.0110146	-0.0752736	5.74233	8.65173	0.00122113
0.0504	0.3807	0.996152	0.00142187	-0.0539974	5.74407	8.65085	0.000228281
0.0888	0.4225	0.995442	0.0409504	-0.141888	5.74263	8.66429	0.00152622
0.0907	0.3959	0.995498	0.0299112	-0.139688	5.74239	8.66273	0.000685715
0.1062	0.3786	0.995406	0.0357068	-0.151546	5.74248	8.6656	0.00046491
0.1152	0.3996	0.995153	0.0420654	-0.174586	5.74157	8.67043	0.00037171
0.1135	0.4931	0.995363	0.039686	-0.186073	5.74414	8.67445	0.00172045
0.1254	0.4673	0.995057	0.0448221	-0.196391	5.74207	8.67617	0.000688672
0.1052	0.5171	0.99558	0.0259461	-0.177609	5.74485	8.67165	0.00298103
0.0379	0.4769	0.996318	0.0315616	-0.0694896	5.74595	8.65369	0.00248145
0.0124	0.4914	0.996876	0.0270253	-0.00700921	5.74949	8.65164	0.00027571
0.0083	0.48	0.996207	0.0240596	0.007879	5.74526	8.65102	0.000789164
0.0183	0.6039	0.997693	0.0221184	0.004388	5.75294	8.64962	0.00109796
0.0504	0.5629	0.996897	0.00821693	-0.0878638	5.75015	8.65596	0.00243155
0.0602	0.5981	0.996983	0.00334985	-0.0929765	5.75201	8.65845	0.00119178
0.0399	0.6217	0.997493	0.0125471	-0.037851	5.75292	8.65185	0.00057461
0.0081	0.6309	0.997599	-0.0202509	0.00278763	5.75309	8.65062	0.000652935
0.0991	0.6376	0.996786	-0.0284863	-0.125999	5.75085	8.66243	0.0004659
0.1474	0.6121	0.995572	-0.0434403	-0.190385	5.74438	8.67397	0.00031844
0.1521	0.6157	0.995752	-0.0488581	-0.189342	5.74576	8.67452	0.000744796
0.1338	0.5989	0.99572	-0.0302815	-0.18525	5.74609	8.6738	0.000551727
0.1313	0.5857	0.996027	-0.025163	-0.186797	5.74883	8.67541	0.000522877
0.1137	0.5691	0.995922	-0.0106277	-0.176718	5.74795	8.67289	0.00274512
0.1682	0.534	0.995509	0.000842038	-0.23993	5.74126	8.67953	0.00107087
0.1898	0.5486	0.997594	-0.0197744	-0.267872	5.73513	8.65953	0.000670136
0.1707	0.5743	0.995803	-0.0329126	-0.231283	5.74107	8.67518	0.00122408
0.1796	0.5404	0.996967	-0.0163558	-0.255893	5.7372	8.66486	0.00026404
0.2042	0.5624	0.997311	-0.0331349	-0.276778	5.7322	8.66033	0.000302297
0.2062	0.5624	0.998576	-0.0324265	-0.274638	5.7324	8.6491	0.000561515
0.2292	0.5795	1.00042	-0.0487311	-0.28333	5.72338	8.62277	0.00176083
0.229	0.595	0.998484	-0.0692001	-0.274432	5.72293	8.63748	0.000221968
0.2298	0.619	0.99893	-0.100328	-0.265066	5.72717	8.64012	0.000310463
0.2261	0.6042	0.99833	-0.0829549	-0.270621	5.72545	8.6426	0.0002124
0.2231	0.6139	0.998577	-0.0922019	-0.257314	5.73407	8.65071	0.000302172
0.2035	0.5951	0.997653	-0.0539887	-0.26735	5.73664	8.6624	0.000914774
0.1705	0.6228	0.995809	-0.057712	-0.22309	5.74279	8.67699	0.00140503
0.1087	0.6808	0.996725	-0.0482999	-0.123286	5.75041	8.66273	0.00111711
0.0973	0.7131	0.99696	-0.0451127	-0.106001	5.75005	8.65801	0.00150713
0.1519	0.6742	0.995931	-0.0613015	-0.158665	5.74919	8.67348	0.00246609
0.2422	0.7269	0.996964	-0.14218	-0.184377	5.74165	8.66581	0.00136425
0.2443	0.6579	0.998174	-0.127827	-0.242516	5.7307	8.64936	0.000589423
0.2515	0.6487	1.00006	-0.130213	-0.251782	5.72854	8.63248	0.000306613
0.2379	0.7488	0.995623	-0.154708	-0.152102	5.74155	8.67372	0.000780866
0.2379	0.7321	0.995562	-0.150271	-0.171996	5.73656	8.66928	0.000223813
0.2439	0.7334	0.996872	-0.162738	-0.171182	5.73863	8.66284	0.000226715
0.2111	0.7569	0.995865	-0.13175	-0.139663	5.74729	8.67517	0.000137418
0.2086	0.7515	0.99583	-0.129795	-0.143578	5.74646	8.67452	0.000258455
0.1742	0.733	0.996042	-0.0900008	-0.139788	5.74997	8.67304	0.00251884
0.0865	0.756	0.997727	-0.0267738	-0.0516063	5.75236	8.64988	0.000436583
0.0873	0.7637	0.997665	-0.0239985	-0.0507767	5.75159	8.64915	0.00136847
0.0871	0.728	0.997545	-0.028733	-0.0691025	5.75219	8.65232	0.000724577
0.0952	0.7017	0.997312	-0.0485035	-0.0973599	5.75232	8.65765	0.000413786
0.0902	0.6868	0.997358	-0.0422636	-0.0965152	5.75244	8.65706	0.000592073
0.0774	0.6445	0.997227	-0.023639	-0.096126	5.75195	8.65682	0.00132811
0.0339	0.6766	0.997552	-0.00499585	-0.0303073	5.752	8.64964	0.000916201
0.0115	0.656	0.99798	-0.0172163	-0.00531502	5.75283	8.64688	0.000414601
0.0336	0.6505	0.997455	-0.0161952	-0.0323875	5.75245	8.65135	0.000530015
0.0512	0.6956	0.99756	-0.0266921	-0.0323495	5.75177	8.64964	0.00158416
0.0596	0.733	0.997771	-0.0133509	-0.0283995	5.75166	8.64725	0.0014841
0.0495	0.754	0.997762	-0.0234152	-0.0203069	5.75135	8.64685	0.00106265
0.0028	0.8027	0.9977	-0.0131155	-0.0236158	5.7504	8.64585	0.00223711
0.0008	0.7722	0.997515	-0.0226148	-0.0178118	5.74877	8.64506	0.00049591
0.0034	0.7685	0.99763	-0.0221802	-0.0171994	5.74985	8.64565	0.000128791
0.0187	0.7639	0.997771	-0.0199059	-0.017676	5.7512	8.64642	0.00199598
0.0569	0.8232	0.99776	-0.00459652	-0.0196513	5.75107	8.64618	0.0022116
0.1075	0.8364	0.997742	-0.0259464	-0.0268873	5.75224	8.64858	0.000946763
0.0657	0.8566	0.997715	-0.014898	-0.0132431	5.75072	8.64604	0.000433442
0.093	0.8422	0.997608	-0.0220282	-0.0256551	5.74984	8.64601	0.000564787
0.0857	0.8627	0.997653	-0.0176073	-0.0191355	5.7502	8.64593	0.000896788
0.0596	0.8534	0.997686	-0.0130057	-0.0169592	5.75046	8.64593	0.00012713
0.0519	0.886	0.997658	-0.010392	-0.0091695	5.75008	8.64546	0.00104907
0.0114	0.8371	0.997641	-0.0040523	-0.0245658	5.74998	8.64567	0.00193976
0.0353	0.9299	0.997608	-0.00841062	-0.00444104	5.74961	8.64514	0.000357927
0.036	0.9117	0.997631	-0.0114039	-0.0104699	5.74977	8.64525	0.000426655
0.0353	0.9426	0.99758	-0.0106941	-0.000511077	5.74928	8.6449	0.000132358
0.0197	0.9507	0.997598	-0.00874708	-0.00262547	5.74943	8.64496	0.00057051
0.0368	0.9529	0.997561	-0.00850876	-0.000763906	5.74918	8.64489	0.00123182
0.0308	0.9593	0.997558	-0.0100024	-0.0031348	5.74911	8.64483	0.000505668
0.1079	0.9591	0.997569	-0.0117682	0.000519794	5.74916	8.64483	0.00179585
0.0595	0.9999	0.997525	-0.0104309	0.00182783	5.74894	8.64486	0.00133939
0.1222	0.9299	0.997596	-0.0248413	-0.00216888	5.74957	8.64546	0.000663793
0.0925	0.9291	0.997614	-0.0221397	-0.0020491	5.74966	8.64536	0.00116101
0.0525	0.9242	0.99761	-0.0142024	-0.00578944	5.74964	8.64524	0.00077532
0.0709	0.8927	0.997646	-0.0122016	-0.00988898	5.74995	8.64539	0.00100619
0.1494	0.9181	0.99758	-0.0312466	-0.00107313	5.74972	8.64599	0.00131028
0.1931	0.9053	0.99743	-0.0508729	-0.0174237	5.74986	8.64847	0.00118248
0.1794	0.9499	0.997582	-0.0204384	-0.00202386	5.74923	8.64496	0.000952708
0.1768	0.9895	0.997522	-0.0215705	0.00192929	5.74889	8.64498	0.000733403
0.1805	0.9934	0.99739	-0.0215734	0.000489875	5.748	8.6448	0.000109065
0.1536	0.9904	0.997488	-0.0195225	0.00610709	5.7486	8.64482	0.00059599
0.2557	0.9829	0.997364	-0.0167518	-0.0198581	5.74879	8.64632	0.00147877
0.2	0.9942	0.997394	-0.0208155	-0.00815335	5.74834	8.64528	0.000621413
0.2555	0.9672	0.997575	-0.023609	-0.0162661	5.74992	8.64626	0.000766382
0.2	0.9562	0.99753	-0.0223252	-0.00676659	5.74904	8.64518	0.00104026
0.2499	0.8977	0.99688	-0.0743348	-0.0330376	5.74902	8.65383	0.00214209
0.1973	0.9401	0.997515	-0.029925	-0.00869763	5.7489	8.64531	0.00137741
0.1937	0.8865	0.997109	-0.0554591	-0.0251269	5.74975	8.65149	0.00130292
0.2393	0.8577	0.996121	-0.11726	-0.0571085	5.74835	8.66461	0.000797577
0.2428	0.8482	0.995718	-0.131152	-0.0768397	5.74619	8.6679	0.000478509
0.1735	0.8602	0.997227	-0.0533002	-0.031679	5.7502	8.6512	0.00123592
0.1641	0.8902	0.997515	-0.041976	-0.016056	5.75002	8.64754	0.000866248
0.1244	0.8711	0.997638	-0.0286215	-0.0150583	5.75023	8.64629	0.00151803
0.186	0.8142	0.996225	-0.0895148	-0.0770934	5.74971	8.66422	0.00131701
0.1393	0.8456	0.99751	-0.039028	-0.0295836	5.75071	8.64879	0.000621066
0.209	0.7684	0.995742	-0.125826	-0.130465	5.74675	8.67341	0.00189481
0.2227	0.8365	0.99632	-0.103314	-0.0819191	5.7507	8.66661	0.00115936
0.2267	0.8223	0.9959	-0.119356	-0.0992335	5.74864	8.6705	0.00121624
0.2408	0.8329	0.995944	-0.13091	-0.0905737	5.74839	8.67037	0.000699393
0.3036	0.8506	0.995813	-0.166446	-0.0879805	5.74451	8.67072	0.0011949
0.2829	0.839	0.995915	-0.157142	-0.0965863	5.74681	8.67258	0.00135557
0.279	0.7902	0.996026	-0.165101	-0.128383	5.74448	8.67297	0.00213742
0.3069	0.8167	0.996344	-0.177071	-0.107342	5.7439	8.66891	0.00041125
0.3638	0.827	0.996442	-0.210953	-0.0941561	5.74056	8.66827	0.00177635
0.3813	0.7857	0.998988	-0.260242	-0.110449	5.72872	8.64174	0.000755326
0.3563	0.886	0.995745	-0.184947	-0.0527585	5.74539	8.6734	0.000989006
0.3827	0.9126	0.996082	-0.141246	-0.0341566	5.74844	8.66713	0.000280908
0.3403	0.8816	0.996098	-0.173848	-0.065671	5.7479	8.67289	0.00101549
0.332	0.8826	0.996334	-0.166222	-0.063491	5.75076	8.67371	0.000435088
0.3018	0.8752	0.996112	-0.150453	-0.0709165	5.74972	8.67207	0.00113414
0.2622	0.8794	0.996241	-0.119923	-0.0678509	5.75082	8.66827	0.00113394
0.2623	0.9587	0.997452	-0.033082	-0.0193538	5.74922	8.6466	0.00115682
0.2957	0.9204	0.996567	-0.0870539	-0.044786	5.74879	8.65768	0.00107005
0.2757	0.9314	0.997303	-0.0547462	-0.0208464	5.74957	8.6494	0.000559266
0.2813	0.9668	0.997409	-0.0240893	-0.0199914	5.74776	8.64453	0.000276255
0.289	0.9754	0.997545	-0.0222566	-0.0162312	5.7484	8.64421	0.00022232
0.2954	0.9786	0.997487	-0.0209379	-0.0157307	5.74788	8.64388	0.000527777
0.3173	0.9847	0.99745	-0.0177567	-0.0117821	5.74905	8.64585	0.00095811
0.3499	0.9911	0.997488	-0.0166222	-0.0238686	5.74984	8.6469	0.000835046
0.3847	0.9613	0.996818	-0.0577907	-0.0100636	5.74989	8.65409	0.000406288
0.3069	0.9517	0.997094	-0.0455127	-0.0223228	5.74823	8.64875	0.000735395
0.3397	0.9416	0.997002	-0.0694594	-0.028934	5.74899	8.65225	0.00104778
0.3618	0.9438	0.996732	-0.0699569	-0.0311293	5.74859	8.65409	0.000818386
0.4029	0.9559	0.9968	-0.0746493	-0.0207692	5.75044	8.65636	0.000630238
0.4286	0.9441	0.996427	-0.1045	-0.0443277	5.74887	8.66068	0.00124543
0.3865	0.9689	0.996871	-0.0505391	-0.00454132	5.74747	8.64955	0.000108442
0.3929	0.9802	0.997064	-0.0264552	-0.0126822	5.74766	8.64731	0.000111138
0.397	0.9862	0.997262	-0.0127038	-0.0181971	5.7493	8.64788	0.000562093
0.41	0.9954	0.997209	0.00651685	-0.0207315	5.74955	8.6487	0.00189238
0.4857	0.9744	0.997324	-0.0522955	-0.010864	5.74977	8.64922	0.00025541
0.4653	0.9933	0.997424	-0.0069468	-0.0193202	5.75223	8.65084	0.00111502
0.4946	0.9719	0.997559	-0.0569865	-0.0142971	5.75323	8.65269	0.00110613
0.4813	0.9683	0.997316	-0.0645366	-0.0149829	5.75196	8.65335	0.000685291
0.4949	0.9355	0.996605	-0.130312	-0.00576899	5.75086	8.66419	0.000740901
0.4693	0.9334	0.996469	-0.134225	-0.0198942	5.74954	8.66408	0.000671753
0.4674	0.8978	0.996073	-0.192869	-0.0285441	5.74583	8.67174	0.00105141
0.4695	0.901	0.996296	-0.189671	-0.0265959	5.74965	8.67488	0.000403888
0.4492	0.8548	0.996744	-0.238755	-0.0347219	5.74137	8.6693	0.00236758
0.3931	0.9017	0.995838	-0.185228	-0.0550095	5.74665	8.67466	0.00166966
0.392	0.9224	0.996271	-0.122406	-0.029743	5.7487	8.66326	0.000738533
0.3879	0.862	0.996592	-0.215018	-0.0629275	5.74462	8.6715	0.000473637
0.4057	0.8481	0.997014	-0.227852	-0.0657499	5.74378	8.66958	0.00110102
0.3958	0.8017	0.997842	-0.242979	-0.0940319	5.73472	8.65462	0.000957496
0.4123	0.8437	0.996867	-0.233543	-0.0635858	5.73964	8.66581	0.000852225
0.4316	0.7914	0.999902	-0.277119	-0.0819839	5.72899	8.63608	0.00075745
0.479	0.8263	0.998263	-0.269462	-0.018761	5.73616	8.65569	0.00119332
0.45	0.8046	0.998501	-0.273777	-0.0517112	5.73225	8.65009	0.000939697
0.4794	0.7697	1.0015	-0.279835	-0.0229838	5.72044	8.60725	0.000613693
0.4641	0.7721	1.00298	-0.280165	-0.0375686	5.71913	8.59318	0.00161164
0.4826	0.6997	1.00613	-0.274423	-0.0206344	5.69849	8.53348	0.00139303
0.4586	0.6965	1.00669	-0.265951	-0.0690246	5.70193	8.53383	0.00153328
0.4916	0.6552	1.01499	-0.216186	-0.0106642	5.68543	8.42565	0.000366695
0.4797	0.6748	1.00999	-0.24623	-0.0320871	5.6864	8.47605	0.000980003
0.4428	0.6797	1.00786	-0.238592	-0.0998667	5.69152	8.50416	0.00100125
0.3743	0.6491	1.00716	-0.193618	-0.169483	5.69436	8.51396	0.00213521
0.3291	0.7375	1.00159	-0.234848	-0.164795	5.72607	8.61664	0.00271594
0.4163	0.7466	1.00112	-0.263758	-0.105733	5.71737	8.60682	0.000979668
0.3622	0.7828	0.99941	-0.244602	-0.131599	5.73084	8.63991	0.00125745
0.4567	0.7856	0.999947	-0.276153	-0.0409739	5.72734	8.63044	0.000728661
0.2777	0.6915	0.999979	-0.181249	-0.213116	5.72558	8.62769	9.08882e-05
0.3162	0.6942	1.00236	-0.200289	-0.194077	5.71797	8.59568	0.00162194
0.2924	0.7637	0.997851	-0.197046	-0.151298	5.74082	8.66063	0.000849471
0.2726	0.7583	0.997581	-0.185493	-0.157569	5.74312	8.6652	0.000711088
0.2647	0.697	0.999325	-0.167201	-0.207285	5.73427	8.64268	0.00030546
0.2587	0.7279	0.998525	-0.170794	-0.178787	5.74124	8.65515	0.0008479
0.2733	0.6799	1.00073	-0.157781	-0.231155	5.72996	8.62785	0.000483508
0.2604	0.6851	0.998513	-0.152829	-0.231656	5.73211	8.64947	0.0010288
0.2805	0.6882	1.00075	-0.177958	-0.209872	5.72651	8.6212	0.000269545
0.2924	0.6628	1.00267	-0.159727	-0.218792	5.72162	8.59623	0.000531905
0.3109	0.6539	1.00467	-0.171647	-0.226792	5.71415	8.57183	0.000412272
0.3281	0.662	1.00479	-0.189754	-0.199839	5.70762	8.5586	0.00141443
0.3133	0.6343	1.0044	-0.149954	-0.238177	5.70702	8.56267	0.00186581
0.3485	0.5948	1.00846	-0.114629	-0.22709	5.69556	8.50403	0.00112902
0.3679	0.6141	1.00852	-0.163439	-0.186336	5.69123	8.4954	0.00171183
0.2781	0.6439	1.00319	-0.136912	-0.243908	5.7232	8.59663	0.000714635
0.2573	0.6328	1.00053	-0.120307	-0.260665	5.72421	8.623	0.00035963
0.2557	0.6088	1.00196	-0.0992711	-0.267657	5.719	8.60247	0.00147739
0.319	0.5425	1.00671	-0.0355014	-0.267006	5.69649	8.52402	0.00020488
0.3008	0.5767	1.00375	-0.0731895	-0.267059	5.70365	8.56187	0.0031307
0.3275	0.5407	1.00889	-0.0233541	-0.258715	5.6891	8.4922	0.00136218
0.3596	0.5815	1.00963	-0.103045	-0.223306	5.68696	8.47929	0.00071213
0.394	0.5667	1.01511	-0.0990773	-0.179208	5.67597	8.40818	0.000986775
0.397	0.5352	1.01729	-0.0389841	-0.196897	5.6683	8.37805	0.000706973
0.4264	0.5735	1.02104	-0.11157	-0.125023	5.66249	8.33278	0.000227248
0.434	0.5422	1.02424	-0.068459	-0.122362	5.6588	8.29715	0.00111102
0.4158	0.5725	1.01907	-0.105164	-0.149344	5.66713	8.35833	0.000423961
0.4292	0.5791	1.02024	-0.136116	-0.114388	5.66696	8.3476	0.000179853
0.4116	0.582	1.0149	-0.130964	-0.156873	5.67732	8.41185	0.00032613
0.4187	0.5861	1.01482	-0.154252	-0.138452	5.67454	8.40903	0.00152247
0.4569	0.6128	1.01892	-0.163652	-0.074155	5.67135	8.36517	0.000762854
0.4562	0.6424	1.01227	-0.198637	-0.0971484	5.68255	8.44492	0.00223392
0.4443	0.5763	1.02157	-0.133465	-0.0944756	5.6655	8.33219	0.000277947
0.4471	0.5729	1.02315	-0.113975	-0.0892752	5.66015	8.30863	0.00060159
0.4801	0.5676	1.02412	-0.113283	-0.0475764	5.65696	8.29317	0.000328412
0.4899	0.5551	1.02546	-0.104929	-0.0284064	5.65506	8.27793	0.000276403
0.5011	0.5634	1.02429	-0.11226	-0.00563481	5.65565	8.28858	0.00058084
0.519	0.514	1.02668	-0.044366	0.0557294	5.6452	8.25032	0.000354913
0.5147	0.5223	1.02768	-0.0670255	0.0258299	5.64617	8.2437	0.000220733
0.5164	0.6023	1.02073	-0.154875	0.0162784	5.66383	8.3353	0.000463065
0.5062	0.6125	1.01966	-0.167307	-0.00482395	5.66883	8.35332	0.000903997
0.5115	0.6141	1.01761	-0.168989	0.00948474	5.66394	8.36318	0.000249542
0.6142	0.6066	1.01415	-0.139464	0.174263	5.68265	8.42998	0.00106163
0.58	0.6067	1.01634	-0.155636	0.118394	5.67521	8.3951	0.00115911
0.5579	0.5884	1.01997	-0.13741	0.0967532	5.66891	8.35097	0.00087928
0.6289	0.5844	1.01391	-0.112063	0.194767	5.68246	8.43195	0.001676
0.5644	0.559	1.02089	-0.0988525	0.109469	5.66047	8.32788	0.00105063
0.5211	0.5368	1.02563	-0.0860648	0.0424702	5.64947	8.26703	0.00109103
0.698	0.5393	1.00572	-0.0507498	0.272803	5.69914	8.53858	0.00095524
0.6837	0.5562	1.00647	-0.070768	0.256664	5.6943	8.52202	0.000323046
0.6794	0.5568	1.00711	-0.0727733	0.25299	5.69362	8.5148	0.000101
0.7398	0.583	1.00245	-0.0830276	0.269297	5.71752	8.59502	0.00106436
0.7433	0.549	1.00373	-0.0448491	0.274356	5.71615	8.58097	0.00104171
0.7107	0.6092	1.00431	-0.112935	0.260848	5.71305	8.57323	0.0004831
0.7242	0.6158	1.00263	-0.108484	0.254756	5.71717	8.59156	0.000428968
0.6951	0.5873	1.00568	-0.0922346	0.254383	5.70467	8.54528	0.000154222
0.6931	0.6087	1.0056	-0.121169	0.240598	5.70563	8.5471	0.000307752
0.641	0.626	1.00882	-0.158819	0.205107	5.6943	8.5004	0.000539016
0.6317	0.6312	1.00916	-0.171399	0.189944	5.69348	8.49546	0.000492916
0.6496	0.644	1.00766	-0.175522	0.20732	5.70343	8.52698	0.000698056
0.6368	0.6631	1.00792	-0.202365	0.182578	5.70081	8.52113	0.000590654
0.6582	0.6621	1.00376	-0.185097	0.195269	5.70688	8.56443	0.00023536
0.6652	0.6571	1.00399	-0.173264	0.205115	5.71164	8.56945	0.0010614
0.7418	0.6353	1.00071	-0.115562	0.248364	5.72065	8.61241	0.000265262
0.7084	0.6327	1.00258	-0.14178	0.232851	5.71572	8.5887	0.00123285
0.7205	0.7127	1.00045	-0.181889	0.200067	5.72925	8.62659	0.000522578
0.7217	0.6836	1.00059	-0.169136	0.220083	5.72348	8.6187	0.00145307
0.6996	0.7281	1.00003	-0.20252	0.174785	5.73113	8.63226	0.00164824
0.6704	0.6911	1.00231	-0.209756	0.185678	5.71964	8.59889	0.00149749
0.6649	0.6814	1.00363	-0.199052	0.188373	5.71783	8.58329	0.0006563
0.6431	0.7462	1.00097	-0.23755	0.146185	5.72647	8.62031	0.00077307
0.6312	0.7386	1.00143	-0.244534	0.147188	5.71953	8.60779	0.000583605
0.5821	0.7457	1.00336	-0.266576	0.0894095	5.71557	8.58419	0.00120083
0.6229	0.7373	1.00159	-0.250007	0.119009	5.71771	8.60125	0.000504425
0.6249	0.699	1.00468	-0.240796	0.134257	5.70851	8.56091	0.00144252
0.6339	0.6704	1.00648	-0.209664	0.175841	5.70502	8.53989	0.000464905
0.5994	0.6354	1.01192	-0.190692	0.137506	5.6875	8.45835	0.00153997
0.51	0.6508	1.015	-0.218587	0.0112097	5.68159	8.42039	0.000671058
0.5343	0.6335	1.01589	-0.194695	0.067872	5.67761	8.40443	0.00192201
0.571	0.6732	1.01022	-0.235984	0.102041	5.69537	8.48967	0.0015625
0.5325	0.6784	1.00911	-0.253432	0.0526546	5.69044	8.49208	0.00182026
0.5374	0.7458	1.00302	-0.283243	0.0511396	5.7135	8.58587	0.000237792
0.5511	0.7035	1.00701	-0.260528	0.0752775	5.70426	8.53361	0.00170705
0.5155	0.7793	1.0011	-0.277338	0.016342	5.7228	8.61337	0.000663815
0.5018	0.747	1.0045	-0.282377	-0.00171927	5.71669	8.57647	0.00099099
0.5236	0.756	1.00275	-0.280308	0.0314694	5.71806	8.59332	0.000534148
0.5238	0.7971	0.999493	-0.274193	0.0204358	5.7285	8.63491	0.00022237
0.5825	0.7542	1.00296	-0.265012	0.0831581	5.7258	8.60193	0.000215126
0.5487	0.7472	1.00292	-0.279334	0.0592337	5.71673	8.59093	0.00107075
0.5797	0.872	0.997111	-0.219343	0.0458787	5.74939	8.67417	0.000565983
0.5994	0.8004	0.998267	-0.243352	0.0744611	5.73523	8.65017	0.00207121
0.574	0.8411	0.997546	-0.228854	0.0484208	5.7415	8.6608	0.0011255
0.5292	0.8147	0.998761	-0.261695	0.0222829	5.73702	8.65069	0.000575843
0.5217	0.8518	0.99679	-0.234126	-0.00262607	5.74126	8.66704	0.00219457
0.5011	0.8042	0.999485	-0.277309	-0.00348746	5.73033	8.63838	0.000945579
0.534	0.8925	0.996895	-0.205282	0.0118213	5.75311	8.67768	0.000681598
0.5528	0.8839	0.996097	-0.209407	0.0289074	5.74683	8.67637	0.000352725
0.5661	0.909	0.996124	-0.14398	0.0215833	5.75028	8.66958	0.00157926
0.5081	0.9114	0.996344	-0.186403	-0.00552804	5.7504	8.67465	0.000943976
0.5169	0.917	0.996192	-0.1555	-0.0175123	5.74934	8.66922	0.000967311
0.5417	0.9664	0.997127	-0.0719513	-0.0210879	5.75136	8.65471	0.00174297
0.5928	0.9529	0.997034	-0.0671878	0.0164854	5.75386	8.65886	0.00149378
0.6104	0.9875	0.99774	-0.00727333	0.00343503	5.75402	8.65061	0.00279109
0.5939	0.9811	0.997998	-0.0209428	0.00947138	5.7555	8.65083	0.000797673
0.5975	0.9188	0.996318	-0.11732	0.0311487	5.7521	8.6674	0.000600379
0.6091	0.898	0.996136	-0.148916	0.0412315	5.75175	8.67303	0.000497256
0.5921	0.882	0.996132	-0.190393	0.0476168	5.74892	8.67612	0.000392057
0.6272	0.9122	0.996203	-0.113499	0.0289675	5.75224	8.66811	0.000371059
0.618	0.8743	0.996439	-0.193932	0.0542566	5.75093	8.67749	0.000423963
0.6421	0.8972	0.995886	-0.131464	0.0339804	5.7496	8.66925	0.00143871
0.6437	0.9228	0.996357	-0.0959229	0.0309906	5.75362	8.66706	0.000532982
0.6267	0.9294	0.99673	-0.0878623	0.02275	5.75312	8.66212	0.00116052
0.662	0.9409	0.996489	-0.0606883	0.0329247	5.7528	8.66199	0.000205138
0.7445	0.9756	0.997182	0.00599485	0.0454952	5.75154	8.65274	0.00089472
0.6908	0.9853	0.997717	0.0015724	0.0348403	5.75333	8.65035	0.0011853
0.6855	0.9747	0.997269	-0.0146497	0.0350044	5.7538	8.65505	0.000509315
0.7057	0.9708	0.997217	-0.0109483	0.0435301	5.75338	8.65517	0.00116582
0.6629	0.9569	0.997097	-0.0402459	0.0281756	5.75421	8.65765	0.000869825
0.6682	0.939	0.996493	-0.0594303	0.038819	5.75337	8.66294	0.000394118
0.6873	0.8458	0.995721	-0.150857	0.0782144	5.74687	8.67179	0.00334085
0.7005	0.8014	0.997244	-0.195735	0.129133	5.74292	8.66569	0.00104019
0.7308	0.8094	0.996113	-0.14679	0.112441	5.74586	8.66952	0.0010386
0.659	0.8341	0.996846	-0.203581	0.103476	5.74263	8.66728	0.00129665
0.634	0.8149	0.997676	-0.224171	0.102729	5.73851	8.65822	0.00153804
0.6226	0.8586	0.996802	-0.207778	0.0748787	5.74318	8.6668	0.00090169
0.7057	0.7836	0.998158	-0.196499	0.148915	5.7426	8.66018	0.000248288
0.7034	0.7764	0.997597	-0.204213	0.151153	5.73483	8.65524	0.000340948
0.7135	0.7708	0.997971	-0.197404	0.164261	5.73891	8.65884	0.000748535
0.7199	0.7981	0.996388	-0.170029	0.130134	5.74113	8.66583	0.000274188
0.7369	0.7917	0.996407	-0.152006	0.139175	5.74343	8.66745	0.000703743
0.7339	0.7464	0.99812	-0.186673	0.185232	5.73621	8.6551	0.000582088
0.7764	0.8228	0.996065	-0.111385	0.119934	5.7476	8.66886	0.000295603
0.7505	0.8139	0.99605	-0.127214	0.128691	5.74627	8.66996	0.000492597
0.8	0.832	0.996054	-0.0994289	0.106692	5.74767	8.6663	0.00037423
0.8031	0.8117	0.995788	-0.112036	0.111063	5.74511	8.66656	0.00147974
0.8468	0.8156	0.996364	-0.0823234	0.0968277	5.74715	8.66026	0.00126653
0.8421	0.8159	0.996055	-0.0883741	0.0922246	5.74494	8.6597	0.000780428
0.8179	0.8377	0.996372	-0.088245	0.0864633	5.74901	8.66255	0.000581665
0.8542	0.8464	0.996695	-0.0405094	0.0552574	5.74962	8.65538	0.00125074
0.8107	0.8498	0.996172	-0.0774572	0.0875723	5.74791	8.66183	0.00031951
0.7811	0.85	0.996029	-0.100881	0.102961	5.74808	8.66688	0.000285518
0.7647	0.8538	0.996063	-0.113403	0.105508	5.74969	8.67061	0.00151225
0.7793	0.8335	0.996164	-0.109632	0.114349	5.74908	8.66937	0.000328275
0.7556	0.8902	0.99609	-0.0949224	0.086112	5.75054	8.66788	0.00251965
0.7883	0.8616	0.996107	-0.0918245	0.0906192	5.74873	8.66512	0.00039021
0.7685	0.9086	0.996802	-0.0620346	0.0554467	5.75074	8.65724	0.000198767
0.7686	0.9125	0.997014	-0.0586529	0.0515196	5.75065	8.65485	0.00106286
0.7621	0.9567	0.99735	-0.0107675	0.0312274	5.74922	8.64728	0.00133439
0.7721	0.9904	0.997567	0.0215373	0.0225993	5.75106	8.64812	0.000543984
0.8206	0.9301	0.997485	-0.0108144	0.0124991	5.74987	8.64668	0.00260807
0.8433	0.9663	0.997615	0.0111396	-0.00193091	5.74967	8.64519	0.00243984
0.8004	0.9833	0.997539	0.016619	0.00839074	5.74949	8.64569	0.00169144
0.8036	0.8808	0.996767	-0.0537506	0.0551102	5.74989	8.65577	0.00137644
0.8585	0.8775	0.997151	-0.0165816	0.0371017	5.75005	8.65055	0.00138505
0.8209	0.8581	0.99647	-0.0513299	0.0644914	5.74878	8.65712	0.00063142
0.8657	0.9097	0.997472	0.00241335	0.0191867	5.74927	8.64594	0.00133099
0.9485	0.9006	0.99756	0.0110561	-0.00893329	5.74916	8.64494	0.00050856
0.8819	0.9336	0.997618	0.0181719	0.00220875	5.74971	8.64533	0.00154409
0.9262	0.9683	0.997588	0.0105428	0.00353901	5.74945	8.6451	0.00145838
0.9207	0.9759	0.997608	0.00708499	0.00191956	5.74953	8.645	0.000918041
0.8872	0.9908	0.997599	0.00534495	0.00393863	5.74952	8.64506	0.00125143
0.9883	0.9764	0.99757	-0.00468443	0.0026939	5.74928	8.64494	0.000584081
0.9807	0.981	0.997534	-0.00628889	0.00258771	5.7488	8.64454	0.000811576
0.9633	0.9685	0.997559	0.00210321	-0.0015001	5.7491	8.64476	0.000661663
0.9613	0.9391	0.997593	0.0080479	-0.0080724	5.74954	8.64519	0.00129145
0.9805	0.925	0.997591	0.00504742	-0.0103851	5.74955	8.64522	0.00096386
0.961	0.8969	0.99758	0.00913309	-0.0161078	5.7494	8.6452	0.000980916
0.9444	0.8626	0.997595	0.00715512	-0.0100432	5.74979	8.64555	0.000394205
0.954	0.8721	0.997607	0.00549836	-0.0139566	5.74979	8.64548	0.000266257
0.9355	0.8804	0.997601	0.00820232	-0.00590745	5.74955	8.64511	0.000175633
0.932	0.8736	0.997479	0.00775561	-0.00535571	5.74861	8.64476	9.23615e-05
0.9296	0.8825	0.99756	0.00826786	-0.0057337	5.74933	8.64513	0.000202875
0.9168	0.8681	0.99751	0.00335416	0.00322545	5.74959	8.64592	0.000653605
0.8987	0.7888	0.996679	-0.0693347	0.0827445	5.74838	8.65713	0.00264544
0.8944	0.8202	0.996897	-0.0257745	0.0522438	5.74858	8.6514	0.00122992
0.9036	0.7955	0.997535	-0.0481237	0.0549184	5.75031	8.64944	0.000567619
0.9179	0.8418	0.997274	0.00272143	0.00739085	5.74952	8.64788	0.000614198
0.9426	0.8067	0.997562	-0.0167474	-0.0241272	5.74936	8.64554	0.00194879
0.9631	0.8593	0.997568	-0.000152198	-0.0278866	5.7494	8.64552	0.00216278
0.9299	0.7343	0.997451	-0.0550317	0.0407864	5.75011	8.64956	0.00243191
0.9618	0.7643	0.99754	-0.0331887	-0.018743	5.75021	8.64731	0.00121218
0.9917	0.6996	0.997727	-0.0145367	-0.00424939	5.75151	8.64704	0.00306272
0.9772	0.6725	0.99787	-0.0245544	0.0220922	5.75218	8.64723	0.00046464
0.9708	0.6715	0.997722	-0.0269136	0.0284582	5.75132	8.64744	0.000848184
0.9851	0.6364	0.997551	-0.0268757	0.0261561	5.75181	8.64959	0.00101402
0.8285	0.6429	0.997486	-0.0787528	0.222037	5.7404	8.66005	0.00111873
0.8996	0.6367	0.996457	-0.0448348	0.140365	5.75234	8.67004	0.000836225
0.9015	0.6506	0.996269	-0.0618983	0.134938	5.75041	8.66895	0.00118906
0.8432	0.6534	0.996212	-0.0701581	0.190694	5.74514	8.67113	0.00102244
0.8484	0.7131	0.996155	-0.0942993	0.149153	5.74817	8.6711	0.00177705
0.885	0.7255	0.996753	-0.0712372	0.124744	5.74976	8.66306	0.0019747
0.7713	0.7372	0.997619	-0.16944	0.176259	5.7443	8.6669	0.000590749
0.8094	0.7539	0.996104	-0.115736	0.138914	5.74752	8.67134	0.00345511
0.7603	0.7661	0.996253	-0.143722	0.150976	5.74396	8.67007	0.00117026
0.7589	0.7654	0.995967	-0.148755	0.154709	5.74022	8.66824	5.68e-05
0.7543	0.7581	0.997098	-0.167699	0.174108	5.74108	8.66591	0.000465536
0.7525	0.749	0.997251	-0.176116	0.182139	5.73816	8.66307	0.000292143
0.7467	0.6601	0.999853	-0.147858	0.229706	5.72875	8.63169	0.00181168
0.7458	0.6356	1.00043	-0.111461	0.250634	5.72456	8.62081	0.000778671
0.777	0.7284	0.99758	-0.150533	0.187094	5.74232	8.66321	0.00225855
0.7868	0.6503	0.999297	-0.101814	0.234875	5.7367	8.64387	0.000753997
0.793	0.6626	0.998211	-0.11796	0.225583	5.734	8.64882	0.0001072
0.8023	0.6761	0.996932	-0.118942	0.205303	5.74036	8.66518	0.000774913
0.878	0.6071	0.996057	-0.0488818	0.175467	5.74854	8.67354	0.000915895
0.8878	0.5812	0.996234	-0.0335022	0.180059	5.74911	8.67304	0.00134714
0.8412	0.6127	0.996787	-0.0665436	0.212427	5.74191	8.6654	0.0013553
0.8097	0.5771	0.999306	-0.045097	0.257259	5.73504	8.64265	0.000791198
0.7665	0.5511	1.00077	-0.0412242	0.276803	5.72178	8.61521	0.000475398
0.7753	0.6248	0.999573	-0.09372	0.249387	5.7319	8.63701	0.00157557
0.7797	0.522	1.00256	-0.00468535	0.280627	5.73429	8.61887	0.00021116
0.7645	0.5472	1.00275	-0.0372347	0.281141	5.72466	8.60366	0.000110975
0.7625	0.5385	1.00261	-0.0164773	0.28039	5.72112	8.5988	0.000605566
0.8382	0.5421	0.997424	-0.00465571	0.241456	5.73961	8.66081	0.00120086
0.849	0.5499	0.996449	-0.00909977	0.228586	5.73978	8.66651	0.000445314
0.8705	0.5404	0.995774	-0.00136662	0.204702	5.74203	8.67055	0.0012105
0.9492	0.5609	0.99653	-0.000495451	0.0961496	5.75024	8.66002	0.00185781
0.9128	0.5139	0.99556	0.0118536	0.147097	5.746	8.66832	0.000375612
0.9174	0.5344	0.995992	0.00454021	0.135754	5.74957	8.66829	0.000842753
0.9172	0.5736	0.995767	-0.0207074	0.130025	5.74698	8.66578	0.00122705
0.8933	0.5894	0.996213	-0.0345679	0.164649	5.75125	8.67381	0.000647258
0.9211	0.6342	0.996676	-0.0385765	0.0970419	5.75166	8.66172	0.00211202
0.9969	0.571	0.997004	0.0276441	0.0472422	5.75034	8.65293	0.00197655
0.9955	0.6147	0.997502	-0.00044126	0.0188827	5.7526	8.65069	0.00149402
0.9939	0.6202	0.997531	-0.00928623	0.0199539	5.75256	8.65044	0.00030893
0.9716	0.5361	0.996526	0.0297889	0.0943402	5.74935	8.65898	0.000542091
0.9759	0.5358	0.996736	0.0310502	0.0889877	5.75001	8.6577	0.000245877
0.9528	0.5189	0.996282	0.0302705	0.121177	5.74907	8.66359	0.000809511
0.9901	0.4511	0.996878	0.027088	0.0513385	5.7503	8.65415	0.000859815
0.9932	0.506	0.996299	0.0304197	0.0522367	5.74709	8.65448	0.00081314
0.969	0.4447	0.99582	0.0229753	0.102049	5.74498	8.65912	0.00264776
0.9631	0.4673	0.995747	0.0308596	0.115221	5.74382	8.65964	0.00134237
0.9561	0.4919	0.996321	0.0276992	0.122562	5.74838	8.6623	0.000457668
0.9503	0.4887	0.99561	0.0286503	0.130782	5.74307	8.66154	0.00108424
0.8858	0.4395	0.995414	0.0473149	0.182128	5.74393	8.67329	0.0030832
0.8789	0.414	0.995344	0.0653383	0.180441	5.74367	8.67422	0.00127368
0.9095	0.3899	0.995163	0.0628709	0.144234	5.74088	8.66555	0.00149988
0.9157	0.3729	0.995558	0.0606829	0.125867	5.74317	8.66296	0.000115617
0.9932	0.3382	0.997099	0.00615322	0.00826268	5.74432	8.64161	0.000532387
0.9221	0.366	0.995645	0.0557059	0.111934	5.74259	8.65939	0.00263238
0.9614	0.3168	0.99701	-0.00361766	0.0191002	5.74483	8.64328	0.00161411
0.9676	0.3368	0.996601	0.0216713	0.02874	5.74422	8.64636	0.00159847
0.9343	0.3037	0.996575	0.00773116	0.0471614	5.74351	8.64601	0.000476174
0.9134	0.2833	0.996378	0.0177357	0.0482402	5.74427	8.64905	0.000769723
0.9365	0.2747	0.996974	0.00453561	0.0304722	5.74468	8.64365	0.000515938
0.9342	0.2639	0.997048	0.00867057	0.0263802	5.74455	8.64273	0.000632901
0.8898	0.2715	0.995996	0.0338666	0.0733648	5.74308	8.65252	0.000643935
0.8571	0.2661	0.995622	0.0779579	0.140138	5.74281	8.66495	0.00360825
0.8644	0.2802	0.995726	0.0757834	0.143203	5.74422	8.66643	0.000255172
0.8762	0.2972	0.995585	0.0756295	0.138844	5.74361	8.66611	0.000381755
0.8814	0.3367	0.995167	0.0747976	0.152519	5.74072	8.66733	0.000321593
0.9134	0.3181	0.995624	0.0480395	0.0950363	5.74261	8.65745	0.00149367
0.8341	0.3446	0.995138	0.0991773	0.20519	5.73934	8.67703	0.000330968
0.8522	0.3465	0.995044	0.0866749	0.190357	5.74005	8.67483	0.0013583
0.8346	0.4107	0.99563	0.0789308	0.231241	5.73709	8.67325	0.000455793
0.8499	0.337	0.995239	0.09755	0.187319	5.74092	8.67488	0.00058195
0.827	0.3368	0.995205	0.106831	0.204321	5.7396	8.67746	0.000229825
0.8282	0.3258	0.995314	0.108638	0.198925	5.74089	8.67756	0.000292133
0.8089	0.361	0.995807	0.112599	0.226416	5.73588	8.67202	0.00071504
0.7697	0.3316	0.996128	0.139544	0.233795	5.73407	8.6716	0.00156558
0.777	0.3518	0.996019	0.121913	0.246086	5.73191	8.66994	0.00105392
0.8157	0.3681	0.99592	0.10311	0.230246	5.7375	8.67333	0.00029309
0.7763	0.3926	0.997299	0.113288	0.258065	5.72909	8.65663	0.000867585
0.7934	0.4169	0.997196	0.0874466	0.266406	5.73088	8.65981	0.000445485
0.7814	0.4713	1.00124	0.0426182	0.280758	5.72432	8.6162	0.00227261
0.7719	0.428	1.00063	0.0829849	0.27464	5.72028	8.61614	0.00285431
0.8012	0.4209	0.997243	0.0817449	0.265434	5.73343	8.66248	0.000634167
0.8098	0.4425	0.996965	0.0612295	0.266068	5.73116	8.66018	0.000951375
0.8315	0.437	0.995689	0.0599476	0.237327	5.73584	8.67098	0.000729833
0.8338	0.4566	0.995963	0.0504597	0.238836	5.7366	8.66957	0.0007178
0.8131	0.5002	0.997467	0.0148291	0.265653	5.73123	8.65407	3.75667e-05
0.827	0.4984	0.99713	0.0141957	0.256908	5.73591	8.66174	0.000440663
0.844	0.4729	0.995935	0.0344815	0.236438	5.73803	8.67072	0.000979172
0.813	0.4904	0.997506	0.0285512	0.262953	5.73178	8.65414	0.000924336
0.8109	0.5053	0.99774	0.00813402	0.267912	5.73082	8.65162	0.000684829
0.7818	0.5105	1.00158	0.00800111	0.280963	5.72576	8.61457	0.00146322
0.7096	0.3934	1.00272	0.115361	0.264559	5.71025	8.5838	0.00173082
0.6948	0.4794	1.00544	0.0493535	0.275626	5.70161	8.54531	0.00198728
0.671	0.4018	1.0053	0.130121	0.240426	5.69663	8.53726	0.000592363
0.709	0.3858	1.0022	0.144224	0.258368	5.71123	8.59179	0.00100062
0.6788	0.372	1.00325	0.163645	0.241761	5.70604	8.57394	0.00105104
0.6527	0.3566	1.00591	0.186004	0.214892	5.70068	8.54119	0.000924007
0.6124	0.3895	1.01099	0.173715	0.170322	5.68372	8.46251	0.00235357
0.5788	0.3584	1.00893	0.205629	0.129918	5.68572	8.48271	0.000959259
0.6463	0.4098	1.01027	0.127447	0.23483	5.68827	8.48136	0.0018691
0.599	0.4583	1.01911	0.0510241	0.171122	5.66228	8.35009	0.00160395
0.6081	0.4603	1.01497	0.0504694	0.181547	5.66494	8.38984	0.000602115
0.6487	0.4802	1.01116	0.041029	0.233828	5.6808	8.45533	0.00207496
0.5236	0.5015	1.02658	-0.000303204	0.0881863	5.64769	8.25607	0.00268167
0.5306	0.4683	1.02487	0.0523772	0.0883571	5.64663	8.2697	0.00139913
0.5199	0.4552	1.02678	0.0898132	0.051639	5.64339	8.24966	0.000423142
0.5198	0.4324	1.02407	0.142968	0.0387505	5.65456	8.29346	0.000395777
0.51	0.4346	1.02456	0.140835	0.0182657	5.64493	8.27449	0.00026224
0.5057	0.5115	1.03464	-0.0452443	-0.00177685	5.64792	8.18929	0.0010069
0.5153	0.3943	1.01705	0.185051	0.0188196	5.66579	8.37351	0.000468311
0.5139	0.3694	1.01458	0.206644	0.0101908	5.67611	8.41323	0.000888728
0.536	0.4088	1.01847	0.161924	0.0653564	5.66115	8.35294	0.000603872
0.5382	0.4292	1.02316	0.136965	0.0803539	5.65305	8.30027	0.000474618
0.5457	0.3832	1.01555	0.184429	0.0694294	5.6729	8.39845	0.00100401
0.564	0.4278	1.01849	0.128626	0.120403	5.66391	8.35714	0.00145444
0.6234	0.3332	1.0064	0.218865	0.167564	5.70097	8.53505	0.0017861
0.635	0.3236	1.00593	0.217357	0.17669	5.70989	8.55361	0.000432588
0.5578	0.3529	1.01155	0.217553	0.103789	5.68805	8.46372	0.00048987
0.552	0.332	1.00817	0.23589	0.0944788	5.6932	8.5029	0.00219006
0.4985	0.2957	1.00742	0.265727	-0.0167816	5.69758	8.5189	0.000637412
0.5266	0.3428	1.01136	0.225167	0.024238	5.68678	8.46002	0.00139218
0.5334	0.2698	1.00469	0.271936	0.0309782	5.71108	8.5641	0.00038943
0.5213	0.2854	1.00715	0.272892	0.0123824	5.69985	8.52639	0.00058364
0.4977	0.2685	1.00475	0.270753	-0.015865	5.71003	8.56129	0.000750513
0.5339	0.288	1.0064	0.271956	0.0481381	5.70094	8.53514	0.00104648
0.5879	0.2634	1.00415	0.260166	0.101862	5.71173	8.57121	0.00129365
0.6107	0.2741	1.00342	0.241419	0.141867	5.71315	8.57969	0.0021378
0.6651	0.3149	1.00307	0.205996	0.197789	5.71629	8.58899	0.000416618
0.6728	0.2806	0.99922	0.21173	0.186004	5.72299	8.6309	0.00139432
0.6505	0.3179	1.00441	0.213612	0.18697	5.71279	8.57184	0.00094325
0.6833	0.3198	1.00108	0.187406	0.217528	5.71801	8.609	0.000751472
0.6708	0.3416	1.00255	0.18928	0.223661	5.70998	8.58614	0.00102713
0.6413	0.3526	1.00619	0.198909	0.196655	5.69974	8.53613	0.000634261
0.7361	0.3083	0.99699	0.159414	0.231281	5.73073	8.6615	0.00048998
0.7371	0.3418	0.998981	0.155307	0.247349	5.72323	8.63625	0.00217684
0.6906	0.2999	0.999031	0.198105	0.204429	5.72059	8.62972	0.000439661
0.7088	0.2919	0.996988	0.186353	0.20098	5.72792	8.65539	0.000521848
0.7395	0.2833	0.996008	0.156218	0.214975	5.73479	8.67196	0.00129946
0.7227	0.2798	0.99633	0.17216	0.194463	5.73302	8.66493	0.00116498
0.695	0.203	0.995736	0.175449	0.138986	5.74095	8.67335	0.000391843
0.7278	0.2197	0.996159	0.162646	0.167174	5.74289	8.67474	0.00144994
0.7069	0.1745	0.995702	0.146435	0.122521	5.7448	8.67262	0.00122507
0.7134	0.1546	0.996402	0.13164	0.102089	5.75066	8.67102	0.000138297
0.6969	0.1535	0.996084	0.149212	0.0994406	5.7486	8.67288	0.00089439
0.7142	0.1492	0.996633	0.127915	0.0963709	5.75197	8.66994	0.000141767
0.6513	0.1631	0.995932	0.188293	0.100389	5.74409	8.67409	0.00124161
0.6366	0.1515	0.995968	0.184616	0.0891215	5.74583	8.67465	0.00141714
0.6784	0.2021	0.996263	0.184748	0.133062	5.74371	8.67381	0.00094022
0.6259	0.2063	0.99816	0.224106	0.11606	5.73925	8.65659	0.000477583
0.6532	0.2122	0.997649	0.209881	0.136112	5.73953	8.66088	0.000813269
0.6576	0.2337	0.997854	0.21174	0.148888	5.73142	8.64912	0.000598601
0.5436	0.246	1.00257	0.260986	0.0429167	5.72336	8.59802	0.000682
0.6189	0.2274	0.998632	0.230499	0.119328	5.72968	8.63998	0.000852866
0.5981	0.2475	1.00066	0.237537	0.105877	5.72683	8.61841	0.000406243
0.5325	0.1983	0.999815	0.245971	0.0145687	5.73163	8.62939	0.00109285
0.5026	0.23	1.00208	0.265659	-0.0133799	5.72819	8.60983	0.00183666
0.5	0.2325	1.00391	0.267503	-0.014992	5.72865	8.59536	3.22733e-05
0.5361	0.1528	0.997141	0.222633	0.0308505	5.74236	8.6635	0.000695493
0.5273	0.1776	0.998318	0.238592	0.00539221	5.7338	8.64366	0.00155803
0.5193	0.15	0.996958	0.221567	0.000180469	5.73819	8.6581	0.00109425
0.5523	0.169	0.998987	0.242346	0.0478322	5.74084	8.6505	0.00164017
0.5782	0.153	0.996821	0.214092	0.0575847	5.74556	8.67041	0.00137825
0.617	0.1956	0.998014	0.23004	0.100566	5.73798	8.65562	0.00197826
0.5916	0.1089	0.996174	0.153837	0.0478528	5.75168	8.67364	0.00132652
0.6029	0.1237	0.995946	0.170667	0.0586846	5.74835	8.67391	0.00102069
0.5735	0.1304	0.996228	0.187305	0.0490754	5.74745	8.67256	0.000822725
0.535	0.1131	0.996271	0.188764	0.0178342	5.74912	8.67393	0.000882058
0.5185	0.0897	0.996346	0.179352	-0.00304708	5.75078	8.67389	0.000530405
0.5154	0.1173	0.996557	0.195176	-0.00185888	5.74796	8.67078	0.000585605
0.5367	0.0212	0.997527	0.0577964	-0.0137996	5.75355	8.65349	0.000404668
0.5354	0.0244	0.99712	0.0715707	-0.0108629	5.75187	8.65535	0.000570582
0.5383	0.0019	0.997914	0.0205012	-0.0188791	5.75432	8.64991	0.00105566
0.5386	0.0492	0.996671	0.109314	-0.00698591	5.75261	8.66373	0.000852311
0.5677	0.014	0.997835	0.0256875	-0.0124055	5.75473	8.65123	0.00041154
0.5849	0.0237	0.997976	0.0401434	-0.0013451	5.75485	8.65059	0.00143626
0.6554	0.0538	0.997474	0.067876	0.029533	5.75594	8.65851	0.00168852
0.6607	0.0478	0.997748	0.0499713	0.0156635	5.75473	8.65295	0.00147114
0.6652	0.0756	0.997033	0.0827117	0.0414452	5.75189	8.65779	0.00129743
0.6143	0.1011	0.996465	0.133265	0.0480198	5.75365	8.67113	0.0013707
0.6649	0.1421	0.996065	0.152673	0.0881368	5.74886	8.6729	0.000802001
0.6522	0.1087	0.996177	0.117137	0.0634665	5.74999	8.66696	0.00174772
0.719	0.1095	0.997384	0.0689364	0.0676921	5.75083	8.65354	0.00247285
0.7084	0.1308	0.996682	0.103283	0.0824702	5.75104	8.66401	0.000870371
0.6892	0.0551	0.997912	0.0419089	0.0251361	5.7531	8.6489	0.000949046
0.6856	0.0417	0.998151	0.0451858	0.0225319	5.75694	8.65268	0.000131385
0.6949	0.0289	0.99784	0.0447369	0.0243657	5.75366	8.65047	0.000845913
0.6952	0.0012	0.997794	0.0144151	0.0359483	5.75414	8.65104	0.000686747
0.7301	0.028	0.997687	0.0312264	0.0451143	5.7518	8.64921	0.000747447
0.7289	0.0109	0.997558	0.0375296	0.0364415	5.75183	8.65023	0.000339572
0.7468	0.0071	0.997598	0.0297838	0.0368884	5.75279	8.65109	0.000619556
0.7739	0.0012	0.997641	0.0258662	0.0224768	5.75075	8.64711	0.00049594
0.869	0.0059	0.997671	0.00812321	0.00367804	5.75034	8.64569	9.622e-05
0.866	0.0163	0.997661	0.0086711	0.004804	5.74995	8.64519	0.00073935
0.8569	0.0559	0.997564	0.00200873	0.0181282	5.74909	8.64486	0.00182516
0.8585	0.0392	0.997572	0.00243664	0.0143272	5.74929	8.64504	0.000752761
0.8506	0.0415	0.997728	0.00558323	0.0136106	5.75083	8.646	0.000255957
0.8205	0.0358	0.997588	0.0177655	0.0133356	5.74978	8.64576	0.00205446
0.771	0.0292	0.997699	0.0256039	0.0286321	5.75157	8.64798	0.0014981
0.7796	0.0723	0.997624	0.0277131	0.0314381	5.75042	8.64706	0.00298119
0.7605	0.1801	0.996096	0.0959819	0.124982	5.74464	8.66314	0.000302895
0.7732	0.1155	0.997526	0.042207	0.0556805	5.75143	8.65098	0.00182781
0.7314	0.1476	0.996715	0.108761	0.0924528	5.75083	8.66486	0.00111191
0.7669	0.2161	0.995541	0.120999	0.161925	5.7421	8.67216	0.00163522
0.7494	0.2293	0.995912	0.151104	0.176373	5.74332	8.67731	0.000665406
0.7629	0.2349	0.99613	0.138824	0.187887	5.7463	8.68023	0.00054782
0.8574	0.1491	0.997403	0.00555333	0.0393289	5.7479	8.64508	0.00102694
0.8701	0.1703	0.997122	-0.00644328	0.0440395	5.74595	8.64479	0.000339026
0.8189	0.1559	0.997014	0.0264792	0.0600913	5.7478	8.64968	0.00112881
0.8025	0.1388	0.997136	0.0308283	0.0605822	5.74849	8.64981	0.00099866
0.8138	0.1225	0.997461	0.019619	0.0447687	5.74917	8.6469	0.00233328
0.8699	0.1043	0.997449	0.00555477	0.0235148	5.74831	8.64482	0.00228266
0.8946	0.229	0.997132	0.019146	0.0316807	5.74682	8.64571	0.00099137
0.9292	0.1972	0.997189	-0.00452235	-0.00428575	5.746	8.64332	0.000577237
0.8989	0.1867	0.997377	-0.00785076	0.022266	5.7475	8.64419	0.000932736
0.9154	0.2386	0.99716	0.00616237	0.0278641	5.7457	8.64351	0.000800643
0.8776	0.2404	0.996617	0.0339533	0.0553636	5.74616	8.6506	0.000737148
0.8954	0.2528	0.996628	0.0217863	0.0489904	5.74436	8.64713	0.000594556
0.9841	0.235	0.997193	-0.0185417	0.00710631	5.74558	8.64282	0.00120179
0.9497	0.2353	0.997187	-0.00945277	0.00525699	5.74565	8.64284	0.000608632
0.9873	0.2606	0.99707	-0.00328787	0.00934411	5.74446	8.64206	0.00100702
0.9859	0.1936	0.997233	-0.00776774	0.00690624	5.74602	8.643	0.00116485
0.9877	0.19	0.997231	-0.00670527	0.00686659	5.74599	8.64296	4.5155e-05
0.9956	0.1873	0.997232	-0.0061072	0.00743098	5.74601	8.64298	0.000317085
0.954	0.1117	0.997401	-0.0035687	0.0113005	5.74761	8.64395	0.00158577
0.9545	0.1784	0.997296	-0.00280437	0.000678187	5.74667	8.64337	0.000817533
0.9383	0.0886	0.99747	-0.00065487	0.00160172	5.74834	8.64438	0.00161242
0.9364	0.1489	0.997246	-0.00777686	0.00256504	5.74631	8.6433	0.000670503
0.8834	0.0869	0.997459	-0.000511221	0.0139409	5.74823	8.64442	0.00140883
0.8738	0.0751	0.997528	0.00034825	0.014624	5.74885	8.64475	0.000738905
0.9159	0.0262	0.997512	-0.00121474	0.00585626	5.74874	8.64463	0.00214022
0.9117	0.0158	0.997552	-0.00149273	0.00485989	5.74908	8.64479	0.00068528
0.9503	0.0019	0.997532	-0.00249899	0.00793085	5.74887	8.64467	0.00177527
0.9582	0.0545	0.997531	0.00200348	0.00834809	5.74887	8.64469	0.00113503
0.9634	0.0647	0.997427	0.000173887	0.00984111	5.74782	8.64401	0.000939535
0.9958	0.0498	0.997496	0.00010406	0.00441855	5.74851	8.64443	0.00182381
