50	
0.4	0.4	0.8	0	0.8	0.4	1	0.241015036723	0.86362177591	0.848161183453
0.8	0.4	0.8	0	1.2	0	1	0.848161183453	0.86362177591	0.850446814328
1.2	0.4	1.6	0.4	1.2	0.8	1	0.850760874121	0.252131595858	0.855293261913
0.4	0.8	0.8	0.4	0.8	0.8	1	0.252365621247	0.848161183453	0.85053069659
1.2	0.8	1.6	0.4	1.6	0.8	1	0.855293261913	0.252131595858	0.245398556957
0	1.2	0.4	0.8	0.4	1.2	1	0.166904222375	0.252365621247	0.254372585041
0.8	1.2	1.2	0.8	1.2	1.2	1	0.851407720809	0.855293261913	0.852308590571
0.8	1.2	0.8	0.8	1.2	0.8	1	0.851407720809	0.85053069659	0.855293261913
1.2	1.2	1.6	1.2	1.2	1.6	1	0.852308590571	0.254154655726	0.850278838369
0	0.4	0.4	0	0.4	0.4	1	0.163332392119	0.249909699789	0.241015036723
0	1.2	0	0.8	0.4	0.8	1	0.166904222375	0.160925833421	0.252365621247
0.4	1.2	0.8	1.2	0.4	1.6	1	0.254372585041	0.851407720809	0.251189340068
0.4	1.2	0.8	0.8	0.8	1.2	1	0.254372585041	0.85053069659	0.851407720809
1.2	0.8	0.8	0.8	1.2	0.4	1	0.855293261913	0.85053069659	0.850760874121
0	0	0.4	0	0	0.4	1	0.166189139288	0.249909699789	0.163332392119
0.4	0.4	0.8	0.4	0.4	0.8	1	0.241015036723	0.848161183453	0.252365621247
1.2	0	1.6	0	1.2	0.4	1	0.850446814328	0.236239604654	0.850760874121
0.4	0	0.8	0	0.4	0.4	1	0.249909699789	0.86362177591	0.241015036723
0	0.4	0.4	0.4	0	0.8	1	0.163332392119	0.241015036723	0.160925833421
0	1.6	0.4	1.2	0.4	1.6	1	0.167102302945	0.254372585041	0.251189340068
0	1.2	0.4	1.2	0	1.6	1	0.166904222375	0.254372585041	0.167102302945
0	0.8	0.4	0.4	0.4	0.8	1	0.160925833421	0.241015036723	0.252365621247
0.4	0.8	0.8	0.8	0.4	1.2	1	0.252365621247	0.85053069659	0.254372585041
0.4	1.6	0.8	1.2	0.8	1.6	1	0.251189340068	0.851407720809	0.850209512507
1.2	1.2	1.6	0.8	1.6	1.2	1	0.852308590571	0.245398556957	0.254154655726
1.2	1.6	1.6	1.2	1.6	1.6	1	0.850278838369	0.254154655726	0.254257622321
0.8	1.6	1.2	1.2	1.2	1.6	1	0.850209512507	0.852308590571	0.850278838369
0.8	1.6	0.8	1.2	1.2	1.2	1	0.850209512507	0.851407720809	0.852308590571
1.6	0.8	1.2	1.2	1.2	0.8	1	0.245398556957	0.852308590571	0.855293261913
0.8	0.4	1.2	0.4	0.8	0.8	1	0.848161183453	0.850760874121	0.85053069659
1.6	0	1.6	0.4	1.2	0.4	1	0.236239604654	0.252131595858	0.850760874121
0.8	0.4	1.2	0	1.2	0.4	1	0.848161183453	0.850446814328	0.850760874121
