50	
0.4	0.4	0.8	0	0.8	0.4	1	0.3090528111	0.76441766061	0.760180471919
0.8	0.4	0.8	0	1.2	0	1	0.760180471919	0.76441766061	0.761632707726
1.2	0.4	1.6	0.4	1.2	0.8	1	0.758769056739	0.30854782618	0.764503639989
0.4	0.8	0.8	0.4	0.8	0.8	1	0.313378899247	0.760180471919	0.760936881353
1.2	0.8	1.6	0.4	1.6	0.8	1	0.764503639989	0.30854782618	0.302232992389
0	1.2	0.4	0.8	0.4	1.2	1	0.238848274691	0.313378899247	0.314773526188
0.8	1.2	1.2	0.8	1.2	1.2	1	0.762859687147	0.764503639989	0.764015517223
0.8	1.2	0.8	0.8	1.2	0.8	1	0.762859687147	0.760936881353	0.764503639989
1.2	1.2	1.6	1.2	1.2	1.6	1	0.764015517223	0.313794092503	0.762270962968
0	0.4	0.4	0	0.4	0.4	1	0.234251677586	0.310516977328	0.3090528111
0	1.2	0	0.8	0.4	0.8	1	0.238848274691	0.233172591839	0.313378899247
0.4	1.2	0.8	1.2	0.4	1.6	1	0.314773526188	0.762859687147	0.312792178355
0.4	1.2	0.8	0.8	0.8	1.2	1	0.314773526188	0.760936881353	0.762859687147
1.2	0.8	0.8	0.8	1.2	0.4	1	0.764503639989	0.760936881353	0.758769056739
0	0	0.4	0	0	0.4	1	0.234997482144	0.310516977328	0.234251677586
0.4	0.4	0.8	0.4	0.4	0.8	1	0.3090528111	0.760180471919	0.313378899247
1.2	0	1.6	0	1.2	0.4	1	0.761632707726	0.306964962662	0.758769056739
0.4	0	0.8	0	0.4	0.4	1	0.310516977328	0.76441766061	0.3090528111
0	0.4	0.4	0.4	0	0.8	1	0.234251677586	0.3090528111	0.233172591839
0	1.6	0.4	1.2	0.4	1.6	1	0.238233279744	0.314773526188	0.312792178355
0	1.2	0.4	1.2	0	1.6	1	0.238848274691	0.314773526188	0.238233279744
0	0.8	0.4	0.4	0.4	0.8	1	0.233172591839	0.3090528111	0.313378899247
0.4	0.8	0.8	0.8	0.4	1.2	1	0.313378899247	0.760936881353	0.314773526188
0.4	1.6	0.8	1.2	0.8	1.6	1	0.312792178355	0.762859687147	0.761477051875
1.2	1.2	1.6	0.8	1.6	1.2	1	0.764015517223	0.302232992389	0.313794092503
1.2	1.6	1.6	1.2	1.6	1.6	1	0.762270962968	0.313794092503	0.313359312585
0.8	1.6	1.2	1.2	1.2	1.6	1	0.761477051875	0.764015517223	0.762270962968
0.8	1.6	0.8	1.2	1.2	1.2	1	0.761477051875	0.762859687147	0.764015517223
1.6	0.8	1.2	1.2	1.2	0.8	1	0.302232992389	0.764015517223	0.764503639989
0.8	0.4	1.2	0.4	0.8	0.8	1	0.760180471919	0.758769056739	0.760936881353
1.6	0	1.6	0.4	1.2	0.4	1	0.306964962662	0.30854782618	0.758769056739
0.8	0.4	1.2	0	1.2	0.4	1	0.760180471919	0.761632707726	0.758769056739
