50	
0.4	0.4	0.8	0	0.8	0.4	1	0.331695445165	0.729409567106	0.731567434621
0.8	0.4	0.8	0	1.2	0	1	0.731567434621	0.729409567106	0.728651136625
1.2	0.4	1.6	0.4	1.2	0.8	1	0.72816702382	0.330048575653	0.729078226008
0.4	0.8	0.8	0.4	0.8	0.8	1	0.335613997968	0.731567434621	0.727587952725
1.2	0.8	1.6	0.4	1.6	0.8	1	0.729078226008	0.330048575653	0.32695226262
0	1.2	0.4	0.8	0.4	1.2	1	0.268222524334	0.335613997968	0.336662997078
0.8	1.2	1.2	0.8	1.2	1.2	1	0.729643941965	0.729078226008	0.730759495597
0.8	1.2	0.8	0.8	1.2	0.8	1	0.729643941965	0.727587952725	0.729078226008
1.2	1.2	1.6	1.2	1.2	1.6	1	0.730759495597	0.335572709211	0.729023291705
0	0.4	0.4	0	0.4	0.4	1	0.262106595669	0.330204314346	0.331695445165
0	1.2	0	0.8	0.4	0.8	1	0.268222524334	0.264212469803	0.335613997968
0.4	1.2	0.8	1.2	0.4	1.6	1	0.336662997078	0.729643941965	0.336472676995
0.4	1.2	0.8	0.8	0.8	1.2	1	0.336662997078	0.727587952725	0.729643941965
1.2	0.8	0.8	0.8	1.2	0.4	1	0.729078226008	0.727587952725	0.72816702382
0	0	0.4	0	0	0.4	1	0.264502128037	0.330204314346	0.262106595669
0.4	0.4	0.8	0.4	0.4	0.8	1	0.331695445165	0.731567434621	0.335613997968
1.2	0	1.6	0	1.2	0.4	1	0.728651136625	0.330142263393	0.72816702382
0.4	0	0.8	0	0.4	0.4	1	0.330204314346	0.729409567106	0.331695445165
0	0.4	0.4	0.4	0	0.8	1	0.262106595669	0.331695445165	0.264212469803
0	1.6	0.4	1.2	0.4	1.6	1	0.267489291041	0.336662997078	0.336472676995
0	1.2	0.4	1.2	0	1.6	1	0.268222524334	0.336662997078	0.267489291041
0	0.8	0.4	0.4	0.4	0.8	1	0.264212469803	0.331695445165	0.335613997968
0.4	0.8	0.8	0.8	0.4	1.2	1	0.335613997968	0.727587952725	0.336662997078
0.4	1.6	0.8	1.2	0.8	1.6	1	0.336472676995	0.729643941965	0.734013734976
1.2	1.2	1.6	0.8	1.6	1.2	1	0.730759495597	0.32695226262	0.335572709211
1.2	1.6	1.6	1.2	1.6	1.6	1	0.729023291705	0.335572709211	0.33506382665
0.8	1.6	1.2	1.2	1.2	1.6	1	0.734013734976	0.730759495597	0.729023291705
0.8	1.6	0.8	1.2	1.2	1.2	1	0.734013734976	0.729643941965	0.730759495597
1.6	0.8	1.2	1.2	1.2	0.8	1	0.32695226262	0.730759495597	0.729078226008
0.8	0.4	1.2	0.4	0.8	0.8	1	0.731567434621	0.72816702382	0.727587952725
1.6	0	1.6	0.4	1.2	0.4	1	0.330142263393	0.330048575653	0.72816702382
0.8	0.4	1.2	0	1.2	0.4	1	0.731567434621	0.728651136625	0.72816702382
