50	
0.4	0.4	0.8	0	0.8	0.4	1	0.17927976651	0.912831506876	0.912831506157
0.8	0.4	0.8	0	1.2	0	1	0.912831506157	0.912831506876	0.912831548534
1.2	0.4	1.6	0.4	1.2	0.8	1	0.912831522585	0.205729880972	0.920568430924
0.4	0.8	0.8	0.4	0.8	0.8	1	0.205730312054	0.912831506157	0.912831506155
1.2	0.8	1.6	0.4	1.6	0.8	1	0.920568430924	0.205729880972	0.201770464952
0	1.2	0.4	0.8	0.4	1.2	1	0.134248610896	0.205730312054	0.205730312053
0.8	1.2	1.2	0.8	1.2	1.2	1	0.912831506876	0.920568430924	0.912831551877
0.8	1.2	0.8	0.8	1.2	0.8	1	0.912831506876	0.912831506155	0.920568430924
1.2	1.2	1.6	1.2	1.2	1.6	1	0.912831551877	0.205729842485	0.912831551853
0	0.4	0.4	0	0.4	0.4	1	0.13424861204	0.205730312053	0.17927976651
0	1.2	0	0.8	0.4	0.8	1	0.134248610896	0.13166852343	0.205730312054
0.4	1.2	0.8	1.2	0.4	1.6	1	0.205730312053	0.912831506876	0.201770926815
0.4	1.2	0.8	0.8	0.8	1.2	1	0.205730312053	0.912831506155	0.912831506876
1.2	0.8	0.8	0.8	1.2	0.4	1	0.920568430924	0.912831506155	0.912831522585
0	0	0.4	0	0	0.4	1	0.134248612964	0.205730312053	0.13424861204
0.4	0.4	0.8	0.4	0.4	0.8	1	0.17927976651	0.912831506157	0.205730312054
1.2	0	1.6	0	1.2	0.4	1	0.912831548534	0.205729879249	0.912831522585
0.4	0	0.8	0	0.4	0.4	1	0.205730312053	0.912831506876	0.17927976651
0	0.4	0.4	0.4	0	0.8	1	0.13424861204	0.17927976651	0.13166852343
0	1.6	0.4	1.2	0.4	1.6	1	0.134248611865	0.205730312053	0.201770926815
0	1.2	0.4	1.2	0	1.6	1	0.134248610896	0.205730312053	0.134248611865
0	0.8	0.4	0.4	0.4	0.8	1	0.13166852343	0.17927976651	0.205730312054
0.4	0.8	0.8	0.8	0.4	1.2	1	0.205730312054	0.912831506155	0.205730312053
0.4	1.6	0.8	1.2	0.8	1.6	1	0.201770926815	0.912831506876	0.912831506875
1.2	1.2	1.6	0.8	1.6	1.2	1	0.912831551877	0.201770464952	0.205729842485
1.2	1.6	1.6	1.2	1.6	1.6	1	0.912831551853	0.205729842485	0.20572984005
0.8	1.6	1.2	1.2	1.2	1.6	1	0.912831506875	0.912831551877	0.912831551853
0.8	1.6	0.8	1.2	1.2	1.2	1	0.912831506875	0.912831506876	0.912831551877
1.6	0.8	1.2	1.2	1.2	0.8	1	0.201770464952	0.912831551877	0.920568430924
0.8	0.4	1.2	0.4	0.8	0.8	1	0.912831506157	0.912831522585	0.912831506155
1.6	0	1.6	0.4	1.2	0.4	1	0.205729879249	0.205729880972	0.912831522585
0.8	0.4	1.2	0	1.2	0.4	1	0.912831506157	0.912831548534	0.912831522585
