50	
0.4	0.4	0.8	0	0.8	0.4	1	0.280373712125	0.80798834462	0.799969736786
0.8	0.4	0.8	0	1.2	0	1	0.799969736786	0.80798834462	0.801229085474
1.2	0.4	1.6	0.4	1.2	0.8	1	0.799878577542	0.283198132294	0.807938954872
0.4	0.8	0.8	0.4	0.8	0.8	1	0.286361909393	0.799969736786	0.801181207531
1.2	0.8	1.6	0.4	1.6	0.8	1	0.807938954872	0.283198132294	0.27679738513
0	1.2	0.4	0.8	0.4	1.2	1	0.204088107966	0.286361909393	0.288358873647
0.8	1.2	1.2	0.8	1.2	1.2	1	0.802696998803	0.807938954872	0.803577283502
0.8	1.2	0.8	0.8	1.2	0.8	1	0.802696998803	0.801181207531	0.807938954872
1.2	1.2	1.6	1.2	1.2	1.6	1	0.803577283502	0.287690989984	0.802228610056
0	0.4	0.4	0	0.4	0.4	1	0.199689675531	0.28404084081	0.280373712125
0	1.2	0	0.8	0.4	0.8	1	0.204088107966	0.199232732839	0.286361909393
0.4	1.2	0.8	1.2	0.4	1.6	1	0.288358873647	0.802696998803	0.285821319427
0.4	1.2	0.8	0.8	0.8	1.2	1	0.288358873647	0.801181207531	0.802696998803
1.2	0.8	0.8	0.8	1.2	0.4	1	0.807938954872	0.801181207531	0.799878577542
0	0	0.4	0	0	0.4	1	0.200793239653	0.28404084081	0.199689675531
0.4	0.4	0.8	0.4	0.4	0.8	1	0.280373712125	0.799969736786	0.286361909393
1.2	0	1.6	0	1.2	0.4	1	0.801229085474	0.277536276907	0.799878577542
0.4	0	0.8	0	0.4	0.4	1	0.28404084081	0.80798834462	0.280373712125
0	0.4	0.4	0.4	0	0.8	1	0.199689675531	0.280373712125	0.199232732839
0	1.6	0.4	1.2	0.4	1.6	1	0.203801820178	0.288358873647	0.285821319427
0	1.2	0.4	1.2	0	1.6	1	0.204088107966	0.288358873647	0.203801820178
0	0.8	0.4	0.4	0.4	0.8	1	0.199232732839	0.280373712125	0.286361909393
0.4	0.8	0.8	0.8	0.4	1.2	1	0.286361909393	0.801181207531	0.288358873647
0.4	1.6	0.8	1.2	0.8	1.6	1	0.285821319427	0.802696998803	0.801606921917
1.2	1.2	1.6	0.8	1.6	1.2	1	0.803577283502	0.27679738513	0.287690989984
1.2	1.6	1.6	1.2	1.6	1.6	1	0.802228610056	0.287690989984	0.287185509755
0.8	1.6	1.2	1.2	1.2	1.6	1	0.801606921917	0.803577283502	0.802228610056
0.8	1.6	0.8	1.2	1.2	1.2	1	0.801606921917	0.802696998803	0.803577283502
1.6	0.8	1.2	1.2	1.2	0.8	1	0.27679738513	0.803577283502	0.807938954872
0.8	0.4	1.2	0.4	0.8	0.8	1	0.799969736786	0.799878577542	0.801181207531
1.6	0	1.6	0.4	1.2	0.4	1	0.277536276907	0.283198132294	0.799878577542
0.8	0.4	1.2	0	1.2	0.4	1	0.799969736786	0.801229085474	0.799878577542
