50	
0.4	0.4	0.8	0	0.8	0.4	1	0.125	1	1
0.8	0.4	0.8	0	1.2	0	1	1	1	1
1.2	0.4	1.6	0.4	1.2	0.8	1	1	0.125	1
0.4	0.8	0.8	0.4	0.8	0.8	1	0.125	1	1
1.2	0.8	1.6	0.4	1.6	0.8	1	1	0.125	0.125
0	1.2	0.4	0.8	0.4	1.2	1	0.125	0.125	0.125
0.8	1.2	1.2	0.8	1.2	1.2	1	1	1	1
0.8	1.2	0.8	0.8	1.2	0.8	1	1	1	1
1.2	1.2	1.6	1.2	1.2	1.6	1	1	0.125	1
0	0.4	0.4	0	0.4	0.4	1	0.125	0.125	0.125
0	1.2	0	0.8	0.4	0.8	1	0.125	0.125	0.125
0.4	1.2	0.8	1.2	0.4	1.6	1	0.125	1	0.125
0.4	1.2	0.8	0.8	0.8	1.2	1	0.125	1	1
1.2	0.8	0.8	0.8	1.2	0.4	1	1	1	1
0	0	0.4	0	0	0.4	1	0.125	0.125	0.125
0.4	0.4	0.8	0.4	0.4	0.8	1	0.125	1	0.125
1.2	0	1.6	0	1.2	0.4	1	1	0.125	1
0.4	0	0.8	0	0.4	0.4	1	0.125	1	0.125
0	0.4	0.4	0.4	0	0.8	1	0.125	0.125	0.125
0	1.6	0.4	1.2	0.4	1.6	1	0.125	0.125	0.125
0	1.2	0.4	1.2	0	1.6	1	0.125	0.125	0.125
0	0.8	0.4	0.4	0.4	0.8	1	0.125	0.125	0.125
0.4	0.8	0.8	0.8	0.4	1.2	1	0.125	1	0.125
0.4	1.6	0.8	1.2	0.8	1.6	1	0.125	1	1
1.2	1.2	1.6	0.8	1.6	1.2	1	1	0.125	0.125
1.2	1.6	1.6	1.2	1.6	1.6	1	1	0.125	0.125
0.8	1.6	1.2	1.2	1.2	1.6	1	1	1	1
0.8	1.6	0.8	1.2	1.2	1.2	1	1	1	1
1.6	0.8	1.2	1.2	1.2	0.8	1	0.125	1	1
0.8	0.4	1.2	0.4	0.8	0.8	1	1	1	1
1.6	0	1.6	0.4	1.2	0.4	1	0.125	0.125	1
0.8	0.4	1.2	0	1.2	0.4	1	1	1	1
