25	0
0	0	0.125	1e-09	1e-09	0.1	1.2	0.16
0.4	0	0.125	1e-09	1e-09	0.1	1.2	0.16
0	1.2	0.125	1e-09	1e-09	0.1	1.2	0.16
0.8	1.2	1	1e-09	1e-09	1	1.5	0.16
1.6	1.2	0.125	1e-09	1e-09	0.1	1.2	0.16
1.6	0.8	0.125	1e-09	1e-09	0.1	1.2	0.16
1.6	0	0.125	1e-09	1e-09	0.1	1.2	0.16
0	0.4	0.125	1e-09	1e-09	0.1	1.2	0.16
0.8	0.4	1	1e-09	1e-09	1	1.5	0.16
0.4	0.4	0.125	1e-09	1e-09	0.1	1.2	0.16
0	0.8	0.125	1e-09	1e-09	0.1	1.2	0.16
0	1.6	0.125	1e-09	1e-09	0.1	1.2	0.16
0.4	1.6	0.125	1e-09	1e-09	0.1	1.2	0.16
0.4	1.2	0.125	1e-09	1e-09	0.1	1.2	0.16
0.4	0.8	0.125	1e-09	1e-09	0.1	1.2	0.16
0.8	0.8	1	1e-09	1e-09	1	1.5	0.16
0.8	1.6	1	1e-09	1e-09	1	1.5	0.16
1.2	1.6	1	1e-09	1e-09	1	1.5	0.16
1.6	1.6	0.125	1e-09	1e-09	0.1	1.2	0.16
1.2	1.2	1	1e-09	1e-09	1	1.5	0.16
1.6	0.4	0.125	1e-09	1e-09	0.1	1.2	0.16
1.2	0.8	1	1e-09	1e-09	1	1.5	0.16
0.8	0	1	1e-09	1e-09	1	1.5	0.16
1.2	0.4	1	1e-09	1e-09	1	1.5	0.16
1.2	0	1	1e-09	1e-09	1	1.5	0.16
