25	0.109554
0	0	0.200793	-0.00668254	0.00205304	0.229642	1.71553	0.16
0.4	0	0.284041	-0.388458	0.00538403	0.32653	1.79985	0.16
0	1.2	0.204088	0.00137529	-0.0022484	0.235918	1.73394	0.16
0.8	1.2	0.802697	-0.0731226	-0.003331	0.690154	1.29237	0.16
1.6	1.2	0.287691	0.390881	-0.0100697	0.330673	1.80055	0.16
1.6	0.8	0.276797	0.442903	-0.00271875	0.315036	1.8053	0.16
1.6	0	0.277536	0.374235	-0.00290101	0.31893	1.79375	0.16
0	0.4	0.19969	0.028766	0.00803529	0.227127	1.70655	0.16
0.8	0.4	0.79997	-0.0745768	-0.00253286	0.686055	1.28919	0.16
0.4	0.4	0.280374	-0.361183	0.00320063	0.323074	1.79368	0.16
0	0.8	0.199233	0.0676004	0.000968088	0.227999	1.71886	0.16
0	1.6	0.203802	-0.0154364	0.00335665	0.235626	1.73435	0.16
0.4	1.6	0.285821	-0.420372	-0.00804687	0.326079	1.79966	0.16
0.4	1.2	0.288359	-0.390372	0.00664966	0.332021	1.80334	0.16
0.4	0.8	0.286362	-0.386604	0.00929927	0.329371	1.80006	0.16
0.8	0.8	0.801181	-0.0722815	-0.00423337	0.687921	1.29057	0.16
0.8	1.6	0.801607	-0.0754643	-0.0044998	0.689597	1.29326	0.16
1.2	1.6	0.802229	0.0740243	0.00399381	0.689325	1.29164	0.16
1.6	1.6	0.287186	0.38584	-0.00844286	0.330785	1.80219	0.16
1.2	1.2	0.803577	0.0728614	0.0056559	0.691075	1.29267	0.16
1.6	0.4	0.283198	0.388924	-5.49414e-05	0.32494	1.79672	0.16
1.2	0.8	0.807939	0.0917406	0.0237518	0.697929	1.30025	0.16
0.8	0	0.807988	-0.0677568	-0.00394046	0.698872	1.29973	0.16
1.2	0.4	0.799879	0.0780107	0.00527806	0.685455	1.28848	0.16
1.2	0	0.801229	0.0754633	0.00478582	0.685669	1.28652	0.16
