25	0.0365248
0	0	0.134249	-5.23729e-09	9.7575e-10	0.113681	1.27019	0.16
0.4	0	0.20573	-0.229171	6.19357e-06	0.224494	1.66307	0.16
0	1.2	0.134249	-4.48715e-09	9.78646e-10	0.113681	1.27019	0.16
0.8	1.2	0.912832	-0.0406502	-1.02374e-06	0.860475	1.41479	0.16
1.6	1.2	0.20573	0.229172	-6.19195e-06	0.224494	1.66307	0.16
1.6	0.8	0.20177	0.295172	0.0463006	0.216432	1.65363	0.16
1.6	0	0.20573	0.229172	-6.19858e-06	0.224494	1.66307	0.16
0	0.4	0.134249	-4.99026e-10	7.09088e-09	0.113681	1.27019	0.16
0.8	0.4	0.912832	-0.0406502	-1.02291e-06	0.860475	1.41479	0.16
0.4	0.4	0.17928	-0.163176	3.71525e-06	0.1835	1.54863	0.16
0	0.8	0.131669	0.0159403	0.00669405	0.110228	1.25589	0.16
0	1.6	0.134249	-9.22589e-09	-5.13579e-09	0.113681	1.27019	0.16
0.4	1.6	0.201771	-0.295171	-0.0463005	0.216432	1.65362	0.16
0.4	1.2	0.20573	-0.229171	6.19357e-06	0.224494	1.66307	0.16
0.4	0.8	0.20573	-0.229171	6.19357e-06	0.224494	1.66307	0.16
0.8	0.8	0.912832	-0.0406502	-1.02457e-06	0.860475	1.41479	0.16
0.8	1.6	0.912832	-0.0406502	-1.02374e-06	0.860475	1.41479	0.16
1.2	1.6	0.912832	0.0406503	1.0258e-06	0.860475	1.41479	0.16
1.6	1.6	0.20573	0.229172	-6.20693e-06	0.224494	1.66307	0.16
1.2	1.2	0.912832	0.0406503	1.0258e-06	0.860475	1.41479	0.16
1.6	0.4	0.20573	0.229172	-6.18728e-06	0.224494	1.66307	0.16
1.2	0.8	0.920568	0.054055	0.0140015	0.872243	1.42282	0.16
0.8	0	0.912832	-0.0406502	-1.02374e-06	0.860475	1.41479	0.16
1.2	0.4	0.912832	0.0406503	1.02552e-06	0.860475	1.41479	0.16
1.2	0	0.912832	0.0406502	1.02657e-06	0.860475	1.41479	0.16
