25	0.146069
0	0	0.234997	-0.00906281	0.00559034	0.29464	1.88076	0.16
0.4	0	0.310517	-0.403233	0.00540379	0.354565	1.79409	0.16
0	1.2	0.238848	0.00156191	-0.00152865	0.302133	1.89744	0.16
0.8	1.2	0.76286	-0.0825311	-0.00559472	0.633384	1.24884	0.16
1.6	1.2	0.313794	0.404328	-0.0151093	0.357078	1.78876	0.16
1.6	0.8	0.302233	0.457521	-0.00717047	0.34311	1.80756	0.16
1.6	0	0.306965	0.390394	-0.00376666	0.35167	1.79467	0.16
0	0.4	0.234252	0.0280425	0.00629377	0.292694	1.87464	0.16
0.8	0.4	0.76018	-0.0830507	-0.00362851	0.629264	1.24513	0.16
0.4	0.4	0.309053	-0.378903	0.0035622	0.355026	1.79492	0.16
0	0.8	0.233173	0.0674369	0.00771576	0.292714	1.88533	0.16
0	1.6	0.238233	-0.0182079	0.00621541	0.30121	1.89671	0.16
0.4	1.6	0.312792	-0.426488	0.000206544	0.354526	1.79108	0.16
0.4	1.2	0.314774	-0.40282	0.00892308	0.359377	1.79372	0.16
0.4	0.8	0.313379	-0.396808	0.013227	0.358239	1.79354	0.16
0.8	0.8	0.760937	-0.0799258	-0.00620444	0.630741	1.24656	0.16
0.8	1.6	0.761477	-0.0850529	-0.00651536	0.632589	1.24975	0.16
1.2	1.6	0.762271	0.0829824	0.00606727	0.632463	1.24802	0.16
1.6	1.6	0.313359	0.398415	-0.0108486	0.358125	1.79371	0.16
1.2	1.2	0.764016	0.0819085	0.0091017	0.634524	1.24916	0.16
1.6	0.4	0.308548	0.404213	-0.000270044	0.350684	1.78654	0.16
1.2	0.8	0.764504	0.0983841	0.0235051	0.635948	1.25288	0.16
0.8	0	0.764418	-0.0770028	-0.00638476	0.636333	1.25165	0.16
1.2	0.4	0.758769	0.0904524	0.0079917	0.626518	1.24268	0.16
1.2	0	0.761633	0.0850683	0.00716762	0.629254	1.24293	0.16
