25	0.182584
0	0	0.264502	-0.00991009	0.00865178	0.351858	1.99548	0.16
0.4	0	0.330204	-0.407696	0.00638971	0.374568	1.78466	0.16
0	1.2	0.268223	0.00128553	-0.00012776	0.358937	2.00731	0.16
0.8	1.2	0.729644	-0.0895163	-0.00751706	0.588005	1.21285	0.16
1.6	1.2	0.335573	0.395165	-0.0188566	0.378222	1.76889	0.16
1.6	0.8	0.326952	0.445352	-0.0107657	0.368461	1.78966	0.16
1.6	0	0.330142	0.382339	-0.0039745	0.375849	1.78077	0.16
0	0.4	0.262107	0.0329188	0.0167739	0.346365	1.98288	0.16
0.8	0.4	0.731567	-0.0870155	0.0024603	0.589681	1.21287	0.16
0.4	0.4	0.331695	-0.371602	0.00320044	0.378792	1.78203	0.16
0	0.8	0.264212	0.0631843	0.0112539	0.353073	2.00654	0.16
0	1.6	0.267489	-0.0187816	0.00819517	0.357865	2.00701	0.16
0.4	1.6	0.336473	-0.417446	0.00547096	0.379486	1.7789	0.16
0.4	1.2	0.336663	-0.39248	0.0110048	0.381229	1.77565	0.16
0.4	0.8	0.335614	-0.383936	0.0159653	0.381255	1.77782	0.16
0.8	0.8	0.727588	-0.0854349	-0.00796702	0.585288	1.21031	0.16
0.8	1.6	0.734014	-0.088316	-0.00789103	0.594998	1.21985	0.16
1.2	1.6	0.729023	0.0896523	0.00799659	0.587107	1.21205	0.16
1.6	1.6	0.335064	0.387893	-0.0129615	0.38012	1.77702	0.16
1.2	1.2	0.730759	0.0884616	0.0115969	0.588946	1.21289	0.16
1.6	0.4	0.330049	0.396515	0.00107495	0.371817	1.76844	0.16
1.2	0.8	0.729078	0.103506	0.0234474	0.587514	1.21438	0.16
0.8	0	0.72941	-0.0839875	-0.00830936	0.588193	1.21316	0.16
1.2	0.4	0.728167	0.102007	0.0167754	0.584313	1.20901	0.16
1.2	0	0.728651	0.092026	0.00927199	0.584214	1.20694	0.16
