25	0.219099
0	0	0.288249	-0.011141	0.0127104	0.397989	2.07121	0.16
0.4	0	0.349332	-0.3821	0.0063459	0.39466	1.76765	0.16
0	1.2	0.291997	0.000992248	0.00197324	0.404817	2.07956	0.16
0.8	1.2	0.702375	-0.0946907	-0.00913923	0.55197	1.18332	0.16
1.6	1.2	0.35435	0.37176	-0.0213278	0.396978	1.74978	0.16
1.6	0.8	0.3483	0.425366	-0.0170899	0.389364	1.76746	0.16
1.6	0	0.349269	0.359334	-0.0037483	0.395806	1.76443	0.16
0	0.4	0.285905	0.021161	0.00447068	0.392657	2.06031	0.16
0.8	0.4	0.70273	-0.0915496	0.000784906	0.551395	1.18116	0.16
0.4	0.4	0.350416	-0.348764	0.00188617	0.398584	1.76701	0.16
0	0.8	0.286758	0.0700074	0.00377687	0.397215	2.08024	0.16
0	1.6	0.291251	-0.019705	0.00919312	0.403812	2.07994	0.16
0.4	1.6	0.354851	-0.390707	0.00903276	0.397919	1.75842	0.16
0.4	1.2	0.34935	-0.370001	0.0112239	0.393465	1.75793	0.16
0.4	0.8	0.354769	-0.357523	0.0180902	0.401684	1.76243	0.16
0.8	0.8	0.705165	-0.0858231	-0.00866779	0.555667	1.18571	0.16
0.8	1.6	0.704486	-0.0964349	-0.0122831	0.555358	1.1872	0.16
1.2	1.6	0.701993	0.0949267	0.00980461	0.551386	1.18274	0.16
1.6	1.6	0.353508	0.363405	-0.0145724	0.399224	1.76012	0.16
1.2	1.2	0.703316	0.0932002	0.0131332	0.552539	1.18286	0.16
1.6	0.4	0.348936	0.376366	0.00309961	0.390827	1.75091	0.16
1.2	0.8	0.700653	0.107631	0.0240376	0.549864	1.18326	0.16
0.8	0	0.70594	-0.0855812	-0.00920557	0.557035	1.18731	0.16
1.2	0.4	0.700607	0.106641	0.0177927	0.547821	1.17873	0.16
1.2	0	0.700586	0.100171	0.0110744	0.546663	1.17552	0.16
