25	0.0730395
0	0	0.166189	0.00241441	0.000858441	0.166937	1.50675	0.16
0.4	0	0.24991	-0.337112	0.00433465	0.285465	1.77024	0.16
0	1.2	0.166904	0.000563656	-0.000232983	0.168143	1.51113	0.16
0.8	1.2	0.851408	-0.060576	-0.00135081	0.763284	1.34658	0.16
1.6	1.2	0.254155	0.341198	-0.0040058	0.291848	1.78068	0.16
1.6	0.8	0.245399	0.396078	0.0105361	0.277333	1.77369	0.16
1.6	0	0.23624	0.31359	-0.00218638	0.266097	1.73875	0.16
0	0.4	0.163332	0.0213826	0.00699324	0.161461	1.48307	0.16
0.8	0.4	0.848161	-0.0619036	-0.00164099	0.758568	1.34347	0.16
0.4	0.4	0.241015	-0.301466	0.00177893	0.273287	1.74629	0.16
0	0.8	0.160926	0.0582376	-0.00741808	0.157952	1.47401	0.16
0	1.6	0.167102	-0.00831675	-0.00158849	0.16869	1.51428	0.16
0.4	1.6	0.251189	-0.38343	-0.0220776	0.284939	1.77529	0.16
0.4	1.2	0.254373	-0.341081	0.00411463	0.292159	1.781	0.16
0.4	0.8	0.252366	-0.338434	0.00437593	0.289169	1.77603	0.16
0.8	0.8	0.850531	-0.0603148	-0.00195196	0.76184	1.3454	0.16
0.8	1.6	0.85021	-0.0618816	-0.00193736	0.762163	1.34658	0.16
1.2	1.6	0.850279	0.0612089	0.00208246	0.76148	1.34522	0.16
1.6	1.6	0.254258	0.33657	-0.00579755	0.292406	1.78172	0.16
1.2	1.2	0.852309	0.0605433	0.0028111	0.764314	1.34697	0.16
1.6	0.4	0.252132	0.338157	0.00353119	0.28932	1.77843	0.16
1.2	0.8	0.855293	0.0723996	0.0138876	0.769299	1.3519	0.16
0.8	0	0.863622	-0.0545235	-0.00102868	0.783014	1.36148	0.16
1.2	0.4	0.850761	0.0616379	0.00272202	0.76221	1.34578	0.16
1.2	0	0.850447	0.0613434	0.0019386	0.761733	1.34541	0.16
