0 0 2 2
1 1
400
0 0
1 0.5
0 1
1 1.5
1.4 0.9
1.5 1.2
0 1.3
1.7 1.4
1.7 1.2
1.9 1
0 1.1
0.3 0.5
0.6 0.5
0.1 0.6
0 1.4
0 1.7
0.3 1.7
0.7 1.6
0.5 1.2
1.4 1.1
1.3 1.7
1.4 1.5
1.8 1.4
1.9 1.3
1.1 0.9
1.1 1.1
0.8 0.3
0.9 0
1 0.7
0.2 0.4
0 0.6
0 0.1
0.3 0.3
0.7 0
0.8 0
0.9 0.4
0.8 0.4
0.8 0.6
0.8 0.8
0.9 0.7
0.4 0.8
0.7 0.8
0.3 0.9
0.2 0.6
0.1 0.8
0 0.8
0 1.2
0.1 1.1
0.1 1.3
0.2 1.5
0.1 1.6
0.1 1.8
0.4 1.9
0.2 1.7
0.4 1.7
0.4 1.6
0.6 1.9
0.8 1.9
0.9 1.8
0.7 1.7
0.8 1.5
0.4 1.4
0.6 1.3
0.8 1.1
0.9 1.1
1.3 1.1
1.5 1
1.3 1.4
1.2 1.1
1 1.9
0.9 1.9
1.5 1.9
1.5 1.7
1.2 1.6
1.6 1.6
1.7 1.8
1.8 1.9
1.9 1.6
1.9 1.5
1.8 1.3
1.6 1.4
1.6 1.3
1.8 1.2
1.9 1.1
1.6 0.7
1.7 0.8
1.9 0.8
1.5 0.8
1.2 1
1 0.9
1.2 0.8
1.4 0.7
1.4 0.8
1.1 0.5
1.1 0.2
1.2 0.3
1.4 0.4
1.5 0.2
1.5 0.6
1.9 0.4
1.6 0.3
1.9 0.2
0.2 0
0.1 0
0.1 0.1
0 0.3
0 0.4
0.1 0.3
0 0.2
0.1 0.2
0.3 0.2
0.2 0.3
0.4 0.3
0.2 0.2
0.3 0.1
0.2 0.1
0.3 0
0.4 0.1
0.4 0
0.6 0
0.5 0
0.4 0.2
0.5 0.1
0.8 0.1
0.9 0.1
0.9 0.2
0.7 0.1
0.6 0.1
0.7 0.2
0.8 0.2
0.9 0.3
0.7 0.3
0.7 0.4
0.6 0.3
0.6 0.2
0.5 0.2
0.5 0.3
0.4 0.4
0.6 0.6
0.5 0.5
0.5 0.6
0.6 0.4
0.7 0.5
0.9 0.5
0.9 0.6
0.8 0.5
0.7 0.6
0.7 0.7
0.8 0.7
0.9 0.8
0.9 0.9
0.8 0.9
0.6 0.8
0.6 0.7
0.5 0.7
0.5 0.8
0.5 0.9
0.4 0.7
0.3 0.7
0.4 0.9
0.3 0.8
0.4 0.6
0.5 0.4
0.3 0.4
0.4 0.5
0.3 0.6
0.2 0.5
0.1 0.5
0.1 0.4
0 0.5
0.1 0.7
0 0.7
0.2 0.7
0.2 0.8
0.2 0.9
0.1 0.9
0.1 1.2
0 0.9
0.1 1
0.2 1.1
0.2 1
0.4 1
0.4 1.1
0.3 1
0.3 1.1
0.3 1.2
0.3 1.4
0.4 1.3
0.4 1.2
0.2 1.4
0.3 1.3
0.2 1.2
0.2 1.3
0.1 1.4
0 1.6
0.1 1.5
0 1.5
0.2 1.6
0 1.8
0 1.9
0.1 1.9
0.2 1.9
0.1 1.7
0.3 1.8
0.3 1.9
0.5 1.9
0.4 1.8
0.5 1.8
0.5 1.7
0.2 1.8
0.3 1.6
0.3 1.5
0.4 1.5
0.6 1.5
0.7 1.4
0.6 1.4
0.5 1.4
0.5 1.5
0.5 1.6
0.6 1.8
0.6 1.7
0.6 1.6
0.7 1.8
0.7 1.9
0.8 1.8
0.8 1.7
0.9 1.7
0.9 1.6
0.8 1.6
0.7 1.5
0.9 1.5
0.9 1.4
0.8 1.4
0.9 1.2
0.9 1.3
0.8 1.3
0.7 1.3
0.5 1.3
0.6 1.2
0.7 1.2
0.8 1.2
0.6 1.1
0.5 1.1
0.5 1
0.6 1
0.6 0.9
0.7 1
0.7 1.1
0.8 1
0.9 1
0.7 0.9
1 1
1 1.1
1 1.2
1.1 1
1.2 1.2
1.3 1
1.3 1.2
1.3 1.3
1.1 1.2
1.3 1.5
1.4 1.4
1.4 1.3
1.2 1.4
1.2 1.3
1.1 1.3
1 1.3
1.1 1.4
1 1.4
1.1 1.5
1.1 1.6
1 1.6
1 1.7
1 1.8
1.1 1.9
1.1 1.8
1.1 1.7
1.2 1.8
1.2 1.9
1.3 1.9
1.3 1.8
1.4 1.8
1.4 1.7
1.2 1.7
1.2 1.5
1.3 1.6
1.4 1.6
1.5 1.5
1.6 1.5
1.6 1.7
1.5 1.6
1.5 1.8
1.4 1.9
1.6 1.9
1.7 1.9
1.6 1.8
1.8 1.7
1.8 1.8
1.9 1.9
1.9 1.8
1.9 1.7
1.7 1.6
1.7 1.7
1.7 1.5
1.8 1.6
1.8 1.5
1.9 1.2
1.9 1.4
1.7 1.3
1.7 1.1
1.5 1.4
1.5 1.3
1.4 1.2
1.6 1.2
1.6 1.1
1.5 1.1
1.4 1
1.6 1
1.6 0.9
1.7 0.9
1.8 0.9
1.7 1
1.8 1.1
1.8 1
1.9 0.9
1.8 0.6
1.8 0.7
1.8 0.8
1.9 0.7
1.9 0.6
1.9 0.5
1.8 0.4
1.8 0.5
1.7 0.6
1.6 0.5
1.7 0.5
1.6 0.4
1.5 0.5
1.5 0.7
1.6 0.6
1.7 0.7
1.6 0.8
1.5 0.9
1.2 0.9
1.3 0.7
1.3 0.9
1.3 0.8
1.1 0.8
1 0.8
1 0.6
1.1 0.7
1.2 0.7
1.2 0.6
1.1 0.6
1 0.4
1.2 0.5
1.2 0.4
1.3 0.5
1.3 0.6
1.4 0.6
1.4 0.5
1.5 0.4
1.3 0.4
1.3 0.2
1.4 0.2
1.3 0.3
1.1 0.4
1.1 0.3
1 0.3
1 0.2
1.2 0.2
1.1 0.1
1 0.1
1 0
1.1 0
1.2 0
1.3 0
1.2 0.1
1.3 0.1
1.4 0.1
1.4 0
1.6 0.1
1.6 0
1.5 0
1.7 0.1
1.5 0.3
1.4 0.3
1.7 0.3
1.6 0.2
1.5 0.1
1.7 0.2
1.7 0.4
1.8 0.3
1.9 0.3
1.8 0.2
1.9 0.1
1.8 0.1
1.7 0
1.8 0
1.9 0

800
163 32 112 
373 374 372 
399 0 395 
29 32 163 
39 144 349 
357 355 362 
143 145 35 
164 11 137 
172 170 43 
65 316 19 
322 82 8 
149 38 39 
87 342 4 
234 231 232 
270 271 269 
311 262 5 
53 197 210 
282 286 290 
303 7 22 
272 58 226 
278 277 280 
299 298 76 
134 128 133 
256 88 345 
338 98 339 
315 5 312 
316 256 4 
78 307 14 
176 47 179 
74 290 288 
46 23 306 
80 81 308 
92 87 4 
10 83 2 
321 314 317 
306 82 83 
156 159 155 
164 161 165 
200 201 103 
147 153 146 
137 163 112 
170 171 13 
201 102 103 
307 22 23 
6 48 14 
395 101 394 
210 212 55 
209 201 200 
220 17 59 
218 54 55 
237 187 18 
184 185 191 
177 2 9 
257 255 65 
316 4 342 
271 272 226 
254 25 252 
310 21 261 
284 73 270 
196 77 78 
308 8 82 
14 307 6 
79 308 82 
64 249 251 
236 214 215 
256 316 65 
117 110 114 
1 354 366 
374 371 372 
226 224 225 
348 28 350 
377 370 94 
166 29 163 
169 30 329 
171 45 86 
340 326 85 
106 99 105 
365 364 386 
135 122 127 
109 105 108 
126 33 34 
119 56 223 
123 34 27 
33 119 223 
143 35 354 
125 129 124 
145 36 35 
26 130 36 
41 147 148 
142 132 36 
250 41 38 
149 28 348 
148 39 38 
37 143 144 
183 179 180 
165 158 172 
151 250 38 
138 12 142 
159 183 42 
165 172 43 
165 43 11 
168 106 107 
174 175 173 
177 9 324 
175 177 44 
339 84 338 
23 46 6 
10 47 46 
179 184 191 
10 2 178 
192 189 193 
6 46 176 
195 193 189 
193 48 192 
197 50 49 
15 300 194 
209 51 53 
15 50 202 
118 114 116 
230 228 60 
204 116 102 
202 50 197 
203 54 206 
211 197 49 
16 55 54 
237 61 187 
117 118 120 
221 208 218 
34 57 70 
34 33 57 
70 58 273 
225 222 59 
56 219 222 
219 205 207 
233 235 240 
41 250 245 
55 212 217 
229 213 214 
239 238 247 
232 60 229 
247 238 241 
253 259 266 
150 151 149 
258 67 263 
68 88 256 
342 66 316 
315 19 66 
285 73 260 
266 231 234 
19 257 65 
68 259 25 
372 369 125 
27 34 70 
27 70 69 
57 58 70 
279 292 376 
289 74 301 
287 290 286 
281 279 280 
283 276 73 
273 69 70 
301 302 289 
295 75 293 
302 304 296 
300 296 77 
381 388 97 
294 75 297 
198 299 15 
305 22 307 
193 195 196 
305 301 303 
22 79 23 
22 7 79 
288 80 7 
287 21 310 
308 81 8 
311 261 262 
309 322 8 
306 79 82 
2 83 9 
10 46 306 
327 86 320 
318 317 66 
327 319 85 
319 321 317 
328 86 327 
45 177 324 
346 344 91 
341 85 318 
25 88 68 
24 90 343 
254 251 24 
247 63 239 
347 90 24 
349 1 93 
338 91 98 
353 28 349 
345 92 4 
91 338 92 
366 93 1 
368 35 130 
389 382 381 
130 26 125 
370 95 367 
368 354 35 
336 361 100 
358 344 351 
389 381 97 
385 361 96 
333 84 339 
359 344 358 
105 99 393 
330 329 325 
398 384 397 
391 335 334 
108 105 393 
393 331 392 
115 104 102 
200 0 199 
104 103 102 
31 0 103 
29 168 111 
31 103 104 
31 108 101 
29 166 167 
107 106 105 
169 330 106 
113 111 107 
29 167 168 
104 108 31 
109 107 105 
104 109 108 
115 102 116 
111 110 32 
205 118 52 
29 111 32 
107 109 113 
137 112 136 
32 110 121 
111 113 110 
109 104 115 
113 114 110 
120 118 205 
113 115 114 
113 109 115 
115 116 114 
102 201 204 
122 117 120 
121 110 117 
114 118 117 
116 52 118 
119 120 56 
119 122 120 
134 127 126 
112 32 121 
33 126 127 
121 117 122 
129 123 124 
126 34 123 
373 124 27 
123 27 124 
367 368 94 
26 131 129 
128 134 126 
127 119 33 
119 127 122 
126 123 128 
131 128 129 
131 133 128 
26 129 125 
128 123 129 
369 368 130 
35 36 130 
36 132 26 
135 112 121 
162 137 136 
131 26 132 
132 141 131 
132 12 141 
136 135 134 
135 127 134 
133 136 134 
121 122 135 
141 139 162 
112 135 136 
133 141 162 
153 154 138 
140 161 139 
138 140 12 
140 154 157 
12 140 139 
153 147 152 
131 141 133 
12 139 141 
146 142 145 
12 132 142 
144 143 1 
145 142 36 
349 144 1 
39 148 144 
37 145 143 
37 146 145 
147 146 37 
138 142 146 
148 147 37 
41 152 147 
144 148 37 
38 41 148 
28 149 39 
252 25 253 
348 150 149 
249 63 248 
149 151 38 
249 64 63 
156 155 152 
154 140 138 
155 154 153 
138 146 153 
152 155 153 
40 154 155 
243 182 181 
159 40 155 
40 157 154 
178 174 180 
40 160 157 
173 44 172 
244 241 242 
42 40 159 
157 160 158 
40 42 160 
157 161 140 
157 158 161 
133 162 136 
139 164 162 
11 163 137 
11 166 163 
162 164 137 
139 161 164 
164 165 11 
161 158 165 
43 166 11 
43 13 166 
13 167 166 
13 30 167 
111 168 107 
167 169 168 
168 169 106 
167 30 169 
43 170 13 
44 45 170 
13 171 30 
170 45 171 
160 173 158 
44 170 172 
158 173 172 
160 42 174 
178 175 174 
173 160 174 
173 175 44 
181 183 159 
6 176 48 
46 47 176 
44 177 45 
175 2 177 
10 178 47 
2 175 178 
191 48 176 
47 178 180 
47 180 179 
174 42 180 
156 181 159 
184 179 183 
243 244 242 
187 61 186 
42 183 180 
181 182 184 
181 184 183 
188 18 187 
182 185 184 
195 49 50 
187 186 190 
61 211 186 
188 187 190 
237 62 216 
182 188 185 
182 242 188 
192 190 189 
186 49 189 
188 190 185 
186 189 190 
179 191 176 
185 190 192 
191 192 48 
191 185 192 
49 195 189 
14 48 193 
196 195 194 
50 15 194 
194 195 50 
194 77 196 
14 196 78 
14 193 196 
211 210 197 
53 202 197 
298 198 199 
15 202 198 
31 395 0 
198 51 199 
0 200 103 
199 51 200 
51 209 200 
209 16 203 
51 202 53 
51 198 202 
54 203 16 
204 201 203 
206 204 203 
52 116 204 
120 205 56 
206 54 208 
52 206 207 
52 204 206 
220 207 208 
205 52 207 
206 208 207 
218 217 213 
16 209 53 
203 201 209 
16 210 55 
16 53 210 
186 211 49 
212 210 211 
211 61 212 
221 218 213 
212 61 216 
229 214 232 
215 62 236 
213 215 214 
217 212 216 
215 216 62 
215 213 217 
215 217 216 
213 229 221 
54 218 208 
55 217 218 
222 219 59 
56 205 219 
219 220 59 
219 207 220 
220 221 17 
220 208 221 
17 228 59 
223 56 222 
224 223 222 
57 33 223 
57 224 58 
57 223 224 
227 226 225 
224 222 225 
224 226 58 
228 17 60 
230 227 228 
3 269 271 
225 228 227 
225 59 228 
17 229 60 
17 221 229 
268 230 231 
3 227 230 
263 264 258 
230 60 231 
64 233 240 
231 60 232 
235 233 234 
64 252 233 
235 234 232 
233 252 253 
214 235 232 
236 239 240 
238 239 62 
235 214 236 
61 237 216 
18 238 237 
237 238 62 
240 239 63 
236 62 239 
64 240 63 
235 236 240 
18 241 238 
18 188 242 
243 242 182 
241 18 242 
156 243 181 
245 152 41 
156 245 243 
246 241 244 
243 245 244 
156 152 245 
245 250 244 
248 63 247 
246 247 241 
246 248 247 
151 248 246 
151 150 248 
150 249 248 
150 89 249 
246 250 151 
246 244 250 
89 251 249 
89 24 251 
251 252 64 
251 254 252 
233 253 234 
259 68 255 
343 254 24 
88 25 254 
65 255 68 
266 268 231 
68 256 65 
346 90 344 
312 262 258 
262 261 67 
257 258 264 
257 19 312 
266 259 265 
253 25 259 
261 260 67 
286 282 20 
260 261 21 
67 258 262 
257 312 258 
311 81 310 
264 263 267 
67 260 284 
255 264 265 
255 257 264 
255 265 259 
268 3 230 
253 266 234 
265 267 268 
264 267 265 
263 67 284 
265 268 266 
267 3 268 
267 269 3 
267 263 269 
276 270 73 
269 284 270 
227 271 226 
227 3 271 
58 272 273 
271 270 272 
270 276 272 
272 276 273 
279 375 278 
69 273 275 
283 275 276 
274 69 275 
283 277 275 
275 273 276 
280 277 20 
274 275 277 
377 371 375 
274 277 278 
383 71 293 
282 281 280 
279 278 280 
20 282 280 
291 71 292 
285 286 20 
72 281 282 
285 283 73 
20 277 283 
263 284 269 
260 73 284 
21 285 260 
20 283 285 
21 286 285 
21 287 286 
288 287 80 
290 72 282 
303 74 288 
295 291 289 
72 74 289 
288 290 287 
74 72 290 
72 291 281 
72 289 291 
281 292 279 
281 291 292 
291 295 71 
398 76 298 
75 294 293 
394 101 392 
302 295 289 
293 71 295 
302 296 75 
300 15 299 
294 297 76 
75 296 297 
0 399 199 
76 297 299 
296 300 297 
198 298 299 
194 300 77 
299 297 300 
303 301 74 
305 78 304 
295 302 75 
301 304 302 
288 7 303 
77 304 78 
77 296 304 
301 305 304 
303 22 305 
10 306 83 
23 79 306 
6 307 23 
78 305 307 
7 308 79 
7 80 308 
323 309 321 
8 313 309 
80 310 81 
80 287 310 
313 311 5 
310 261 311 
315 312 19 
5 262 312 
81 313 8 
81 311 313 
313 314 309 
313 5 314 
317 315 66 
314 5 315 
19 316 66 
319 317 318 
314 315 317 
84 341 87 
85 319 318 
327 320 319 
321 309 314 
324 320 86 
323 322 309 
320 321 319 
320 324 323 
83 322 9 
83 82 322 
320 323 321 
9 322 323 
45 324 86 
9 323 324 
332 330 325 
30 171 328 
341 340 85 
329 30 328 
326 327 85 
326 328 327 
325 329 326 
171 86 328 
326 329 328 
391 334 336 
106 330 99 
169 329 330 
391 331 335 
99 330 332 
99 332 331 
325 333 332 
325 326 340 
333 339 335 
386 96 362 
332 335 331 
332 333 335 
337 336 334 
100 387 336 
98 337 334 
359 91 344 
87 338 84 
87 92 338 
334 339 98 
334 335 339 
333 340 84 
333 325 340 
342 341 318 
84 340 341 
341 342 87 
318 66 342 
88 343 345 
88 254 343 
92 346 91 
351 347 350 
256 345 4 
343 90 346 
345 346 92 
345 343 346 
89 347 24 
348 350 347 
89 348 347 
89 150 348 
353 350 28 
28 39 349 
93 353 349 
351 90 347 
352 351 350 
344 90 351 
357 352 355 
358 351 352 
355 353 93 
352 350 353 
95 366 367 
1 143 354 
362 355 356 
352 353 355 
365 356 95 
355 93 356 
337 359 360 
337 98 359 
357 358 352 
360 96 361 
357 360 358 
98 91 359 
358 360 359 
357 96 360 
337 361 336 
337 360 361 
363 365 95 
96 357 362 
379 364 363 
365 386 362 
378 379 363 
97 385 386 
356 365 362 
363 364 365 
356 366 95 
356 93 366 
370 367 94 
366 354 367 
125 369 130 
367 354 368 
124 372 125 
94 368 369 
371 377 94 
363 95 370 
375 371 374 
94 369 371 
373 372 124 
371 369 372 
69 373 27 
69 274 373 
274 374 373 
274 278 374 
278 375 374 
377 378 370 
279 376 375 
380 379 378 
376 377 375 
378 363 370 
376 378 377 
376 380 378 
389 364 379 
292 380 376 
292 71 380 
379 383 389 
382 294 397 
293 382 383 
293 294 382 
380 383 379 
380 71 383 
382 397 381 
396 398 399 
388 385 97 
100 361 385 
97 386 364 
385 96 386 
388 390 100 
392 331 391 
385 388 100 
381 384 388 
364 389 97 
383 382 389 
100 390 387 
388 384 390 
387 391 336 
387 392 391 
390 394 387 
393 99 331 
101 393 392 
101 108 393 
387 394 392 
390 384 396 
399 298 199 
31 101 395 
394 396 395 
394 390 396 
381 397 384 
294 76 397 
384 398 396 
397 76 398 
396 399 395 
398 298 399 

254 40 3 
68 745 749 
406 798 600 
0 72 235 
298 700 299 
711 726 705 
86 84 300 
334 336 338 
348 99 353 
635 149 65 
60 177 647 
92 308 312 
54 32 685 
472 475 148 
462 547 551 
628 625 176 
402 429 403 
157 580 527 
172 614 610 
459 55 550 
560 566 563 
591 601 603 
268 281 263 
687 691 144 
679 105 195 
628 627 634 
691 54 65 
61 400 618 
368 390 361 
584 581 585 
616 180 106 
175 620 623 
12 197 678 
179 109 615 
637 184 641 
647 615 178 
321 314 370 
339 338 337 
42 408 47 
317 302 291 
0 237 334 
350 348 351 
219 38 246 
171 617 168 
395 61 360 
593 792 791 
136 428 431 
38 410 427 
451 447 449 
124 444 443 
377 482 125 
393 108 378 
179 103 363 
516 149 535 
12 145 26 
19 548 551 
309 511 515 
528 626 174 
546 547 574 
611 400 399 
10 62 175 
617 44 27 
60 178 619 
508 510 313 
437 436 480 
9 518 26 
241 249 248 
736 199 710 
746 1 743 
458 457 459 
699 696 91 
735 741 752 
3 335 224 
655 663 347 
650 659 351 
656 654 668 
211 225 662 
772 728 732 
265 280 282 
215 231 230 
129 258 255 
452 83 251 
152 260 258 
81 454 264 
204 710 6 
257 739 269 
272 6 297 
272 273 202 
304 307 305 
273 297 295 
307 96 135 
70 310 308 
11 307 299 
296 306 300 
368 374 371 
354 99 339 
90 312 506 
295 303 288 
374 327 359 
8 100 95 
340 338 99 
225 344 346 
358 357 356 
651 186 52 
362 358 363 
677 24 209 
111 617 30 
361 180 364 
51 390 371 
365 364 33 
112 113 386 
361 360 106 
110 394 169 
392 110 395 
379 123 121 
604 397 597 
412 426 410 
121 405 397 
245 250 249 
460 470 461 
232 246 417 
114 403 117 
419 416 414 
114 430 402 
49 414 428 
373 50 481 
242 247 249 
443 433 450 
154 152 129 
454 128 80 
550 160 154 
445 464 458 
445 452 446 
423 448 446 
487 471 473 
498 493 90 
438 444 46 
437 435 442 
140 192 479 
465 435 472 
488 500 138 
524 538 525 
312 310 503 
541 469 529 
23 518 189 
635 54 686 
635 633 627 
574 575 571 
13 538 517 
53 9 523 
525 189 513 
737 739 746 
128 153 82 
160 747 152 
130 128 455 
760 753 588 
606 161 583 
17 578 584 
566 565 588 
546 571 556 
153 130 555 
594 156 609 
592 595 608 
612 596 609 
612 604 602 
770 207 777 
599 598 592 
597 405 603 
43 618 614 
396 401 112 
606 614 613 
616 43 172 
619 171 18 
620 610 579 
57 624 578 
629 60 31 
521 15 626 
10 622 643 
62 35 616 
646 52 33 
30 615 107 
642 640 185 
633 686 636 
639 656 640 
34 636 644 
181 657 659 
103 650 362 
676 689 519 
639 683 654 
144 150 515 
692 514 193 
509 514 511 
484 138 499 
190 695 702 
199 701 298 
720 24 198 
700 701 699 
32 691 693 
678 689 195 
194 67 734 
272 271 204 
768 207 779 
269 737 87 
709 735 742 
84 200 738 
771 674 723 
704 706 210 
165 778 201 
718 773 771 
105 669 681 
206 721 676 
785 215 76 
658 652 663 
794 797 796 
680 661 664 
211 787 79 
775 786 785 
219 232 240 
600 409 408 
42 217 222 
408 222 406 
344 235 228 
219 229 220 
787 791 229 
342 228 72 
76 230 101 
662 346 663 
344 236 239 
345 221 224 
223 222 231 
225 79 236 
79 229 240 
120 245 217 
238 235 239 
250 423 242 
233 3 221 
244 227 230 
284 275 40 
248 254 233 
241 233 227 
217 244 231 
66 239 243 
234 418 126 
245 241 244 
240 243 236 
118 243 232 
415 120 42 
126 252 256 
66 256 238 
126 66 118 
234 118 417 
418 81 252 
247 251 265 
255 263 280 
238 274 0 
253 264 80 
247 282 248 
260 85 270 
82 266 80 
260 747 745 
259 257 82 
740 735 738 
267 269 276 
253 266 22 
83 255 265 
78 252 264 
270 263 258 
270 262 268 
22 267 292 
85 202 262 
257 267 266 
200 737 740 
87 200 86 
276 87 89 
254 282 284 
237 332 336 
273 277 262 
292 276 278 
293 277 295 
280 281 284 
253 279 78 
279 22 332 
78 274 256 
333 285 293 
279 237 274 
283 332 292 
315 317 316 
337 290 330 
290 97 315 
322 330 315 
287 293 288 
305 318 39 
285 268 277 
283 278 290 
297 301 303 
89 97 278 
710 298 93 
89 86 294 
296 194 4 
306 4 92 
6 93 301 
294 300 302 
301 304 39 
294 317 97 
302 306 88 
291 88 493 
304 93 299 
88 92 90 
11 700 91 
525 476 56 
142 91 698 
499 504 313 
96 11 142 
486 311 63 
318 497 36 
288 286 289 
286 318 319 
39 286 303 
316 291 314 
316 321 322 
375 492 490 
319 36 327 
289 319 324 
369 367 356 
328 322 329 
353 354 358 
491 372 495 
321 98 329 
352 331 324 
355 324 327 
287 289 331 
339 330 328 
275 281 285 
336 283 337 
40 7 335 
72 334 340 
7 275 333 
37 333 287 
100 7 37 
95 37 331 
335 100 341 
342 340 348 
224 341 343 
347 342 350 
101 227 221 
346 228 347 
226 101 345 
73 345 343 
41 341 8 
351 353 362 
653 343 41 
74 41 349 
354 328 357 
8 325 349 
325 95 352 
369 357 329 
102 323 365 
355 102 352 
104 325 102 
98 370 376 
366 44 111 
28 111 107 
186 349 104 
52 104 365 
367 107 109 
356 109 363 
360 390 392 
323 368 364 
94 28 367 
374 323 355 
359 36 492 
94 376 108 
326 490 496 
381 380 125 
94 369 98 
378 376 320 
371 359 375 
50 382 489 
51 375 384 
114 398 394 
389 382 373 
430 373 432 
380 388 377 
439 481 483 
388 378 385 
489 384 490 
389 110 391 
394 389 430 
391 384 382 
386 380 387 
366 28 108 
386 393 388 
113 366 393 
391 392 51 
112 387 379 
113 401 44 
398 399 169 
115 398 117 
379 397 396 
59 396 604 
59 27 401 
169 400 395 
16 123 431 
121 16 412 
407 790 603 
413 167 117 
2 220 791 
409 404 413 
38 220 218 
410 218 407 
47 409 116 
414 427 426 
403 116 413 
405 412 407 
411 124 122 
427 416 246 
415 122 421 
120 421 250 
446 251 242 
443 424 122 
424 423 421 
416 420 417 
424 450 448 
420 133 234 
422 420 419 
440 433 444 
116 429 411 
47 411 415 
46 124 429 
16 428 426 
123 387 381 
402 432 46 
434 431 381 
425 442 127 
481 438 432 
477 139 137 
485 64 439 
64 137 440 
434 441 136 
383 436 441 
425 441 437 
438 439 440 
466 433 137 
127 419 49 
425 49 136 
447 131 132 
133 132 418 
48 445 448 
422 447 133 
466 48 450 
127 449 422 
464 48 460 
132 453 81 
452 458 456 
83 456 129 
459 154 456 
453 455 454 
69 463 548 
131 69 453 
19 455 69 
465 119 451 
463 119 468 
14 549 544 
461 457 464 
451 463 131 
139 460 466 
442 465 449 
470 517 537 
461 537 549 
522 143 532 
472 467 119 
134 486 474 
139 13 470 
512 475 134 
476 471 510 
13 477 473 
309 512 474 
475 435 480 
484 487 485 
485 483 138 
64 487 477 
383 434 125 
483 50 488 
479 383 482 
192 486 478 
479 478 436 
484 313 471 
478 134 480 
140 482 491 
385 491 377 
385 320 372 
489 326 488 
320 370 494 
305 135 497 
496 492 497 
326 507 500 
498 372 494 
493 494 314 
507 496 135 
192 501 311 
140 495 501 
499 500 502 
501 506 503 
504 502 142 
311 503 505 
508 504 698 
96 502 507 
498 506 495 
63 505 509 
191 508 695 
474 63 511 
56 510 191 
538 473 476 
516 536 150 
191 190 688 
56 688 189 
513 518 53 
467 148 542 
65 516 144 
704 187 692 
529 530 628 
526 529 176 
469 535 530 
627 530 149 
536 542 141 
150 141 309 
533 521 528 
567 569 17 
57 575 526 
520 521 143 
520 522 523 
623 626 630 
545 540 469 
574 541 526 
540 536 535 
522 534 53 
524 513 534 
468 467 543 
148 512 141 
543 542 540 
539 534 532 
533 573 143 
517 524 539 
537 539 544 
462 543 545 
573 544 532 
58 159 552 
58 14 573 
55 457 549 
462 548 468 
553 130 19 
552 55 14 
553 551 546 
559 550 552 
751 566 753 
559 557 160 
559 159 558 
555 561 748 
561 556 572 
553 556 555 
572 567 20 
558 563 557 
743 755 741 
20 750 561 
595 764 767 
158 567 570 
20 158 554 
565 560 527 
761 589 590 
527 576 577 
565 580 586 
159 147 576 
558 576 560 
547 545 541 
58 533 147 
147 528 577 
571 569 572 
569 575 578 
157 577 174 
624 173 584 
570 17 585 
29 610 606 
587 594 590 
156 587 585 
157 579 29 
580 29 583 
589 570 587 
582 586 583 
155 158 589 
568 588 586 
595 568 582 
21 799 797 
765 162 166 
786 788 45 
582 161 608 
590 162 564 
599 608 163 
167 605 115 
601 795 166 
602 166 596 
790 218 2 
605 21 598 
605 599 164 
21 167 404 
164 399 115 
602 597 601 
156 581 170 
611 613 618 
596 162 594 
163 161 613 
18 581 173 
607 59 612 
163 611 164 
607 609 170 
168 170 18 
35 33 180 
178 30 171 
43 106 61 
168 27 607 
62 172 620 
31 619 173 
641 648 643 
631 177 629 
531 31 624 
174 623 579 
15 632 630 
176 531 57 
523 146 25 
520 25 15 
622 175 630 
625 629 531 
641 622 632 
634 631 625 
146 182 637 
25 637 632 
145 146 9 
182 639 184 
633 34 634 
685 677 684 
636 188 183 
644 183 181 
631 34 621 
181 650 645 
177 621 649 
184 640 648 
651 648 642 
649 179 647 
10 646 35 
621 644 645 
643 651 646 
642 74 186 
645 103 649 
212 667 665 
659 655 350 
75 188 684 
653 660 73 
183 75 657 
185 656 660 
660 668 212 
185 653 74 
655 657 658 
673 782 214 
665 76 226 
212 226 73 
671 214 775 
652 666 662 
671 785 665 
672 652 682 
75 682 658 
680 672 209 
726 728 773 
664 666 672 
669 671 667 
661 675 723 
782 205 780 
673 679 716 
187 210 720 
105 638 678 
198 677 32 
24 675 680 
669 679 214 
684 209 682 
668 681 667 
188 686 685 
654 638 681 
12 638 683 
145 683 182 
694 23 688 
514 687 515 
187 198 693 
696 703 702 
197 26 23 
519 694 190 
689 197 694 
692 693 687 
193 509 697 
690 697 70 
696 695 698 
310 697 505 
70 196 708 
4 196 308 
196 194 707 
193 690 704 
690 708 706 
702 206 519 
712 5 717 
703 717 206 
701 714 712 
699 712 703 
736 203 733 
84 67 296 
714 731 5 
707 705 708 
733 725 731 
734 711 707 
721 724 716 
720 715 675 
706 705 719 
208 724 722 
721 717 722 
676 716 195 
715 210 719 
718 719 726 
205 673 724 
718 723 715 
713 742 732 
5 670 722 
732 729 759 
670 731 77 
727 756 754 
773 772 770 
728 711 713 
77 725 727 
709 713 734 
199 733 714 
261 71 203 
738 709 67 
271 202 151 
204 261 736 
151 85 745 
271 744 261 
71 744 562 
203 756 725 
68 751 562 
746 741 740 
739 259 1 
151 68 744 
259 153 748 
749 747 557 
1 748 750 
751 749 563 
743 750 554 
756 71 757 
755 554 155 
729 758 766 
562 753 757 
742 752 729 
752 755 758 
754 757 760 
727 762 778 
758 155 761 
767 760 568 
779 759 766 
795 768 765 
779 564 765 
763 764 592 
762 754 767 
564 766 761 
794 201 763 
799 798 796 
730 165 776 
208 776 205 
77 778 730 
670 730 208 
780 776 781 
664 783 216 
774 771 770 
781 165 794 
207 772 759 
201 762 764 
784 674 774 
789 774 777 
661 674 783 
775 782 788 
788 780 793 
666 216 211 
216 593 787 
215 786 223 
593 783 784 
796 793 781 
404 600 799 
45 406 223 
798 45 793 
789 792 784 
213 777 768 
797 763 598 
769 789 213 
591 213 795 
2 792 769 
790 769 591 
0 0 0 0 0 0 0 2 0 0 0 0 0 0 0 0 0 0 0 0 0 0 0 0 0 0 0 0 0 0 0 0 0 0 0 0 0 0 0 0 0 0 0 0 0 0 0 0 0 0 0 0 0 0 0 0 0 0 0 0 0 0 0 0 0 0 0 0 0 0 0 0 0 0 0 0 0 0 0 0 0 0 0 2 0 0 0 0 0 0 2 0 0 0 0 0 0 0 0 2 0 2 0 0 0 0 0 0 0 0 0 0 0 0 0 0 1 0 0 0 0 0 0 0 0 0 0 1 1 0 0 0 0 0 0 0 0 0 0 0 0 0 0 0 0 0 0 0 0 0 0 0 0 0 0 0 2 2 0 0 0 0 0 0 0 0 0 0 0 0 0 0 0 0 0 0 0 2 0 0 0 0 0 2 0 2 0 0 0 0 0 0 0 0 0 0 0 0 0 0 0 0 0 0 0 0 0 0 0 0 0 0 0 0 0 0 0 0 0 2 2 0 2 2 0 0 0 0 2 0 2 0 0 0 0 0 0 0 0 0 0 0 0 1 0 0 0 0 0 1 1 0 0 0 0 0 0 0 0 0 0 0 0 0 0 0 0 0 0 0 0 0 0 0 0 0 0 0 0 0 0 0 0 0 0 0 0 0 0 0 0 0 0 0 0 0 0 0 0 0 0 0 0 0 0 0 0 0 0 2 0 0 0 0 0 0 0 0 0 2 2 0 0 0 0 0 0 0 0 0 0 0 0 0 0 0 0 0 0 0 0 0 0 0 0 2 0 2 0 0 0 0 0 0 0 0 0 0 0 0 0 1 1 0 0 0 0 0 0 0 0 0 0 0 0 0 0 0 0 0 0 0 0 0 1 0 0 1 1 0 0 0 0 0 0 0 0 0 0 0 0 0 0 0 0 0 0 0 0 0 0 0 0 0 0 0 0 0 0 0 0 0 0 0 0 0 0 0 0 0 0 0 0 0 0 0 0 0 0 0 0 0 0 0 0 0 0 0 0 0 0 0 0 0 0 0 1 1 0 1 0 0 0 0 0 0 0 1 0 0 0 0 0 0 0 0 0 0 0 0 0 0 0 0 0 0 0 0 0 0 0 0 0 0 0 0 0 0 0 0 0 2 0 2 0 0 0 0 0 0 0 0 0 0 0 0 0 0 0 0 0 0 0 0 0 0 0 0 0 0 0 0 0 0 0 0 0 2 0 0 2 2 0 0 0 0 0 0 0 0 0 0 0 0 0 0 0 0 2 2 0 0 0 0 0 0 0 0 0 0 0 0 0 0 0 0 0 0 0 0 0 0 0 0 0 0 0 0 0 0 0 0 0 0 0 0 0 0 0 0 0 0 0 0 0 0 0 0 0 0 0 0 0 0 0 0 0 0 0 0 0 0 0 0 0 0 0 0 0 0 0 0 0 2 0 0 0 0 0 0 0 0 0 0 0 2 2 0 0 0 0 0 0 0 0 1 0 0 0 0 0 0 0 0 0 0 0 0 0 2 2 0 0 0 0 0 0 0 2 0 2 0 0 0 0 0 0 0 0 0 0 0 0 0 0 0 0 0 0 0 0 0 0 1 0 0 0 0 0 0 0 0 0 0 0 0 0 0 0 0 0 0 0 0 0 0 1 1 0 0 0 0 0 0 0 0 0 0 1 0 0 0 0 0 0 0 0 0 0 0 1 0 1 1 1 0 0 0 0 0 0 0 0 0 0 0 0 0 0 0 0 0 0 0 0 0 0 0 0 0 0 0 0 0 0 0 0 0 0 0 0 0 0 0 0 0 0 0 0 0 0 0 0 0 0 0 0 0 0 0 0 0 0 0 0 0 0 0 0 0 0 0 0 0 0 0 0 0 0 0 0 0 0 0 0 0 0 0 0 0 0 0 0 0 0 0 0 0 0 0 0 0 0 0 0 0 0 0 0 0 0 0 0 0 0 0 0 0 0 0 0 0 0 0 0 0 0 0 0 0 0 0 0 0 0 0 0 0 0 0 0 0 0 0 0 0 0 0 0 0 0 0 0 0 0 0 0 0 0 0 0 0 0 0 0 0 0 0 0 0 0 0 0 0 0 0 0 0 0 0 0 0 0 0 0 0 0 0 0 0 0 0 0 0 0 0 0 0 0 0 0 0 0 0 0 0 0 0 0 0 0 0 0 0 0 0 0 0 0 0 0 0 0 0 0 0 0 0 0 0 0 0 0 0 0 0 0 0 0 0 0 0 0 0 0 0 0 0 0 0 0 0 0 0 0 0 0 0 0 0 0 0 0 0 0 0 0 0 0 0 0 0 0 0 0 0 0 0 0 0 0 0 0 0 0 0 0 0 0 0 0 0 0 0 0 0 0 0 0 0 0 0 0 0 0 0 0 0 0 0 0 0 0 0 0 0 0 0 0 0 0 0 0 0 0 0 0 0 0 0 0 0 0 0 0 0 0 0 0 0 0 0 0 0 0 0 0 0 0 0 0 0 0 0 0 0 0 0 0 0 0 0 0 0 0 0 0 0 0 0 0 0 0 0 0 0 0 0 0 0 0 0 0 0 0 0 0 0 0 0 0 0 0 0 0 0 0 0 0 0 0 0 0 0 0 0 0 0 0 0 0 0 0 0 0 0 0 0 0 0 0 0 0 0 0 0 0 0 0 0 0 0 0 0 0 0 0 0 0 0 0 0 0 0 0 0 0 2 0 2 2 2 0 0 0 0 0 0 0 0 0 0 0 2 2 0 0 0 2 0 2 0 0 0 1 0 1 0 0 0 0 0 0 0 0 0 0 0 0 0 0 0 0 0 0 0 0 0 0 0 0 0 1 0 1 0 0 0 0 0 0 0 0 0 0 0 0 0 0 0 0 0 0 0 0 0 0 0 0 0 0 0 0 0 0 0 0 0 0 0 0 0 0 0 0 0 0 0 0 0 0 0 0 0 0 0 0 0 0 0 0 0 0 0 0 0 0 0 0 0 0 0 0 0 0 0 0 0 0 0 0 0 0 0 0 0 0 0 0 0 0 0 0 0 0 0 0 0 0 0 0 0 0 0 0 0 0 0 0 0 0 0 0 1 0 0 0 0 0 0 0 0 0 0 0 0 0 0 0 0 0 0 0 0 0 0 0 0 0 0 0 0 0 0 0 0 0 0 0 0 0 0 0 0 0 0 0 0 0 0 0 0 0 0 0 0 0 0 0 0 0 0 0 0 0 0 0 0 0 0 0 0 0 0 0 0 0 0 0 0 0 0 0 0 0 0 0 0 0 0 0 0 0 0 0 0 0 0 0 0 0 0 0 0 0 0 0 0 0 0 0 0 0 0 0 0 0 0 0 0 0 0 0 0 0 0 0 0 0 0 0 0 0 0 0 0 0 0 0 0 0 0 0 0 0 0 0 0 0 0 0 0 0 0 0 0 0 0 0 0 0 0 0 0 0 0 0 0 0 0 0 0 0 0 0 0 0 0 0 0 0 0 0 0 0 0 0 0 0 0 0 0 0 0 0 0 0 0 0 0 0 0 0 0 0 0 0 0 0 0 0 0 0 0 0 0 0 0 0 0 0 0 0 0 0 0 0 0 0 0 0 0 0 0 0 0 0 0 0 0 0 0 0 0 0 0 0 0 0 0 0 0 0 0 0 0 0 0 0 0 0 0 0 0 0 0 0 0 0 0 0 0 0 0 0 0 0 0 0 0 0 0 0 0 0 0 0 0 0 0 0 0 0 0 0 0 0 0 0 0 0 0 0 1 0 0 0 0 0 0 0 0 0 0 0 0 0 0 0 0 0 0 0 0 0 0 0 0 0 0 0 0 1 0 0 0 0 0 0 0 0 0 0 0 0 0 0 0 0 0 0 0 0 0 0 0 0 0 0 0 0 0 0 0 0 0 0 0 0 0 0 0 0 0 0 0 0 0 0 0 0 0 0 0 0 0 0 0 0 0 0 0 0 0 0 0 0 0 0 0 0 0 0 0 0 0 0 0 0 0 0 0 0 1 0 0 0 0 0 0 0 0 0 0 0 0 0 0 0 0 0 0 2 0 0 0 0 0 0 0 3 1 2 0 0 0 0 0 0 2 0 0 2 0 0 0 0 0 0 0 0 0 0 0 0 0 0 0 0 0 0 0 0 0 0 0 0 0 0 0 0 0 0 0 0 2 0 0 0 0 0 2 0 0 0 0 0 0 0 0 0 0 0 0 0 0 0 0 0 0 0 0 0 0 0 0 0 0 0 0 0 0 0 0 0 0 0 0 0 0 0 0 0 0 0 0 0 0 0 0 0 0 0 0 0 0 0 0 0 0 0 0 0 0 0 0 0 0 0 0 0 0 0 0 0 0 0 0 0 0 0 0 0 0 0 0 0 0 0 0 0 0 0 0 0 0 0 0 0 0 2 0 0 0 0 0 0 0 0 2 2 0 0 0 0 0 2 0 0 0 0 0 0 0 0 0 0 2 0 0 0 0 0 0 0 0 2 0 0 2 0 0 0 0 0 0 0 0 0 0 0 0 0 0 0 0 0 0 0 0 0 0 0 0 0 0 0 0 0 0 0 0 0 0 0 0 0 0 0 0 0 0 0 0 0 0 0 0 0 0 0 0 0 0 0 0 0 0 0 0 0 0 0 0 0 0 0 0 0 0 0 0 0 0 0 0 0 0 0 0 0 0 0 0 0 0 0 0 0 0 0 0 0 0 0 0 0 0 0 0 0 0 0 0 0 0 0 0 0 0 0 0 0 0 0 0 0 0 0 0 0 0 0 0 0 0 0 0 0 0 0 0 0 0 0 0 0 0 0 0 0 0 0 0 0 0 0 0 0 0 0 0 0 0 0 0 0 0 0 0 0 0 0 0 0 0 0 0 0 0 0 0 0 0 0 0 0 0 0 0 0 0 0 0 0 0 0 0 0 0 0 0 0 0 0 0 0 0 0 0 0 0 0 0 0 0 0 0 0 0 0 0 0 0 0 0 0 0 0 0 0 0 0 0 0 0 0 0 0 0 0 0 0 0 0 0 0 0 0 0 0 0 0 0 0 0 0 0 0 0 0 0 1 1 0 0 1 0 1 1 0 0 1 0 1 1 0 0 0 0 1 1 0 0 0 0 0 0 0 0 0 0 0 0 0 0 0 0 0 0 0 1 1 0 0 1 0 0 0 1 0 1 0 1 1 0 0 1 0 0 0 1 0 1 0 0 0 0 0 0 0 0 0 0 0 0 0 0 0 0 0 0 0 0 0 0 0 0 0 0 0 0 0 0 0 0 0 0 0 0 0 0 0 0 0 0 0 0 0 0 0 0 0 0 0 0 0 0 0 0 0 0 2 0 0 0 0 0 0 0 1 0 2 2 0 0 0 0 0 0 0 0 0 0 0 0 0 1 0 0 0 1 0 1 0 0 0 1 0 1 































































































































































































































































































































































































































































































































































































































































































































































































































