2046	3.00000432866	
0.0629	0.0763	0.1087	0.0853	0.0516	0.1086	0	
0.6029	0.1237	0.6366	0.1515	0.5782	0.153	1	
0.2525	0.2894	0.1961	0.2754	0.2553	0.2563	0	
0.3348	0.2172	0.3823	0.1929	0.387	0.1996	0	
0.6754	0.2533	0.6787	0.2231	0.6898	0.216	0	
0.6576	0.2337	0.6754	0.2533	0.6169	0.2497	0	
0.8089	0.361	0.8157	0.3681	0.7763	0.3926	0	
0.2932	0.3003	0.2722	0.3287	0.2525	0.2894	1	
0.0596	0.3981	0.071	0.422	0.0164	0.4523	1	
0.4098	0.4486	0.4133	0.4387	0.4172	0.4427	1	
0.0127	0.395	0.0186	0.3881	0.0596	0.3981	1	
0.4916	0.6552	0.4797	0.6748	0.4811	0.6465	0	
0.2733	0.6799	0.2443	0.6579	0.2515	0.6487	1	
0.3666	0.8011	0.3141	0.8153	0.3324	0.7743	1	
0.6987	0.5856	0.7433	0.549	0.7398	0.583	1	
0.1087	0.6808	0.0991	0.6376	0.1171	0.6295	0	
0.8094	0.7539	0.8031	0.8117	0.7603	0.7661	0	
0.2335	0.6422	0.2443	0.6579	0.1888	0.661	1	
0.41	0.9954	0.4029	0.9559	0.4286	0.9441	0	
0.9262	0.9683	0.8819	0.9336	0.9051	0.908	0.192026298438	
0.3291	0.7375	0.2995	0.7422	0.3024	0.7088	0	
0.5011	0.5634	0.5164	0.6023	0.4762	0.5775	1	
0.3861	0.2906	0.4022	0.3058	0.3941	0.3293	1	
0.3417	0.1839	0.3452	0.1899	0.3165	0.1986	1	
0.9379	0.555	0.9174	0.5344	0.9528	0.5189	0	
0.8097	0.5771	0.8111	0.5883	0.7483	0.5776	1	
0.5169	0.917	0.5082	0.9435	0.4949	0.9355	1	
0.7034	0.7764	0.6763	0.7677	0.6996	0.7281	1	
0.0775	0.1982	0.0606	0.226	0.0279	0.199	1	
0.2932	0.3003	0.2844	0.276	0.2939	0.2763	1	
0.1783	0.235	0.1499	0.2351	0.1659	0.2009	1	
0.9772	0.6725	0.9708	0.6715	0.9851	0.6364	0	
0.1254	0.4673	0.132	0.468	0.1135	0.4931	0	
0.0997	0.8283	0.1198	0.766	0.1484	0.7755	0	
0.0991	0.6376	0.0774	0.6445	0.0732	0.6238	0	
0.0525	0.9242	0.0368	0.9529	0.0353	0.9426	0	
0.0774	0.6445	0.0428	0.6403	0.046	0.6304	0	
0.1852	0.185	0.214	0.1968	0.1942	0.228	0	
0.6518	0.7565	0.6355	0.7641	0.6342	0.7587	0	
0.7814	0.4713	0.7818	0.5105	0.6963	0.5055	1	
0.4465	0.4314	0.4172	0.4427	0.4133	0.4387	1	
0.5994	0.8004	0.5905	0.769	0.6355	0.7641	0	
0.3743	0.6491	0.4562	0.6424	0.3933	0.6797	1	
0.5018	0.747	0.4641	0.7721	0.4826	0.6997	0	
0.6487	0.4802	0.6815	0.457	0.6948	0.4794	1	
0.5139	0.3694	0.5266	0.3428	0.5457	0.3832	0	
0.4584	0.0801	0.4285	0.093	0.4481	0.0675	0	
0.5217	0.8518	0.4674	0.8978	0.4492	0.8548	0	
0.9956	0.1873	0.9859	0.1936	0.9877	0.19	0	
0.0857	0.8627	0.093	0.8422	0.1244	0.8711	0	
0.1312	0.1886	0.1417	0.1884	0.1269	0.2071	0	
0.1171	0.1776	0.1039	0.2002	0.0846	0.1729	1	
0.2133	0.1648	0.214	0.1968	0.1852	0.185	0	
0.2326	0.3886	0.2348	0.3461	0.2686	0.3842	1	
0.0629	0.0763	0.0516	0.1086	0.0356	0.0952	0	
0.2722	0.3287	0.2496	0.3418	0.2491	0.3172	1	
0.1962	0.2297	0.1942	0.228	0.214	0.1968	0	
0.3748	0.3421	0.4043	0.375	0.3589	0.3768	1	
0.3303	0.3033	0.3413	0.2958	0.3516	0.3002	1	
0.27	0.4045	0.2437	0.4263	0.2506	0.401	0	
0.1638	0.4667	0.1804	0.4571	0.21	0.5097	1	
0.1705	0.6228	0.2035	0.5951	0.2215	0.6127	1	
0.2781	0.6439	0.2557	0.6088	0.3133	0.6343	0	
0.1313	0.5857	0.1707	0.5743	0.1338	0.5989	1	
0.1009	0.2173	0.0669	0.245	0.0606	0.226	1	
0.1198	0.766	0.1081	0.7516	0.1742	0.733	0	
0.0991	0.6376	0.0732	0.6238	0.1171	0.6295	0	
0.1494	0.9181	0.152	0.9563	0.1222	0.9299	0.045935960074	
0.1198	0.766	0.1742	0.733	0.1541	0.7716	0	
0.1653	0.826	0.1075	0.8364	0.1484	0.7755	0	
0.9613	0.9391	0.9883	0.9764	0.9633	0.9685	0	
0.036	0.9117	0.0296	0.8986	0.0519	0.886	0	
0.0657	0.8566	0.0596	0.8534	0.0639	0.8398	0	
0.8004	0.9833	0.8206	0.9301	0.8433	0.9663	0.357010546727	
0.0296	0.8986	0.0114	0.8371	0.0519	0.886	0	
0.1081	0.7516	0.0973	0.7131	0.1742	0.733	0.853038402731	
0.1682	0.534	0.1137	0.5691	0.1052	0.5171	0	
0.3397	0.9416	0.3173	0.9847	0.3069	0.9517	1	
0.1735	0.8602	0.1723	0.8324	0.2227	0.8365	1	
0.153	0.084	0.1136	0.136	0.1087	0.0853	0	
0.0197	0.9507	0.0368	0.9529	0.0308	0.9593	0.514802426171	
0.3008	0.5767	0.3485	0.5948	0.3133	0.6343	1	
0.3291	0.7375	0.4049	0.7051	0.4154	0.7335	1	
0.3008	0.5767	0.305	0.5196	0.3171	0.5358	0	
0.279	0.7902	0.2924	0.7637	0.3141	0.8153	1	
0.2557	0.6088	0.2781	0.6439	0.2573	0.6328	0	
0.305	0.5196	0.3275	0.5407	0.3171	0.5358	0	
0.3861	0.2906	0.363	0.2851	0.3708	0.2723	1	
0.6709	0.5165	0.662	0.5433	0.6382	0.5444	1	
0.4985	0.2957	0.4901	0.3165	0.4789	0.3073	0	
0.4762	0.5775	0.5164	0.6023	0.5062	0.6125	1	
0.3414	0.3921	0.3378	0.4447	0.3091	0.4089	0	
0.5236	0.756	0.5367	0.7988	0.5155	0.7793	0	
0.3403	0.8816	0.3784	0.8537	0.3563	0.886	1	
0.4315	0.0435	0.44	0.055	0.4289	0.0483	0	
0.3499	0.9911	0.3618	0.9438	0.3788	0.9797	0	
0.9211	0.6342	0.93	0.6506	0.9015	0.6506	0	
0.9718	0.5216	0.9561	0.4919	0.9932	0.506	0	
0.7034	0.7764	0.7135	0.7708	0.7057	0.7836	1	
0.7005	0.8014	0.659	0.8341	0.6763	0.7677	1	
0.8863	0.54	0.8705	0.5404	0.8993	0.4918	1	
0.8499	0.337	0.8793	0.3439	0.8522	0.3465	0	
0.9095	0.3899	0.8858	0.4395	0.8789	0.414	0	
0.7645	0.5472	0.7806	0.5375	0.7665	0.5511	0	
0.6963	0.5055	0.7818	0.5105	0.7052	0.522	1	
0.709	0.3858	0.7096	0.3934	0.671	0.4018	1	
0.7829	0.2671	0.7669	0.2161	0.8571	0.2661	1	
0.6463	0.4098	0.6815	0.457	0.6487	0.4802	0	
0.9221	0.366	0.9157	0.3729	0.8955	0.3614	1	
0.8571	0.2661	0.7832	0.1876	0.8608	0.1862	0	
0.8346	0.4107	0.8235	0.3793	0.848	0.4166	0	
0.8089	0.361	0.8184	0.3195	0.827	0.3368	0	
0.7829	0.2671	0.7629	0.2349	0.7669	0.2161	1	
0.777	0.3518	0.8089	0.361	0.7763	0.3926	1	
0.552	0.332	0.6234	0.3332	0.5788	0.3584	0	
0.4465	0.4314	0.4133	0.4387	0.4043	0.375	1	
0.4643	0.2438	0.4547	0.2272	0.4854	0.2366	1	
0.4339	0.1692	0.4285	0.093	0.4636	0.109	0	
0.4339	0.1692	0.387	0.1996	0.3823	0.1929	0	
0.44	0.055	0.4481	0.0675	0.4285	0.093	0	
0.45	0.0681	0.4481	0.0675	0.44	0.055	1	
0.3493	0.0358	0.3317	0.0492	0.3124	0.0139	1	
0.4339	0.1692	0.3823	0.1929	0.3469	0.1238	1	
0.3469	0.1238	0.3349	0.1313	0.3437	0.0853	1	
0.7669	0.2161	0.7457	0.2132	0.7605	0.1801	1	
0.7057	0.9708	0.6773	0.9643	0.6887	0.9412	0	
0.6892	0.0551	0.6856	0.0417	0.6949	0.0289	0	
0.7556	0.8902	0.7487	0.9415	0.6862	0.917	1	
0.7605	0.1801	0.7567	0.1746	0.7832	0.1876	1	
0.0356	0.0952	0.0337	0.0928	0.0629	0.0763	0	
0.0967	0.0226	0.0795	0.057	0.0563	0.0049	0.000379344071386	
0.027	0.0699	0.0136	0.0435	0.0346	0.0235	0	
0.1079	0.9591	0.1041	0.9848	0.0595	0.9999	0.0739188768173	
0.1434	0.0378	0.1486	0.0253	0.1475	0.0323	1	
0.0323	0.005	0.0346	0.0235	0.0297	0.0032	0	
0.0967	0.0226	0.091	0.0528	0.0795	0.057	0	
0.0775	0.1982	0.0461	0.1694	0.069	0.1626	1	
0.0795	0.057	0.0629	0.0763	0.0346	0.0235	0	
0.0049	0.0964	0.0294	0.1017	0.0192	0.1729	0.82728896146	
0.1087	0.0853	0.1136	0.136	0.0516	0.1086	0	
0.1417	0.1884	0.1659	0.2009	0.1269	0.2071	1	
0.2013	0.0757	0.2493	0.0431	0.2504	0.0613	0	
0.2949	0.112	0.3074	0.1233	0.3021	0.1485	0	
0.3317	0.0492	0.3437	0.0853	0.2842	0.0868	0.611065143318	
0.3452	0.1899	0.3348	0.2172	0.3165	0.1986	1	
0.1499	0.2351	0.1269	0.2071	0.1659	0.2009	1	
0.0669	0.245	0.0938	0.2557	0.0569	0.2538	1	
0.1434	0.0378	0.1475	0.0323	0.1892	0.0821	0	
0.2305	0.003	0.2373	0.003	0.2493	0.0431	1	
0.1494	0.9181	0.1931	0.9053	0.1794	0.9499	0	
0.4285	0.093	0.3898	0.0713	0.3953	0.0635	0	
0.3397	0.9416	0.3499	0.9911	0.3173	0.9847	0	
0.3541	0.0569	0.3898	0.0713	0.3437	0.0853	0	
0.3437	0.0853	0.3074	0.1233	0.2949	0.112	1	
0.4285	0.093	0.4289	0.0483	0.44	0.055	0	
0.4536	0.0127	0.44	0.055	0.4315	0.0435	0	
0.395	0.0631	0.3953	0.0635	0.3898	0.0713	0	
0.4536	0.0127	0.4782	0.0282	0.44	0.055	0	
0.4795	0.0563	0.45	0.0681	0.44	0.055	1	
0.4937	0.057	0.5354	0.0244	0.5386	0.0492	0	
0.4945	0.0783	0.4584	0.0801	0.4795	0.0563	0	
0.3348	0.2172	0.3452	0.1899	0.3823	0.1929	1	
0.3348	0.2172	0.3245	0.2181	0.3165	0.1986	1	
0.3541	0.0569	0.395	0.0631	0.3898	0.0713	0	
0.4285	0.093	0.4339	0.1692	0.3469	0.1238	1	
0.4315	0.0435	0.4289	0.0483	0.3674	0.0335	0	
0.4289	0.0483	0.4285	0.093	0.3953	0.0635	0	
0.3412	0.2538	0.3043	0.2255	0.3245	0.2181	1	
0.3348	0.2172	0.387	0.1996	0.3412	0.2538	1	
0.26	0.2036	0.3165	0.1986	0.3043	0.2255	1	
0.3093	0.1574	0.3417	0.1839	0.3165	0.1986	1	
0.2133	0.1648	0.2324	0.1382	0.2589	0.1386	0	
0.3349	0.1313	0.3469	0.1238	0.3417	0.1839	1	
0.1962	0.2297	0.2553	0.2563	0.1961	0.2754	0	
0.2754	0.2399	0.2618	0.2245	0.3043	0.2255	0	
0.214	0.1968	0.2535	0.2134	0.1962	0.2297	0	
0.3412	0.2538	0.3245	0.2181	0.3348	0.2172	1	
0.2641	0.2735	0.2553	0.2563	0.2751	0.253	1	
0.2553	0.2563	0.2547	0.2407	0.2751	0.253	0	
0.2754	0.2399	0.3043	0.2255	0.2751	0.253	1	
0.3165	0.1986	0.3245	0.2181	0.3043	0.2255	1	
0.4396	0.3044	0.4022	0.3058	0.3878	0.2728	0	
0.3708	0.2723	0.3412	0.2538	0.3923	0.2603	0	
0.4976	0.254	0.4643	0.2438	0.4854	0.2366	1	
0.4396	0.3044	0.3923	0.2603	0.4643	0.2438	1	
0.3826	0.4232	0.3567	0.4697	0.3378	0.4447	0	
0.3311	0.381	0.3414	0.3921	0.3091	0.4089	0	
0.5363	0.2497	0.5403	0.2651	0.5334	0.2698	0	
0.3446	0.3339	0.3303	0.3333	0.3303	0.3033	0	
0.3567	0.4697	0.3881	0.493	0.3275	0.5407	1	
0.3567	0.4697	0.3826	0.4232	0.4098	0.4486	0	
0.3861	0.2906	0.3941	0.3293	0.3516	0.3002	1	
0.4022	0.3058	0.4067	0.3135	0.3941	0.3293	1	
0.3062	0.4303	0.3091	0.4089	0.3378	0.4447	0	
0.2761	0.399	0.2686	0.3842	0.2959	0.3773	0	
0.2921	0.3555	0.2686	0.3842	0.2846	0.3451	1	
0.1993	0.3205	0.2124	0.3333	0.1763	0.3633	1	
0.2251	0.4349	0.2338	0.458	0.2195	0.4639	1	
0.1961	0.2754	0.1832	0.2786	0.1783	0.235	1	
0.2659	0.3919	0.2326	0.3886	0.2686	0.3842	0	
0.2506	0.401	0.2437	0.4263	0.2326	0.3886	0	
0.2124	0.3333	0.2348	0.3461	0.1763	0.3633	0	
0.2326	0.3886	0.1763	0.3633	0.2348	0.3461	0	
0.3303	0.3033	0.3072	0.3391	0.2932	0.3003	1	
0.2686	0.3842	0.2348	0.3461	0.2496	0.3418	0	
0.2751	0.253	0.2844	0.276	0.2641	0.2735	1	
0.2491	0.3172	0.2348	0.3461	0.2124	0.3333	1	
0.1287	0.2983	0.1161	0.2676	0.1309	0.2587	0	
0.096	0.2933	0.0614	0.2973	0.0938	0.2557	1	
0.1123	0.3768	0.1522	0.3605	0.1281	0.3875	1	
0.0596	0.3981	0.0164	0.4523	0.0127	0.395	1	
0.0523	0.2869	0.0569	0.2538	0.0938	0.2557	1	
0.9295	0.1598	0.9304	0.1956	0.9156	0.1608	0.0894062358175	
0.054	0.3426	0.0537	0.374	0.0037	0.3537	1	
0.8858	0.4395	0.9631	0.4673	0.9503	0.4887	0	
0.071	0.422	0.0907	0.3959	0.0888	0.4225	0	
0.0888	0.4225	0.1135	0.4931	0.0379	0.4769	0	
0.0596	0.3981	0.0699	0.3705	0.0907	0.3959	0	
0.2251	0.4349	0.2326	0.3886	0.2437	0.4263	1	
0.2251	0.4349	0.1899	0.4422	0.1877	0.4313	1	
0.2298	0.619	0.2573	0.6328	0.2335	0.6422	1	
0.071	0.422	0.0379	0.4769	0.0164	0.4523	0	
0.0399	0.6217	0.0732	0.6238	0.046	0.6304	0	
0.0379	0.4769	0.1135	0.4931	0.1052	0.5171	1	
0.0081	0.6309	0.0399	0.6217	0.0428	0.6403	5.67378803556e-05	
0.0732	0.6238	0.0602	0.5981	0.1137	0.5691	0.30703414031	
0.2336	0.521	0.2346	0.4683	0.2532	0.5196	1	
0.1171	0.6295	0.1474	0.6121	0.1521	0.6157	0	
0.2532	0.5196	0.2726	0.4994	0.2862	0.5123	0	
0.2346	0.4683	0.2734	0.4819	0.2726	0.4994	0	
0.27	0.4045	0.2506	0.401	0.2659	0.3919	0	
0.2924	0.7637	0.2995	0.7422	0.3324	0.7743	1	
0.1541	0.7716	0.1484	0.7755	0.1198	0.766	0	
0.2215	0.6127	0.2231	0.6139	0.1888	0.661	0	
0.1888	0.661	0.2231	0.6139	0.2335	0.6422	0	
0.2086	0.7515	0.2379	0.7488	0.2111	0.7569	0	
0.1393	0.8456	0.128	0.8542	0.1075	0.8364	0	
0.0997	0.8283	0.0873	0.7637	0.1198	0.766	0.0101774987142	
0.0154	0.8977	0.0296	0.8986	0.036	0.9117	0	
0.0569	0.8232	0.0639	0.8398	0.0528	0.8427	0	
0.8444	0.6619	0.9015	0.6506	0.8606	0.684	1	
0.0504	0.5629	0.0602	0.5981	0.0183	0.6039	1	
0.0732	0.6238	0.0774	0.6445	0.046	0.6304	0	
0.0114	0.8371	0.0528	0.8427	0.0519	0.886	0	
0.0657	0.8566	0.0857	0.8627	0.0709	0.8927	0	
0.0495	0.754	0.0596	0.733	0.0865	0.756	0	
0.1244	0.8711	0.093	0.8422	0.128	0.8542	0	
0.9631	0.8593	0.9214	0.8355	0.9426	0.8067	0	
0.9299	0.7343	0.9421	0.7667	0.8987	0.7888	0	
0.0049	0.9154	0.0154	0.8977	0.036	0.9117	0	
0.0525	0.9242	0.0353	0.9299	0.036	0.9117	0	
0.9613	0.9391	0.9218	0.9021	0.9485	0.9006	0.00349611900663	
0.2555	0.9672	0.2	0.9562	0.1973	0.9401	0.571868431719	
0.152	0.9563	0.1349	0.9915	0.1079	0.9591	0.830591001143	
0.1079	0.9591	0.1349	0.9915	0.1041	0.9848	0.616763874115	
0.1892	0.7525	0.2111	0.7569	0.209	0.7684	0	
0.1244	0.8711	0.1127	0.915	0.0857	0.8627	0	
0.1484	0.7755	0.186	0.8142	0.1653	0.826	0	
0.2957	0.9204	0.3174	0.9207	0.3069	0.9517	0	
0.1541	0.7716	0.186	0.8142	0.1484	0.7755	0	
0.1723	0.8324	0.1735	0.8602	0.1393	0.8456	1	
0.1892	0.7525	0.1541	0.7716	0.1742	0.733	0	
0.1892	0.7525	0.209	0.7684	0.1541	0.7716	0	
0.3958	0.8017	0.431	0.7955	0.4123	0.8437	0	
0.2086	0.7515	0.2111	0.7569	0.1892	0.7525	0	
0.2805	0.6882	0.2777	0.6915	0.2733	0.6799	1	
0.3291	0.7375	0.3933	0.6797	0.4049	0.7051	1	
0.3622	0.7828	0.4154	0.7335	0.4163	0.7466	1	
0.4949	0.9355	0.5082	0.9435	0.4946	0.9719	0.800574164607	
0.4057	0.8481	0.3784	0.8537	0.3638	0.827	1	
0.5155	0.7793	0.5011	0.8042	0.4794	0.7697	1	
0.2757	0.9314	0.2499	0.8977	0.2957	0.9204	0	
0.3403	0.8816	0.3638	0.827	0.3784	0.8537	1	
0.392	0.9224	0.3682	0.9211	0.3827	0.9126	0.100583426165	
0.3563	0.886	0.3784	0.8537	0.3879	0.862	1	
0.4286	0.9441	0.4465	0.9451	0.4412	0.9479	0	
0.5367	0.0212	0.5383	0.0019	0.563	0.0084	0	
0.3929	0.9802	0.3788	0.9797	0.3865	0.9689	0	
0.4465	0.9451	0.4286	0.9441	0.4573	0.8957	0	
0.3827	0.9126	0.3563	0.886	0.389	0.8976	1	
0.4057	0.8481	0.4492	0.8548	0.3931	0.9017	0	
0.618	0.8743	0.6219	0.8624	0.6348	0.8611	1	
0.3638	0.827	0.3666	0.8011	0.3958	0.8017	0	
0.4154	0.7335	0.4049	0.7051	0.4586	0.6965	1	
0.4641	0.7721	0.5018	0.747	0.4794	0.7697	0	
0.5236	0.756	0.5018	0.747	0.5265	0.7377	1	
0.4797	0.6748	0.4822	0.6982	0.4586	0.6965	1	
0.4428	0.6797	0.4049	0.7051	0.4047	0.6924	0	
0.5062	0.6125	0.5115	0.6141	0.51	0.6508	1	
0.4586	0.6965	0.4826	0.6997	0.4641	0.7721	1	
0.4163	0.7466	0.3813	0.7857	0.3622	0.7828	1	
0.4154	0.7335	0.3622	0.7828	0.3291	0.7375	1	
0.3162	0.6942	0.3933	0.6797	0.3291	0.7375	0	
0.4047	0.6924	0.4049	0.7051	0.3933	0.6797	1	
0.2781	0.6439	0.2926	0.6466	0.2924	0.6628	0	
0.3162	0.6942	0.3281	0.662	0.3933	0.6797	0	
0.2587	0.7279	0.3024	0.7088	0.2995	0.7422	0	
0.2781	0.6439	0.2733	0.6799	0.2515	0.6487	0	
0.4569	0.6128	0.4562	0.6424	0.4524	0.6057	0	
0.3881	0.493	0.3567	0.4697	0.4098	0.4486	0	
0.3275	0.5407	0.3376	0.5542	0.319	0.5425	1	
0.3679	0.6141	0.4116	0.582	0.4187	0.5861	0	
0.3275	0.5407	0.3662	0.5482	0.3376	0.5542	1	
0.4562	0.6424	0.4811	0.6465	0.4797	0.6748	0	
0.3596	0.5815	0.394	0.5667	0.3679	0.6141	0	
0.5236	0.5015	0.5746	0.5568	0.5644	0.559	1	
0.4292	0.5791	0.4443	0.5763	0.4524	0.6057	0	
0.6709	0.5165	0.6159	0.5151	0.6487	0.4802	1	
0.4471	0.5729	0.434	0.5422	0.4812	0.5379	1	
0.4613	0.4538	0.4172	0.4427	0.4465	0.4314	1	
0.5644	0.559	0.5746	0.5568	0.5579	0.5884	1	
0.6649	0.6814	0.6339	0.6704	0.6582	0.6621	1	
0.4801	0.5676	0.5011	0.5634	0.4762	0.5775	0	
0.6496	0.644	0.664	0.6042	0.6925	0.6157	0	
0.6289	0.5844	0.6776	0.5805	0.664	0.6042	0	
0.7645	0.5472	0.757	0.5567	0.7433	0.549	1	
0.6289	0.5844	0.6382	0.5444	0.662	0.5433	1	
0.8142	0.663	0.7868	0.6503	0.8285	0.6429	0	
0.7868	0.6503	0.8142	0.663	0.793	0.6626	0	
0.6931	0.6087	0.6776	0.5805	0.6951	0.5873	1	
0.6951	0.5873	0.6987	0.5856	0.7107	0.6092	1	
0.698	0.5393	0.662	0.5433	0.6709	0.5165	1	
0.5821	0.7457	0.6249	0.699	0.6229	0.7373	0	
0.7418	0.6353	0.7084	0.6327	0.7242	0.6158	0	
0.6059	0.7522	0.6342	0.7587	0.6355	0.7641	0	
0.6518	0.7565	0.6763	0.7677	0.6355	0.7641	0	
0.6431	0.7462	0.6518	0.7565	0.6342	0.7587	0	
0.7217	0.6836	0.6649	0.6814	0.6652	0.6571	1	
0.5325	0.6784	0.4822	0.6982	0.4797	0.6748	0	
0.6312	0.7386	0.6431	0.7462	0.6342	0.7587	1	
0.5746	0.5568	0.6142	0.6066	0.58	0.6067	1	
0.6142	0.6066	0.6289	0.5844	0.641	0.626	1	
0.5821	0.7457	0.5487	0.7472	0.5511	0.7035	0	
0.634	0.8149	0.6355	0.7641	0.6763	0.7677	0	
0.574	0.8411	0.5569	0.8363	0.5994	0.8004	0	
0.5487	0.7472	0.5367	0.7988	0.5236	0.756	0	
0.4492	0.8548	0.479	0.8263	0.5217	0.8518	0	
0.479	0.8263	0.45	0.8046	0.4567	0.7856	1	
0.5292	0.8147	0.5367	0.7988	0.5569	0.8363	0	
0.5011	0.8042	0.479	0.8263	0.4567	0.7856	0	
0.5081	0.9114	0.4695	0.901	0.4674	0.8978	0	
0.5217	0.8518	0.5569	0.8363	0.5404	0.8722	0	
0.5661	0.909	0.5528	0.8839	0.5732	0.8829	0	
0.5404	0.8722	0.5569	0.8363	0.574	0.8411	0	
0.5928	0.9529	0.5494	0.9819	0.5417	0.9664	0	
0.4782	0.0282	0.4795	0.0563	0.44	0.055	0	
0.5797	0.872	0.5921	0.882	0.5732	0.8829	1	
0.6855	0.9747	0.6908	0.9853	0.6104	0.9875	0	
0.7883	0.8616	0.7811	0.85	0.8107	0.8498	1	
0.6267	0.9294	0.6104	0.9875	0.5928	0.9529	0.322589263869	
0.6908	0.9853	0.6855	0.9747	0.7057	0.9708	0	
0.6437	0.9228	0.6272	0.9122	0.6421	0.8972	1	
0.618	0.8743	0.6095	0.8674	0.6219	0.8624	1	
0.5797	0.872	0.5404	0.8722	0.574	0.8411	0	
0.6421	0.8972	0.6091	0.898	0.618	0.8743	1	
0.6226	0.8586	0.574	0.8411	0.5994	0.8004	1	
0.6355	0.7641	0.5905	0.769	0.6059	0.7522	1	
0.5994	0.8004	0.5367	0.7988	0.5905	0.769	0	
0.9426	0.8067	0.9214	0.8355	0.9016	0.8224	0.167725554427	
0.8382	0.5421	0.8302	0.5625	0.7806	0.5375	1	
0.7543	0.7581	0.7603	0.7661	0.7589	0.7654	1	
0.6704	0.6911	0.6996	0.7281	0.6431	0.7462	0	
0.9036	0.7955	0.9421	0.7667	0.9426	0.8067	0	
0.6226	0.8586	0.6348	0.8611	0.6219	0.8624	1	
0.9582	0.0545	0.9159	0.0262	0.9503	0.0019	0	
0.7487	0.9415	0.6887	0.9412	0.6862	0.917	1	
0.9262	0.9683	0.9051	0.908	0.9218	0.9021	0.182021361669	
0.7445	0.9756	0.7057	0.9708	0.7487	0.9415	0	
0.9883	0.9764	0.9613	0.9391	0.9805	0.925	0	
0.8031	0.8117	0.7764	0.8228	0.7669	0.8082	1	
0.885	0.7255	0.8484	0.7131	0.8802	0.7208	0	
0.932	0.8736	0.9444	0.8626	0.9355	0.8804	0	
0.9159	0.0262	0.8738	0.0751	0.8585	0.0392	0	
0.9051	0.908	0.8859	0.8828	0.9168	0.8681	1	
0.9179	0.8418	0.9016	0.8224	0.9214	0.8355	0.593060383617	
0.8179	0.8377	0.8107	0.8498	0.8	0.832	1	
0.8967	0.6912	0.926	0.6839	0.9299	0.7343	0	
0.9036	0.7955	0.9016	0.8224	0.8944	0.8202	0.921171425489	
0.0596	0.733	0.0871	0.728	0.0865	0.756	0	
0.0569	0.8232	0.0873	0.7637	0.0997	0.8283	0.377610185801	
0.7107	0.6092	0.7242	0.6158	0.7084	0.6327	1	
0.8444	0.6619	0.8432	0.6534	0.9015	0.6506	1	
0.8802	0.7208	0.8606	0.684	0.8967	0.6912	1	
0.9708	0.6715	0.926	0.6839	0.93	0.6506	0	
0.9752	0.7409	0.9618	0.7643	0.9299	0.7343	0	
0.9015	0.6506	0.93	0.6506	0.926	0.6839	0	
0.8484	0.7131	0.885	0.7255	0.8094	0.7539	0	
0.8606	0.684	0.805	0.6748	0.8444	0.6619	0	
0.7107	0.6092	0.6925	0.6157	0.6931	0.6087	0	
0.8444	0.6619	0.805	0.6748	0.8142	0.663	0	
0.7713	0.7372	0.7525	0.749	0.7276	0.7178	0	
0.6709	0.5165	0.6963	0.5055	0.7052	0.522	0	
0.7763	0.3926	0.7719	0.428	0.7672	0.385	0	
0.793	0.6626	0.7892	0.6616	0.7868	0.6503	1	
0.7433	0.549	0.6987	0.5856	0.698	0.5393	1	
0.7458	0.6356	0.7868	0.6503	0.7467	0.6601	0	
0.8023	0.6761	0.777	0.7284	0.7892	0.6616	1	
0.757	0.5567	0.7665	0.5511	0.7483	0.5776	1	
0.9172	0.5736	0.8863	0.54	0.9174	0.5344	0.0747444976441	
0.926	0.6839	0.8967	0.6912	0.9015	0.6506	0	
0.9716	0.5361	0.9379	0.555	0.9528	0.5189	0	
0.8432	0.6534	0.8444	0.6619	0.8142	0.663	0	
0.844	0.4729	0.8993	0.4918	0.8448	0.4872	1	
0.8789	0.414	0.848	0.4166	0.8522	0.3465	0	
0.9128	0.5139	0.8863	0.54	0.8993	0.4918	1	
0.9211	0.6342	0.9492	0.5609	0.9955	0.6147	0	
0.9128	0.5139	0.8993	0.4918	0.9231	0.5021	1	
0.844	0.4729	0.8338	0.4566	0.8858	0.4395	0	
0.8499	0.337	0.8823	0.3286	0.8814	0.3367	1	
0.8955	0.3614	0.8789	0.414	0.8522	0.3465	0	
0.8793	0.3439	0.8499	0.337	0.8814	0.3367	1	
0.8899	0.2996	0.9134	0.2833	0.9134	0.3181	0	
0.9154	0.2386	0.8946	0.229	0.9292	0.1972	1	
0.8571	0.2661	0.7669	0.2161	0.7832	0.1876	1	
0.8762	0.2972	0.8823	0.3286	0.8566	0.2976	0	
0.7278	0.2197	0.7227	0.2798	0.6754	0.2533	0	
0.6189	0.2274	0.6532	0.2122	0.6576	0.2337	0	
0.8184	0.3195	0.7697	0.3316	0.7829	0.2671	0	
0.7096	0.3934	0.7719	0.428	0.6815	0.457	0	
0.7719	0.428	0.7814	0.4713	0.6948	0.4794	1	
0.6709	0.5165	0.6487	0.4802	0.6948	0.4794	1	
0.7483	0.5776	0.7398	0.583	0.7433	0.549	1	
0.6794	0.5568	0.6776	0.5805	0.662	0.5433	0	
0.7818	0.5105	0.8109	0.5053	0.7797	0.522	1	
0.7625	0.5385	0.7433	0.549	0.7052	0.522	1	
0.6289	0.5844	0.662	0.5433	0.6776	0.5805	1	
0.6709	0.5165	0.7052	0.522	0.698	0.5393	0.0813720497969	
0.5879	0.2634	0.552	0.332	0.5339	0.288	0	
0.7096	0.3934	0.7672	0.385	0.7719	0.428	0	
0.6159	0.5151	0.6382	0.5444	0.5746	0.5568	1	
0.6159	0.5151	0.6709	0.5165	0.6382	0.5444	1	
0.51	0.4346	0.4819	0.4599	0.5021	0.4266	1	
0.599	0.4583	0.6081	0.4603	0.6159	0.5151	1	
0.599	0.4583	0.5818	0.4428	0.6127	0.441	0	
0.4043	0.375	0.4544	0.354	0.4465	0.4314	1	
0.599	0.4583	0.6159	0.5151	0.5236	0.5015	1	
0.4548	0.4295	0.4613	0.4538	0.4465	0.4314	1	
0.536	0.4088	0.5054	0.403	0.5153	0.3943	1	
0.4548	0.4295	0.4465	0.4314	0.4544	0.354	1	
0.4977	0.2685	0.4985	0.2957	0.4789	0.3073	0	
0.564	0.4278	0.5661	0.373	0.6124	0.3895	0	
0.5578	0.3529	0.5661	0.373	0.5457	0.3832	0	
0.5026	0.23	0.4547	0.2272	0.4393	0.179	1	
0.5436	0.246	0.5403	0.2651	0.5363	0.2497	0	
0.6124	0.3895	0.6127	0.441	0.5818	0.4428	0	
0.5818	0.4428	0.564	0.4278	0.6124	0.3895	0	
0.5382	0.4292	0.5198	0.4324	0.536	0.4088	0	
0.6463	0.4098	0.671	0.4018	0.6717	0.403	1	
0.4976	0.254	0.5026	0.23	0.5363	0.2497	1	
0.6576	0.2337	0.6787	0.2231	0.6754	0.2533	0	
0.7395	0.2833	0.7829	0.2671	0.7697	0.3316	0	
0.7227	0.2798	0.7278	0.2197	0.7494	0.2293	0	
0.7796	0.0723	0.719	0.1095	0.7226	0.0634	0	
0.659	0.2254	0.6532	0.2122	0.6787	0.2231	0	
0.7278	0.2197	0.7069	0.1745	0.7457	0.2132	1	
0.572	0.2433	0.5325	0.1983	0.5523	0.169	1	
0.5677	0.014	0.5434	0.0364	0.5367	0.0212	1	
0.6107	0.2741	0.552	0.332	0.5879	0.2634	0	
0.4937	0.057	0.4969	0.0636	0.4795	0.0563	0	
0.5361	0.1528	0.5193	0.15	0.5321	0.1255	1	
0.5949	0.0529	0.5464	0.0769	0.5386	0.0492	0	
0.4937	0.057	0.4795	0.0563	0.4782	0.0282	0	
0.5523	0.169	0.5325	0.1983	0.5273	0.1776	1	
0.5154	0.1173	0.4878	0.1305	0.4945	0.0783	1	
0.5386	0.0492	0.5128	0.0688	0.4937	0.057	0.122862818479	
0.5185	0.0897	0.4945	0.0783	0.5128	0.0688	0	
0.6029	0.1237	0.6143	0.1011	0.6522	0.1087	1	
0.535	0.1131	0.5185	0.0897	0.5464	0.0769	1	
0.5677	0.014	0.5367	0.0212	0.563	0.0084	0	
0.6554	0.0538	0.5949	0.0529	0.5849	0.0237	0	
0.6649	0.1421	0.6522	0.1087	0.7084	0.1308	1	
0.7445	0.9756	0.7487	0.9415	0.7621	0.9567	0.00185711039677	
0.9383	0.0886	0.954	0.1117	0.9368	0.1298	0	
0.7686	0.9125	0.7487	0.9415	0.7556	0.8902	0.028229138892	
0.8701	0.1703	0.8693	0.1633	0.9156	0.1608	0	
0.771	0.0292	0.7796	0.0723	0.7226	0.0634	0	
0.8608	0.1862	0.7832	0.1876	0.8189	0.1559	1	
0.7069	0.1745	0.7278	0.2197	0.695	0.203	0.400249443812	
0.9156	0.1608	0.9304	0.1956	0.8989	0.1867	0	
0.7314	0.1476	0.7567	0.1746	0.7069	0.1745	1	
0.8184	0.3195	0.7829	0.2671	0.8571	0.2661	0	
0.8954	0.2528	0.8898	0.2715	0.8776	0.2404	0.645456038447	
0.9545	0.1784	0.9364	0.1489	0.978	0.1708	0.0244663840696	
0.9859	0.1936	0.9841	0.235	0.947	0.2183	1	
0.8762	0.2972	0.8899	0.2996	0.8823	0.3286	0	
0.0516	0.1086	0.069	0.1626	0.0461	0.1694	0	
0.9859	0.1936	0.947	0.2183	0.9545	0.1784	1	
0.9364	0.1489	0.9295	0.1598	0.9156	0.1608	0	
0.8699	0.1043	0.8693	0.1633	0.8574	0.1491	0	
0.9156	0.1608	0.9368	0.1298	0.9364	0.1489	0	
0.9634	0.0647	0.954	0.1117	0.9383	0.0886	0	
0.9156	0.1608	0.8693	0.1633	0.8699	0.1043	0	
0.9207	0.9759	0.8819	0.9336	0.9262	0.9683	0	
0.0563	0.0049	0.0346	0.0235	0.0323	0.005	0	
0.0346	0.0235	0.0629	0.0763	0.027	0.0699	0	
0.0795	0.057	0.1087	0.0853	0.0629	0.0763	0	
0.0563	0.0049	0.0795	0.057	0.0346	0.0235	0	
0.091	0.0528	0.1087	0.0853	0.0795	0.057	0.104791040426	
0.0967	0.0226	0.1063	0.0347	0.091	0.0528	0	
0.0356	0.0952	0.0516	0.1086	0.0381	0.1014	0.350891382445	
0.1136	0.136	0.0846	0.1729	0.069	0.1626	0	
0.0294	0.1017	0.0516	0.1086	0.0461	0.1694	0.718854864485	
0.0516	0.1086	0.1136	0.136	0.069	0.1626	0	
0.0294	0.1017	0.0337	0.0928	0.0356	0.0952	0	
0.0337	0.0928	0.027	0.0699	0.0629	0.0763	0	
0.0381	0.1014	0.0294	0.1017	0.0356	0.0952	1	
0.0294	0.1017	0.0049	0.0964	0.0337	0.0928	0	
0.0516	0.1086	0.0294	0.1017	0.0381	0.1014	1	
0.978	0.1708	0.9364	0.1489	0.954	0.1117	0	
0.027	0.0699	0.0337	0.0928	0.0049	0.0964	0	
0.0461	0.1694	0.0192	0.1729	0.0294	0.1017	1	
0.0846	0.1729	0.0775	0.1982	0.069	0.1626	1	
0.0606	0.226	0.0669	0.245	0.0569	0.2538	1	
0.0461	0.1694	0.0279	0.199	0.0192	0.1729	0.854511847148	
0.9841	0.235	0.956	0.2626	0.9497	0.2353	1	
0.0606	0.226	0.0216	0.2339	0.0279	0.199	1	
0.0569	0.2538	0.0524	0.259	0.0216	0.2339	1	
0.0523	0.2869	0.0152	0.2621	0.0524	0.259	1	
0.0614	0.2973	0.0523	0.2869	0.0938	0.2557	1	
0.0152	0.2621	0.0216	0.2339	0.0524	0.259	1	
0.1183	0.2377	0.0938	0.2557	0.1009	0.2173	1	
0.0569	0.2538	0.0216	0.2339	0.0606	0.226	1	
0.1432	0.2551	0.1309	0.2587	0.1183	0.2377	0	
0.096	0.2933	0.1287	0.2983	0.11	0.3459	1	
0.0461	0.1694	0.0775	0.1982	0.0279	0.199	1	
0.1039	0.2002	0.1269	0.2071	0.1009	0.2173	1	
0.1499	0.2351	0.1183	0.2377	0.1269	0.2071	1	
0.0938	0.2557	0.0669	0.245	0.1009	0.2173	0.00234919027696	
0.1039	0.2002	0.0775	0.1982	0.0846	0.1729	1	
0.1009	0.2173	0.0606	0.226	0.0775	0.1982	1	
0.0775	0.1982	0.1039	0.2002	0.1009	0.2173	1	
0.1281	0.1742	0.1136	0.136	0.1354	0.1761	1	
0.1039	0.2002	0.1312	0.1886	0.1269	0.2071	1	
0.1354	0.1761	0.1852	0.185	0.1417	0.1884	0	
0.1039	0.2002	0.1171	0.1776	0.1312	0.1886	1	
0.1852	0.185	0.1659	0.2009	0.1417	0.1884	1	
0.1269	0.2071	0.1183	0.2377	0.1009	0.2173	1	
0.1309	0.2587	0.1528	0.2871	0.1287	0.2983	1	
0.1499	0.2351	0.1432	0.2551	0.1183	0.2377	0	
0.1499	0.2351	0.1783	0.235	0.1432	0.2551	0	
0.1183	0.2377	0.1309	0.2587	0.1161	0.2676	0	
0.1432	0.2551	0.1528	0.2871	0.1309	0.2587	0	
0.1183	0.2377	0.1161	0.2676	0.0938	0.2557	1	
0.1528	0.2871	0.1638	0.3171	0.1287	0.2983	1	
0.2491	0.3172	0.2124	0.3333	0.1993	0.3205	1	
0.1832	0.2786	0.1432	0.2551	0.1783	0.235	0	
0.1947	0.2951	0.2491	0.3172	0.1993	0.3205	1	
0.1528	0.2871	0.1432	0.2551	0.1832	0.2786	1	
0.1961	0.2754	0.1783	0.235	0.1962	0.2297	0	
0.2553	0.2563	0.1962	0.2297	0.2547	0.2407	0	
0.1942	0.228	0.1659	0.2009	0.1852	0.185	0	
0.1783	0.235	0.1942	0.228	0.1962	0.2297	0	
0.1783	0.235	0.1659	0.2009	0.1942	0.228	0	
0.2025	0.0936	0.2133	0.1648	0.1852	0.185	1	
0.3093	0.1574	0.3165	0.1986	0.26	0.2036	1	
0.2504	0.0613	0.2305	0.0925	0.2013	0.0757	1	
0.1852	0.185	0.1354	0.1761	0.153	0.084	1	
0.2305	0.0925	0.2324	0.1382	0.2025	0.0936	0	
0.2133	0.1648	0.2589	0.1386	0.26	0.2036	1	
0.1312	0.1886	0.1354	0.1761	0.1417	0.1884	0	
0.1136	0.136	0.153	0.084	0.1354	0.1761	0	
0.1312	0.1886	0.1281	0.1742	0.1354	0.1761	1	
0.1171	0.1776	0.1136	0.136	0.1281	0.1742	1	
0.1136	0.136	0.1171	0.1776	0.0846	0.1729	0	
0.1281	0.1742	0.1312	0.1886	0.1171	0.1776	1	
0.1063	0.0347	0.1087	0.0853	0.091	0.0528	0	
0.153	0.084	0.2025	0.0936	0.1852	0.185	1	
0.2013	0.0757	0.1892	0.0821	0.1743	0.0172	0	
0.1486	0.0253	0.1743	0.0172	0.1475	0.0323	1	
0.1063	0.0347	0.1434	0.0378	0.1087	0.0853	0.211475128049	
0.1063	0.0347	0.1486	0.0253	0.1434	0.0378	0	
0.1434	0.0378	0.153	0.084	0.1087	0.0853	0.00587859744038	
0.1892	0.0821	0.1475	0.0323	0.1743	0.0172	1	
0.2305	0.003	0.2493	0.0431	0.2013	0.0757	0	
0.1892	0.0821	0.2013	0.0757	0.2025	0.0936	0	
0.1743	0.0172	0.2305	0.003	0.2013	0.0757	1	
0.153	0.084	0.1892	0.0821	0.2025	0.0936	0	
0.153	0.084	0.1434	0.0378	0.1892	0.0821	0	
0.152	0.9563	0.1794	0.9499	0.1768	0.9895	0.323930904658	
0.2362	0.0027	0.2373	0.003	0.2305	0.003	0	
0.2334	0.0003	0.2362	0.0027	0.2305	0.003	1	
0.2334	0.0003	0.2373	0.003	0.2362	0.0027	0	
0.2954	0.0443	0.2504	0.0613	0.2493	0.0431	1	
0.2305	0.0925	0.2025	0.0936	0.2013	0.0757	1	
0.249	0.0926	0.2305	0.0925	0.2504	0.0613	1	
0.249	0.0926	0.2553	0.1197	0.2305	0.0925	1	
0.2724	0.0754	0.2842	0.0868	0.249	0.0926	0	
0.2324	0.1382	0.2133	0.1648	0.2025	0.0936	0	
0.2842	0.0868	0.2553	0.1197	0.249	0.0926	0	
0.3021	0.1485	0.3093	0.1574	0.26	0.2036	0	
0.3541	0.0569	0.3437	0.0853	0.3317	0.0492	0	
0.3898	0.0713	0.4285	0.093	0.3469	0.1238	0	
0.2504	0.0613	0.2724	0.0754	0.249	0.0926	1	
0.2954	0.0443	0.3317	0.0492	0.2842	0.0868	1	
0.2842	0.0868	0.2949	0.112	0.2553	0.1197	1	
0.2842	0.0868	0.3437	0.0853	0.2949	0.112	1	
0.2954	0.0443	0.2724	0.0754	0.2504	0.0613	1	
0.2954	0.0443	0.2842	0.0868	0.2724	0.0754	0.0856224295581	
0.3124	0.0139	0.3317	0.0492	0.2954	0.0443	1	
0.3493	0.0358	0.3541	0.0569	0.3317	0.0492	0	
0.3493	0.0358	0.3124	0.0139	0.3512	0.009	0	
0.3512	0.009	0.3674	0.0335	0.3493	0.0358	0	
0.397	0.9862	0.3788	0.9797	0.3929	0.9802	0	
0.3605	0.001	0.3674	0.0335	0.3512	0.009	0	
0.3674	0.0335	0.3541	0.0569	0.3493	0.0358	0	
0.3674	0.0335	0.395	0.0631	0.3541	0.0569	0	
0.4653	0.9933	0.4412	0.9479	0.4813	0.9683	0	
0.485	0.0179	0.5367	0.0212	0.5354	0.0244	0	
0.4536	0.0127	0.485	0.0179	0.4782	0.0282	0	
0.5185	0.0897	0.5154	0.1173	0.4945	0.0783	1	
0.3923	0.2603	0.4547	0.2272	0.4643	0.2438	1	
0.485	0.0179	0.4937	0.057	0.4782	0.0282	0	
0.4969	0.0636	0.4945	0.0783	0.4795	0.0563	0	
0.5128	0.0688	0.4969	0.0636	0.4937	0.057	0	
0.5128	0.0688	0.4945	0.0783	0.4969	0.0636	0	
0.4636	0.109	0.4584	0.0801	0.4945	0.0783	0	
0.4636	0.109	0.4285	0.093	0.4584	0.0801	0	
0.4584	0.0801	0.45	0.0681	0.4795	0.0563	0	
0.4584	0.0801	0.4481	0.0675	0.45	0.0681	0.781787721255	
0.4289	0.0483	0.395	0.0631	0.3674	0.0335	0	
0.4289	0.0483	0.3953	0.0635	0.395	0.0631	1	
0.3923	0.2603	0.387	0.1996	0.4234	0.204	0	
0.3923	0.2603	0.3412	0.2538	0.387	0.1996	1	
0.3898	0.0713	0.3469	0.1238	0.3437	0.0853	1	
0.3823	0.1929	0.3452	0.1899	0.3417	0.1839	1	
0.3349	0.1313	0.3417	0.1839	0.3093	0.1574	0	
0.3469	0.1238	0.3823	0.1929	0.3417	0.1839	1	
0.4878	0.1305	0.4339	0.1692	0.4636	0.109	1	
0.4393	0.179	0.4234	0.204	0.4339	0.1692	0	
0.4878	0.1305	0.4393	0.179	0.4339	0.1692	1	
0.4878	0.1305	0.5193	0.15	0.4393	0.179	0.536231407846	
0.4945	0.0783	0.4878	0.1305	0.4636	0.109	0	
0.5084	0.134	0.5193	0.15	0.4878	0.1305	1	
0.5273	0.1776	0.5026	0.23	0.4393	0.179	1	
0.4976	0.254	0.5	0.2325	0.5026	0.23	1	
0.4977	0.2685	0.4643	0.2438	0.4976	0.254	1	
0.5	0.2325	0.4968	0.2376	0.4854	0.2366	1	
0.4976	0.254	0.5334	0.2698	0.4977	0.2685	1	
0.4339	0.1692	0.4234	0.204	0.387	0.1996	0	
0.4393	0.179	0.4547	0.2272	0.4234	0.204	0	
0.4547	0.2272	0.3923	0.2603	0.4234	0.204	1	
0.3878	0.2728	0.3861	0.2906	0.3708	0.2723	0	
0.3878	0.2728	0.3708	0.2723	0.3923	0.2603	0	
0.363	0.2851	0.3412	0.2538	0.3708	0.2723	1	
0.2525	0.2894	0.2844	0.276	0.2932	0.3003	0	
0.2751	0.253	0.3043	0.2255	0.2939	0.2763	1	
0.3413	0.2958	0.3177	0.29	0.3412	0.2538	1	
0.2844	0.276	0.2751	0.253	0.2939	0.2763	1	
0.3413	0.2958	0.3412	0.2538	0.363	0.2851	1	
0.2939	0.2763	0.3043	0.2255	0.3412	0.2538	1	
0.2547	0.2407	0.2754	0.2399	0.2751	0.253	1	
0.2535	0.2134	0.214	0.1968	0.26	0.2036	0	
0.2949	0.112	0.3021	0.1485	0.2589	0.1386	0	
0.3074	0.1233	0.3349	0.1313	0.3021	0.1485	0	
0.3021	0.1485	0.3349	0.1313	0.3093	0.1574	0	
0.3074	0.1233	0.3437	0.0853	0.3349	0.1313	0	
0.2618	0.2245	0.2535	0.2134	0.26	0.2036	0	
0.214	0.1968	0.2133	0.1648	0.26	0.2036	0	
0.2553	0.1197	0.2324	0.1382	0.2305	0.0925	0	
0.2589	0.1386	0.3021	0.1485	0.26	0.2036	0	
0.2553	0.1197	0.2589	0.1386	0.2324	0.1382	0	
0.2553	0.1197	0.2949	0.112	0.2589	0.1386	1	
0.3043	0.2255	0.2618	0.2245	0.26	0.2036	0	
0.2547	0.2407	0.1962	0.2297	0.2535	0.2134	0	
0.2547	0.2407	0.2618	0.2245	0.2754	0.2399	1	
0.2547	0.2407	0.2535	0.2134	0.2618	0.2245	0	
0.2525	0.2894	0.2641	0.2735	0.2844	0.276	0	
0.2525	0.2894	0.2553	0.2563	0.2641	0.2735	0	
0.3202	0.3506	0.301	0.348	0.3072	0.3391	1	
0.2846	0.3451	0.2496	0.3418	0.2722	0.3287	0	
0.3072	0.3391	0.2722	0.3287	0.2932	0.3003	1	
0.2846	0.3451	0.2686	0.3842	0.2496	0.3418	0	
0.3072	0.3391	0.2846	0.3451	0.2722	0.3287	1	
0.2959	0.3773	0.3134	0.3759	0.3091	0.4089	1	
0.3072	0.3391	0.301	0.348	0.2986	0.3486	1	
0.3202	0.3506	0.3303	0.3333	0.3446	0.3339	0	
0.2986	0.3486	0.2921	0.3555	0.2846	0.3451	0	
0.301	0.348	0.3198	0.359	0.2921	0.3555	1	
0.3072	0.3391	0.2986	0.3486	0.2846	0.3451	1	
0.301	0.348	0.2921	0.3555	0.2986	0.3486	1	
0.3446	0.3339	0.3198	0.359	0.3202	0.3506	0	
0.3134	0.3759	0.2921	0.3555	0.3198	0.359	1	
0.3446	0.3339	0.3748	0.3421	0.3589	0.3768	1	
0.3091	0.4089	0.2761	0.399	0.2959	0.3773	0	
0.301	0.348	0.3202	0.3506	0.3198	0.359	1	
0.3072	0.3391	0.3303	0.3333	0.3202	0.3506	1	
0.3072	0.3391	0.3303	0.3033	0.3303	0.3333	1	
0.2932	0.3003	0.2939	0.2763	0.3177	0.29	1	
0.3516	0.3002	0.3413	0.2958	0.363	0.2851	1	
0.3177	0.29	0.2939	0.2763	0.3412	0.2538	1	
0.3303	0.3033	0.3177	0.29	0.3413	0.2958	1	
0.3303	0.3033	0.2932	0.3003	0.3177	0.29	1	
0.3923	0.2603	0.4396	0.3044	0.3878	0.2728	0	
0.4396	0.3044	0.465	0.3292	0.4176	0.3483	0	
0.3861	0.2906	0.3516	0.3002	0.363	0.2851	1	
0.3446	0.3339	0.3303	0.3033	0.3516	0.3002	0	
0.3878	0.2728	0.4022	0.3058	0.3861	0.2906	1	
0.3748	0.3421	0.4176	0.3483	0.4043	0.375	0	
0.4396	0.3044	0.4067	0.3135	0.4022	0.3058	1	
0.3826	0.4232	0.4133	0.4387	0.4098	0.4486	0	
0.4789	0.3073	0.4396	0.3044	0.4643	0.2438	1	
0.4789	0.3073	0.4901	0.3165	0.465	0.3292	0	
0.4789	0.3073	0.465	0.3292	0.4396	0.3044	1	
0.4901	0.3165	0.4882	0.3787	0.465	0.3292	1	
0.4396	0.3044	0.4176	0.3483	0.4067	0.3135	1	
0.4544	0.354	0.4882	0.3787	0.4677	0.4234	1	
0.465	0.3292	0.4544	0.354	0.4176	0.3483	0	
0.465	0.3292	0.4882	0.3787	0.4544	0.354	1	
0.3198	0.359	0.3446	0.3339	0.3589	0.3768	1	
0.4176	0.3483	0.4544	0.354	0.4043	0.375	0	
0.3516	0.3002	0.3941	0.3293	0.3748	0.3421	1	
0.4067	0.3135	0.4176	0.3483	0.3941	0.3293	0	
0.3516	0.3002	0.3748	0.3421	0.3446	0.3339	0	
0.3941	0.3293	0.4176	0.3483	0.3748	0.3421	0	
0.3311	0.381	0.3589	0.3768	0.3414	0.3921	1	
0.4043	0.375	0.4133	0.4387	0.3826	0.4232	0	
0.4613	0.4538	0.4421	0.4919	0.4172	0.4427	1	
0.4191	0.5063	0.3881	0.493	0.4098	0.4486	0	
0.3414	0.3921	0.3826	0.4232	0.3378	0.4447	0	
0.3589	0.3768	0.4043	0.375	0.3826	0.4232	1	
0.5054	0.403	0.4677	0.4234	0.4882	0.3787	1	
0.4098	0.4486	0.4172	0.4427	0.4421	0.4919	1	
0.4677	0.4234	0.4548	0.4295	0.4544	0.354	1	
0.4421	0.4919	0.4535	0.5014	0.4213	0.5186	0	
0.5021	0.4266	0.4677	0.4234	0.5054	0.403	1	
0.5021	0.4266	0.4819	0.4599	0.4677	0.4234	1	
0.4677	0.4234	0.4613	0.4538	0.4548	0.4295	1	
0.4535	0.5014	0.4812	0.5379	0.434	0.5422	0	
0.4191	0.5063	0.4421	0.4919	0.4213	0.5186	0	
0.4613	0.4538	0.4819	0.4599	0.4535	0.5014	0.787017347549	
0.4677	0.4234	0.4819	0.4599	0.4613	0.4538	1	
0.5236	0.5015	0.5306	0.4683	0.599	0.4583	1	
0.4613	0.4538	0.4535	0.5014	0.4421	0.4919	0	
0.4819	0.4599	0.5236	0.5015	0.5057	0.5115	1	
0.4421	0.4919	0.4191	0.5063	0.4098	0.4486	0	
0.4213	0.5186	0.4098	0.5325	0.4191	0.5063	0	
0.4443	0.5763	0.4471	0.5729	0.4762	0.5775	0	
0.4098	0.5325	0.397	0.5352	0.4191	0.5063	0	
0.397	0.5352	0.3662	0.5482	0.3881	0.493	0	
0.3275	0.5407	0.3881	0.493	0.3662	0.5482	1	
0.2734	0.4819	0.2437	0.4263	0.3062	0.4303	0	
0.2765	0.4986	0.2904	0.4818	0.2862	0.5123	1	
0.3567	0.4697	0.3275	0.5407	0.305	0.5196	1	
0.2904	0.4818	0.3062	0.4303	0.3378	0.4447	0	
0.2904	0.4818	0.2734	0.4819	0.3062	0.4303	0	
0.3134	0.3759	0.3311	0.381	0.3091	0.4089	0	
0.3589	0.3768	0.3826	0.4232	0.3414	0.3921	1	
0.3198	0.359	0.3311	0.381	0.3134	0.3759	0	
0.3198	0.359	0.3589	0.3768	0.3311	0.381	1	
0.2921	0.3555	0.2959	0.3773	0.2686	0.3842	1	
0.2921	0.3555	0.3134	0.3759	0.2959	0.3773	1	
0.3062	0.4303	0.2761	0.399	0.3091	0.4089	0	
0.2659	0.3919	0.2686	0.3842	0.2761	0.399	1	
0.27	0.4045	0.2659	0.3919	0.2761	0.399	0	
0.2506	0.401	0.2326	0.3886	0.2659	0.3919	0	
0.3062	0.4303	0.27	0.4045	0.2761	0.399	0	
0.3062	0.4303	0.2437	0.4263	0.27	0.4045	0	
0.2765	0.4986	0.2734	0.4819	0.2904	0.4818	0	
0.2726	0.4994	0.2532	0.5196	0.2346	0.4683	0	
0.2734	0.4819	0.2765	0.4986	0.2726	0.4994	0	
0.2904	0.4818	0.305	0.5196	0.2862	0.5123	0	
0.319	0.5425	0.3008	0.5767	0.3171	0.5358	0	
0.2726	0.4994	0.2765	0.4986	0.2862	0.5123	1	
0.1551	0.4976	0.1638	0.4667	0.21	0.5097	1	
0.2338	0.458	0.2734	0.4819	0.2346	0.4683	1	
0.2292	0.5795	0.2336	0.521	0.2532	0.5196	0	
0.1898	0.5486	0.1796	0.5404	0.21	0.5097	0	
0.2062	0.5624	0.2042	0.5624	0.1898	0.5486	1	
0.21	0.5097	0.2346	0.4683	0.2336	0.521	0.0148518282752	
0.1898	0.5486	0.21	0.5097	0.2336	0.521	0	
0.1712	0.5269	0.1472	0.4978	0.1551	0.4976	1	
0.1712	0.5269	0.1551	0.4976	0.21	0.5097	0	
0.1326	0.4259	0.132	0.468	0.1254	0.4673	0	
0.1472	0.4978	0.132	0.468	0.1638	0.4667	1	
0.0379	0.4769	0.1052	0.5171	0.0269	0.5218	1	
0.21	0.5097	0.1804	0.4571	0.2195	0.4639	1	
0.1638	0.4667	0.132	0.468	0.1326	0.4259	0	
0.1472	0.4978	0.1638	0.4667	0.1551	0.4976	1	
0.1396	0.4081	0.1351	0.4112	0.1281	0.3875	0	
0.1638	0.4667	0.1326	0.4259	0.1804	0.4571	1	
0.1877	0.4313	0.2326	0.3886	0.2251	0.4349	1	
0.21	0.5097	0.2195	0.4639	0.2346	0.4683	0	
0.1804	0.4571	0.1899	0.4422	0.2195	0.4639	1	
0.2338	0.458	0.2251	0.4349	0.2437	0.4263	1	
0.2195	0.4639	0.1899	0.4422	0.2251	0.4349	1	
0.2734	0.4819	0.2338	0.458	0.2437	0.4263	1	
0.2346	0.4683	0.2195	0.4639	0.2338	0.458	1	
0.1638	0.3171	0.1993	0.3205	0.1763	0.3633	0	
0.2491	0.3172	0.1947	0.2951	0.2525	0.2894	1	
0.2326	0.3886	0.1877	0.4313	0.1763	0.3633	1	
0.1899	0.4422	0.1804	0.4571	0.1877	0.4313	1	
0.1832	0.2786	0.1947	0.2951	0.1638	0.3171	1	
0.1947	0.2951	0.1961	0.2754	0.2525	0.2894	0	
0.2722	0.3287	0.2491	0.3172	0.2525	0.2894	1	
0.2496	0.3418	0.2348	0.3461	0.2491	0.3172	1	
0.1638	0.3171	0.1947	0.2951	0.1993	0.3205	0	
0.1832	0.2786	0.1961	0.2754	0.1947	0.2951	1	
0.1522	0.3605	0.1638	0.3171	0.1763	0.3633	0	
0.1528	0.2871	0.1832	0.2786	0.1638	0.3171	1	
0.1877	0.4313	0.1396	0.4081	0.1763	0.3633	0	
0.1522	0.3605	0.1123	0.3768	0.11	0.3459	1	
0.1522	0.3605	0.11	0.3459	0.1638	0.3171	0	
0.096	0.2933	0.0938	0.2557	0.1161	0.2676	1	
0.1152	0.3996	0.1062	0.3786	0.1123	0.3768	0	
0.1522	0.3605	0.1763	0.3633	0.1396	0.4081	0.0937000358388	
0.1522	0.3605	0.1396	0.4081	0.1281	0.3875	1	
0.1877	0.4313	0.1804	0.4571	0.1326	0.4259	1	
0.1351	0.4112	0.1326	0.4259	0.1032	0.4154	0	
0.1396	0.4081	0.1877	0.4313	0.1326	0.4259	0	
0.1152	0.3996	0.1351	0.4112	0.1032	0.4154	1	
0.1396	0.4081	0.1326	0.4259	0.1351	0.4112	0	
0.054	0.3426	0.0699	0.3705	0.0573	0.3714	1	
0.11	0.3459	0.1287	0.2983	0.1638	0.3171	0	
0.1152	0.3996	0.0907	0.3959	0.1062	0.3786	0	
0.0699	0.3705	0.054	0.3426	0.11	0.3459	0	
0.1062	0.3786	0.11	0.3459	0.1123	0.3768	0	
0.054	0.3426	0.0743	0.3144	0.11	0.3459	0	
0.11	0.3459	0.0743	0.3144	0.096	0.2933	1	
0.0543	0.3074	0.0097	0.2902	0.0523	0.2869	0.372041041455	
0.0614	0.2973	0.096	0.2933	0.0743	0.3144	1	
0.1161	0.2676	0.1287	0.2983	0.096	0.2933	1	
0.054	0.3426	0.0543	0.3074	0.0743	0.3144	0.00859167001948	
0.0523	0.2869	0.0524	0.259	0.0569	0.2538	1	
0.0573	0.3714	0.0537	0.374	0.054	0.3426	1	
0.0543	0.3074	0.0523	0.2869	0.0614	0.2973	1	
0.0097	0.2902	0.0152	0.2621	0.0523	0.2869	1	
0.0743	0.3144	0.0543	0.3074	0.0614	0.2973	1	
0.054	0.3426	0	0.3378	0.0543	0.3074	1	
0.0543	0.3074	0	0.3378	0.0097	0.2902	1	
0.9095	0.3899	0.9157	0.3729	0.9221	0.366	1	
0.054	0.3426	0.0037	0.3537	0	0.3378	1	
0.0186	0.3881	0.0127	0.395	0.0037	0.3537	1	
0.0037	0.3537	0.0537	0.374	0.0186	0.3881	1	
0.0504	0.3807	0.0699	0.3705	0.0596	0.3981	1	
0.0504	0.3807	0.0596	0.3981	0.0186	0.3881	1	
0.0504	0.3807	0.0573	0.3714	0.0699	0.3705	1	
0.0537	0.374	0.0504	0.3807	0.0186	0.3881	1	
0.0537	0.374	0.0573	0.3714	0.0504	0.3807	1	
0.0596	0.3981	0.0907	0.3959	0.071	0.422	0	
0.1032	0.4154	0.1326	0.4259	0.1254	0.4673	0	
0.0888	0.4225	0.0907	0.3959	0.1032	0.4154	0	
0.1152	0.3996	0.1123	0.3768	0.1281	0.3875	0	
0.0699	0.3705	0.1062	0.3786	0.0907	0.3959	0	
0.0699	0.3705	0.11	0.3459	0.1062	0.3786	0	
0.1351	0.4112	0.1152	0.3996	0.1281	0.3875	0	
0.1032	0.4154	0.0907	0.3959	0.1152	0.3996	1	
0.1472	0.4978	0.1135	0.4931	0.132	0.468	0	
0.1472	0.4978	0.1712	0.5269	0.1682	0.534	0	
0.0888	0.4225	0.1254	0.4673	0.1135	0.4931	0	
0.0888	0.4225	0.1032	0.4154	0.1254	0.4673	0	
0.0253	0.4892	0.0379	0.4769	0.0269	0.5218	0	
0.1135	0.4931	0.1472	0.4978	0.1052	0.5171	1	
0.0083	0.48	0.0379	0.4769	0.0253	0.4892	0.798519695086	
0.071	0.422	0.0888	0.4225	0.0379	0.4769	0	
0.0253	0.4892	0.0124	0.4914	0.0083	0.48	1	
0.0253	0.4892	0.0269	0.5218	0.0124	0.4914	1	
0.0379	0.4769	0.0083	0.48	0.0164	0.4523	0	
0.0115	0.656	0.0081	0.6309	0.0336	0.6505	1	
0.1052	0.5171	0.0504	0.5629	0.0269	0.5218	1	
0.1338	0.5989	0.1474	0.6121	0.1171	0.6295	0	
0.0399	0.6217	0.0602	0.5981	0.0732	0.6238	0.426747142383	
0.1682	0.534	0.1052	0.5171	0.1472	0.4978	0.104311727623	
0.0428	0.6403	0.0399	0.6217	0.046	0.6304	0	
0.0183	0.6039	0.0602	0.5981	0.0399	0.6217	1	
0.0399	0.6217	0.0081	0.6309	0.0183	0.6039	1	
0.1521	0.6157	0.1519	0.6742	0.1171	0.6295	0	
0.1087	0.6808	0.0902	0.6868	0.0774	0.6445	0	
0.0732	0.6238	0.1137	0.5691	0.1171	0.6295	0	
0.1707	0.5743	0.1898	0.5486	0.2042	0.5624	0	
0.1519	0.6742	0.1521	0.6157	0.1705	0.6228	0	
0.1474	0.6121	0.1338	0.5989	0.1707	0.5743	0	
0.0504	0.5629	0.1137	0.5691	0.0602	0.5981	1	
0.1313	0.5857	0.1726	0.5474	0.1707	0.5743	1	
0.1171	0.6295	0.1137	0.5691	0.1338	0.5989	0	
0.1137	0.5691	0.1726	0.5474	0.1313	0.5857	1	
0.1338	0.5989	0.1137	0.5691	0.1313	0.5857	1	
0.0504	0.5629	0.1052	0.5171	0.1137	0.5691	1	
0.1796	0.5404	0.1682	0.534	0.1712	0.5269	0	
0.1726	0.5474	0.1137	0.5691	0.1682	0.534	1	
0.1705	0.6228	0.1707	0.5743	0.2035	0.5951	1	
0.1726	0.5474	0.1682	0.534	0.1796	0.5404	1	
0.1474	0.6121	0.1707	0.5743	0.1521	0.6157	0	
0.1726	0.5474	0.1898	0.5486	0.1707	0.5743	1	
0.21	0.5097	0.1796	0.5404	0.1712	0.5269	0	
0.1898	0.5486	0.1726	0.5474	0.1796	0.5404	1	
0.2035	0.5951	0.2042	0.5624	0.2062	0.5624	0	
0.1898	0.5486	0.2336	0.521	0.2062	0.5624	1	
0.2292	0.5795	0.2062	0.5624	0.2336	0.521	1	
0.2292	0.5795	0.229	0.595	0.2035	0.5951	1	
0.2862	0.5123	0.305	0.5196	0.3008	0.5767	0	
0.2292	0.5795	0.2035	0.5951	0.2062	0.5624	0	
0.2035	0.5951	0.229	0.595	0.2261	0.6042	1	
0.319	0.5425	0.3171	0.5358	0.3275	0.5407	1	
0.2231	0.6139	0.2298	0.619	0.2335	0.6422	1	
0.2261	0.6042	0.2557	0.6088	0.2298	0.619	1	
0.2035	0.5951	0.2261	0.6042	0.2215	0.6127	1	
0.229	0.595	0.2557	0.6088	0.2261	0.6042	1	
0.2261	0.6042	0.2231	0.6139	0.2215	0.6127	1	
0.2261	0.6042	0.2298	0.619	0.2231	0.6139	1	
0.1888	0.661	0.1705	0.6228	0.2215	0.6127	1	
0.1707	0.5743	0.2042	0.5624	0.2035	0.5951	0	
0.1519	0.6742	0.1705	0.6228	0.1888	0.661	1	
0.1521	0.6157	0.1707	0.5743	0.1705	0.6228	0	
0.1519	0.6742	0.1087	0.6808	0.1171	0.6295	0	
0.0774	0.6445	0.0339	0.6766	0.0336	0.6505	1	
0.1519	0.6742	0.0973	0.7131	0.1087	0.6808	0	
0.1081	0.7516	0.0865	0.756	0.0871	0.728	1	
0.1988	0.7394	0.1742	0.733	0.1888	0.661	0	
0.1742	0.733	0.0973	0.7131	0.1519	0.6742	0	
0.1888	0.661	0.2422	0.7269	0.1988	0.7394	0	
0.2587	0.7279	0.2995	0.7422	0.2726	0.7583	0	
0.1888	0.661	0.2443	0.6579	0.2604	0.6851	1	
0.2924	0.6628	0.2733	0.6799	0.2781	0.6439	0	
0.2335	0.6422	0.2515	0.6487	0.2443	0.6579	1	
0.2335	0.6422	0.2567	0.6429	0.2515	0.6487	1	
0.2439	0.7334	0.2379	0.7488	0.2379	0.7321	1	
0.2267	0.8223	0.2408	0.8329	0.2227	0.8365	0	
0.2422	0.7269	0.2379	0.7321	0.1988	0.7394	1	
0.2422	0.7269	0.2439	0.7334	0.2379	0.7321	1	
0.2647	0.697	0.2587	0.7279	0.2422	0.7269	0	
0.2995	0.7422	0.2924	0.7637	0.2726	0.7583	1	
0.1988	0.7394	0.2086	0.7515	0.1892	0.7525	0	
0.2428	0.8482	0.2408	0.8329	0.2829	0.839	0	
0.2379	0.7321	0.2086	0.7515	0.1988	0.7394	1	
0.2379	0.7321	0.2379	0.7488	0.2086	0.7515	1	
0.1888	0.661	0.1742	0.733	0.1519	0.6742	0	
0.1988	0.7394	0.1892	0.7525	0.1742	0.733	0	
0.0495	0.754	0.0865	0.756	0.0873	0.7637	0.0690982209332	
0.1081	0.7516	0.1198	0.766	0.0873	0.7637	1	
0.1081	0.7516	0.0873	0.7637	0.0865	0.756	1	
0.0997	0.8283	0.0639	0.8398	0.0569	0.8232	0	
0.0973	0.7131	0.1081	0.7516	0.0871	0.728	1	
0.0973	0.7131	0.0952	0.7017	0.1087	0.6808	0	
0.0973	0.7131	0.0871	0.728	0.0952	0.7017	0	
0.0952	0.7017	0.0902	0.6868	0.1087	0.6808	0	
0.0952	0.7017	0.0871	0.728	0.0512	0.6956	0	
0.1087	0.6808	0.0774	0.6445	0.0991	0.6376	0	
0.0902	0.6868	0.0512	0.6956	0.0774	0.6445	0	
0.0336	0.6505	0.0339	0.6766	0.0126	0.6593	1	
0.0902	0.6868	0.0952	0.7017	0.0512	0.6956	0	
0.0428	0.6403	0.0336	0.6505	0.0081	0.6309	1	
0.0115	0.656	0.0336	0.6505	0.0126	0.6593	1	
0.0428	0.6403	0.0774	0.6445	0.0336	0.6505	1	
0.0339	0.6766	0.0774	0.6445	0.0512	0.6956	0	
0.0512	0.6956	0.0871	0.728	0.0596	0.733	0	
0.0028	0.8027	0.0187	0.7639	0.0569	0.8232	0	
0.0187	0.7639	0.0596	0.733	0.0495	0.754	0	
0.0008	0.7722	0.0034	0.7685	0.0187	0.7639	0	
0.0187	0.7639	0.0495	0.754	0.0569	0.8232	0	
0.0008	0.7722	0.0187	0.7639	0.0028	0.8027	0	
0.0114	0.8371	0.0569	0.8232	0.0528	0.8427	0	
0.0495	0.754	0.0873	0.7637	0.0569	0.8232	0.061181990023	
0.093	0.8422	0.1075	0.8364	0.128	0.8542	0	
0.0997	0.8283	0.1484	0.7755	0.1075	0.8364	0	
0.0596	0.8534	0.0657	0.8566	0.0519	0.886	0	
0.0639	0.8398	0.0997	0.8283	0.093	0.8422	0	
0.0639	0.8398	0.093	0.8422	0.0657	0.8566	0	
0.0997	0.8283	0.1075	0.8364	0.093	0.8422	0	
0.0925	0.9291	0.0709	0.8927	0.1127	0.915	0	
0.0657	0.8566	0.093	0.8422	0.0857	0.8627	0	
0.0528	0.8427	0.0596	0.8534	0.0519	0.886	0.294315361425	
0.0528	0.8427	0.0639	0.8398	0.0596	0.8534	0	
0.0709	0.8927	0.0525	0.9242	0.0519	0.886	0	
0.0296	0.8986	0.0154	0.8977	0.0114	0.8371	0	
0.961	0.8969	0.954	0.8721	0.9631	0.8593	0	
0.0028	0.8027	0.0569	0.8232	0.0114	0.8371	0	
0.0595	0.9999	0.0368	0.9529	0.1079	0.9591	0	
0.0353	0.9426	0.0197	0.9507	0.0353	0.9299	0	
0.0709	0.8927	0.0925	0.9291	0.0525	0.9242	0	
0.0353	0.9299	0.0049	0.9154	0.036	0.9117	0	
0.0525	0.9242	0.0353	0.9426	0.0353	0.9299	0	
0.0197	0.9507	0.0049	0.9154	0.0353	0.9299	0	
0.0368	0.9529	0.0197	0.9507	0.0353	0.9426	0	
0.0308	0.9593	0.0094	0.9649	0.0197	0.9507	0.714013867214	
0.0595	0.9999	0.0308	0.9593	0.0368	0.9529	0.636923996475	
0.1232	0.9204	0.1222	0.9299	0.1127	0.915	0.357806353785	
0.1222	0.9299	0.152	0.9563	0.1079	0.9591	0.479055646297	
0.0925	0.9291	0.1222	0.9299	0.1079	0.9591	0.0412392759052	
0.1232	0.9204	0.1494	0.9181	0.1222	0.9299	0.00203671643763	
0.1222	0.9299	0.0925	0.9291	0.1127	0.915	0.00985184480972	
0.1079	0.9591	0.0368	0.9529	0.0925	0.9291	0	
0.0519	0.886	0.0525	0.9242	0.036	0.9117	0	
0.0925	0.9291	0.0368	0.9529	0.0525	0.9242	0	
0.0657	0.8566	0.0709	0.8927	0.0519	0.886	0	
0.0857	0.8627	0.1127	0.915	0.0709	0.8927	0.00498023538684	
0.1127	0.915	0.1244	0.8711	0.1232	0.9204	0.0223040557815	
0.2623	0.9587	0.1973	0.9401	0.2499	0.8977	0	
0.1244	0.8711	0.1735	0.8602	0.1641	0.8902	0	
0.2622	0.8794	0.2428	0.8482	0.2829	0.839	0	
0.152	0.9563	0.1494	0.9181	0.1794	0.9499	0	
0.1768	0.9895	0.1794	0.9499	0.2	0.9562	0.0177546069879	
0.152	0.9563	0.1536	0.9904	0.1349	0.9915	0.67297961377	
0.152	0.9563	0.1768	0.9895	0.1536	0.9904	0.838554148941	
0.2813	0.9668	0.289	0.9754	0.2557	0.9829	1	
0.1768	0.9895	0.2	0.9942	0.1805	0.9934	0	
0.2813	0.9668	0.2555	0.9672	0.2623	0.9587	0	
0.1768	0.9895	0.2	0.9562	0.2	0.9942	0.254995295118	
0.1973	0.9401	0.1931	0.9053	0.2499	0.8977	1	
0.1937	0.8865	0.2499	0.8977	0.1931	0.9053	1	
0.2622	0.8794	0.3018	0.8752	0.2957	0.9204	0	
0.1794	0.9499	0.1973	0.9401	0.2	0.9562	0.0110112775793	
0.1794	0.9499	0.1931	0.9053	0.1973	0.9401	0	
0.1494	0.9181	0.1641	0.8902	0.1931	0.9053	0	
0.1735	0.8602	0.2227	0.8365	0.1937	0.8865	0	
0.1937	0.8865	0.2393	0.8577	0.2499	0.8977	0.196778376439	
0.209	0.7684	0.2111	0.7569	0.2379	0.7488	0	
0.1723	0.8324	0.186	0.8142	0.2227	0.8365	0	
0.2829	0.839	0.3069	0.8167	0.3036	0.8506	1	
0.1641	0.8902	0.1735	0.8602	0.1937	0.8865	0	
0.1244	0.8711	0.1393	0.8456	0.1735	0.8602	0	
0.1931	0.9053	0.1641	0.8902	0.1937	0.8865	0	
0.1494	0.9181	0.1232	0.9204	0.1244	0.8711	0	
0.1393	0.8456	0.1244	0.8711	0.128	0.8542	0	
0.1641	0.8902	0.1494	0.9181	0.1244	0.8711	0	
0.2267	0.8223	0.186	0.8142	0.209	0.7684	0	
0.1723	0.8324	0.1653	0.826	0.186	0.8142	0	
0.1653	0.826	0.1393	0.8456	0.1075	0.8364	0	
0.1653	0.826	0.1723	0.8324	0.1393	0.8456	0.0556930633275	
0.279	0.7902	0.209	0.7684	0.2379	0.7488	1	
0.186	0.8142	0.1541	0.7716	0.209	0.7684	0	
0.2393	0.8577	0.2227	0.8365	0.2428	0.8482	0	
0.2393	0.8577	0.1937	0.8865	0.2227	0.8365	0	
0.186	0.8142	0.2267	0.8223	0.2227	0.8365	0	
0.3069	0.8167	0.3141	0.8153	0.3036	0.8506	1	
0.2227	0.8365	0.2408	0.8329	0.2428	0.8482	0	
0.2267	0.8223	0.209	0.7684	0.279	0.7902	1	
0.2622	0.8794	0.2829	0.839	0.3018	0.8752	0	
0.3141	0.8153	0.3638	0.827	0.3036	0.8506	1	
0.3018	0.8752	0.2829	0.839	0.3036	0.8506	0	
0.2408	0.8329	0.2267	0.8223	0.279	0.7902	1	
0.2408	0.8329	0.279	0.7902	0.2829	0.839	1	
0.2726	0.7583	0.2439	0.7334	0.2587	0.7279	0	
0.279	0.7902	0.3069	0.8167	0.2829	0.839	1	
0.279	0.7902	0.3141	0.8153	0.3069	0.8167	1	
0.3666	0.8011	0.3638	0.827	0.3141	0.8153	1	
0.3666	0.8011	0.3813	0.7857	0.3958	0.8017	0	
0.3622	0.7828	0.3813	0.7857	0.3666	0.8011	1	
0.4163	0.7466	0.4428	0.7776	0.4316	0.7914	0	
0.3174	0.9207	0.3563	0.886	0.3682	0.9211	1	
0.3403	0.8816	0.3036	0.8506	0.3638	0.827	1	
0.3563	0.886	0.3827	0.9126	0.3682	0.9211	1	
0.3931	0.9017	0.4573	0.8957	0.4286	0.9441	1	
0.3174	0.9207	0.3403	0.8816	0.3563	0.886	1	
0.332	0.8826	0.3036	0.8506	0.3403	0.8816	0	
0.3174	0.9207	0.332	0.8826	0.3403	0.8816	1	
0.3174	0.9207	0.3018	0.8752	0.332	0.8826	0	
0.2957	0.9204	0.3018	0.8752	0.3174	0.9207	0	
0.3036	0.8506	0.332	0.8826	0.3018	0.8752	0	
0.2393	0.8577	0.2622	0.8794	0.2499	0.8977	0	
0.2393	0.8577	0.2428	0.8482	0.2622	0.8794	0	
0.2813	0.9668	0.2623	0.9587	0.2933	0.9484	0	
0.2555	0.9672	0.1973	0.9401	0.2623	0.9587	0	
0.2623	0.9587	0.2757	0.9314	0.2933	0.9484	0	
0.2499	0.8977	0.2622	0.8794	0.2957	0.9204	0	
0.2933	0.9484	0.2757	0.9314	0.2957	0.9204	0	
0.2623	0.9587	0.2499	0.8977	0.2757	0.9314	0	
0.2555	0.9672	0.2813	0.9668	0.2557	0.9829	0.0310604163861	
0.2557	0.9829	0.289	0.9754	0.2954	0.9786	1	
0.2813	0.9668	0.2933	0.9484	0.289	0.9754	1	
0.2933	0.9484	0.3069	0.9517	0.289	0.9754	1	
0.289	0.9754	0.3069	0.9517	0.2954	0.9786	1	
0.3397	0.9416	0.3174	0.9207	0.3682	0.9211	0	
0.3499	0.9911	0.3397	0.9416	0.3618	0.9438	0	
0.41	0.9954	0.4412	0.9479	0.4653	0.9933	0	
0.2954	0.9786	0.3069	0.9517	0.3173	0.9847	1	
0.2933	0.9484	0.2957	0.9204	0.3069	0.9517	0	
0.3174	0.9207	0.3397	0.9416	0.3069	0.9517	0	
0.3618	0.9438	0.3847	0.9613	0.3788	0.9797	0	
0.3682	0.9211	0.3618	0.9438	0.3397	0.9416	1	
0.3682	0.9211	0.392	0.9224	0.3618	0.9438	0.0820129840714	
0.3618	0.9438	0.392	0.9224	0.3847	0.9613	0	
0.4286	0.9441	0.4412	0.9479	0.41	0.9954	0	
0.392	0.9224	0.4286	0.9441	0.4029	0.9559	0	
0.3827	0.9126	0.389	0.8976	0.3931	0.9017	1	
0.3847	0.9613	0.3865	0.9689	0.3788	0.9797	0	
0.3847	0.9613	0.4029	0.9559	0.3865	0.9689	0	
0.4029	0.9559	0.3929	0.9802	0.3865	0.9689	0	
0.4029	0.9559	0.397	0.9862	0.3929	0.9802	0	
0.4029	0.9559	0.41	0.9954	0.397	0.9862	0	
0.4813	0.9683	0.4857	0.9744	0.4653	0.9933	0	
0.4412	0.9479	0.4465	0.9451	0.4813	0.9683	0	
0.4813	0.9683	0.4946	0.9719	0.4857	0.9744	0	
0.5082	0.9435	0.5417	0.9664	0.4946	0.9719	0	
0.4693	0.9334	0.4813	0.9683	0.4465	0.9451	0	
0.4949	0.9355	0.4946	0.9719	0.4813	0.9683	0	
0.4693	0.9334	0.4949	0.9355	0.4813	0.9683	0	
0.5081	0.9114	0.5217	0.8518	0.534	0.8925	0	
0.4573	0.8957	0.4693	0.9334	0.4465	0.9451	0	
0.4573	0.8957	0.4674	0.8978	0.4695	0.901	1	
0.5081	0.9114	0.4674	0.8978	0.5217	0.8518	0	
0.4573	0.8957	0.4492	0.8548	0.4674	0.8978	0.34305952783	
0.4693	0.9334	0.4695	0.901	0.4949	0.9355	0	
0.4693	0.9334	0.4573	0.8957	0.4695	0.901	0	
0.3931	0.9017	0.4492	0.8548	0.4573	0.8957	1	
0.479	0.8263	0.5128	0.8257	0.5217	0.8518	0	
0.392	0.9224	0.3931	0.9017	0.4286	0.9441	0	
0.389	0.8976	0.3879	0.862	0.3931	0.9017	1	
0.3847	0.9613	0.392	0.9224	0.4029	0.9559	0	
0.3827	0.9126	0.3931	0.9017	0.392	0.9224	1	
0.3931	0.9017	0.3879	0.862	0.4057	0.8481	1	
0.389	0.8976	0.3563	0.886	0.3879	0.862	1	
0.3784	0.8537	0.4057	0.8481	0.3879	0.862	1	
0.4123	0.8437	0.4492	0.8548	0.4057	0.8481	0	
0.3638	0.827	0.3958	0.8017	0.4057	0.8481	0	
0.3813	0.7857	0.4316	0.7914	0.3958	0.8017	0	
0.3958	0.8017	0.4123	0.8437	0.4057	0.8481	0	
0.431	0.7955	0.45	0.8046	0.4123	0.8437	1	
0.4567	0.7856	0.4316	0.7914	0.4428	0.7776	0	
0.431	0.7955	0.3958	0.8017	0.4316	0.7914	0	
0.4123	0.8437	0.45	0.8046	0.4492	0.8548	1	
0.4641	0.7721	0.4428	0.7776	0.4163	0.7466	1	
0.4492	0.8548	0.45	0.8046	0.479	0.8263	1	
0.431	0.7955	0.4316	0.7914	0.45	0.8046	1	
0.5155	0.7793	0.4794	0.7697	0.5018	0.747	1	
0.4567	0.7856	0.4428	0.7776	0.4641	0.7721	0.504784573887	
0.4794	0.7697	0.5011	0.8042	0.4567	0.7856	1	
0.4154	0.7335	0.4586	0.6965	0.4641	0.7721	1	
0.5325	0.6784	0.4797	0.6748	0.4916	0.6552	0	
0.4428	0.6797	0.4586	0.6965	0.4049	0.7051	0	
0.4822	0.6982	0.4826	0.6997	0.4586	0.6965	1	
0.5062	0.6125	0.51	0.6508	0.4811	0.6465	0	
0.4822	0.6982	0.5325	0.6784	0.4826	0.6997	0	
0.4428	0.6797	0.4797	0.6748	0.4586	0.6965	0	
0.4916	0.6552	0.51	0.6508	0.5325	0.6784	0	
0.3933	0.6797	0.4428	0.6797	0.4047	0.6924	1	
0.4562	0.6424	0.4797	0.6748	0.4428	0.6797	0	
0.3133	0.6343	0.3679	0.6141	0.3281	0.662	1	
0.394	0.5667	0.3596	0.5815	0.3662	0.5482	0	
0.2995	0.7422	0.3291	0.7375	0.3324	0.7743	0	
0.3024	0.7088	0.3162	0.6942	0.3291	0.7375	0	
0.4641	0.7721	0.4163	0.7466	0.4154	0.7335	1	
0.4316	0.7914	0.3813	0.7857	0.4163	0.7466	0	
0.3324	0.7743	0.3622	0.7828	0.3666	0.8011	1	
0.3324	0.7743	0.3291	0.7375	0.3622	0.7828	0	
0.4794	0.7697	0.4567	0.7856	0.4641	0.7721	0	
0.45	0.8046	0.4316	0.7914	0.4567	0.7856	1	
0.3024	0.7088	0.2587	0.7279	0.2853	0.6966	0	
0.2604	0.6851	0.2443	0.6579	0.2733	0.6799	1	
0.2853	0.6966	0.3162	0.6942	0.3024	0.7088	0	
0.2924	0.6628	0.3109	0.6539	0.3162	0.6942	0	
0.3141	0.8153	0.2924	0.7637	0.3324	0.7743	1	
0.2726	0.7583	0.2379	0.7488	0.2439	0.7334	0	
0.279	0.7902	0.2726	0.7583	0.2924	0.7637	1	
0.279	0.7902	0.2379	0.7488	0.2726	0.7583	1	
0.2853	0.6966	0.2647	0.697	0.2777	0.6915	0	
0.2422	0.7269	0.1888	0.661	0.2604	0.6851	1	
0.2422	0.7269	0.2587	0.7279	0.2439	0.7334	0	
0.2647	0.697	0.2853	0.6966	0.2587	0.7279	0	
0.2647	0.697	0.2604	0.6851	0.2777	0.6915	1	
0.2515	0.6487	0.2567	0.6429	0.2781	0.6439	1	
0.2777	0.6915	0.2604	0.6851	0.2733	0.6799	1	
0.2647	0.697	0.2422	0.7269	0.2604	0.6851	0	
0.2853	0.6966	0.2805	0.6882	0.3162	0.6942	1	
0.2853	0.6966	0.2777	0.6915	0.2805	0.6882	1	
0.2805	0.6882	0.2924	0.6628	0.3162	0.6942	1	
0.2805	0.6882	0.2733	0.6799	0.2924	0.6628	1	
0.3281	0.662	0.3109	0.6539	0.3133	0.6343	1	
0.2924	0.6628	0.2926	0.6466	0.3109	0.6539	0	
0.3933	0.6797	0.3281	0.662	0.3743	0.6491	1	
0.3162	0.6942	0.3109	0.6539	0.3281	0.662	0.704981715424	
0.3008	0.5767	0.3133	0.6343	0.2557	0.6088	1	
0.3109	0.6539	0.2926	0.6466	0.3133	0.6343	1	
0.3662	0.5482	0.3596	0.5815	0.3376	0.5542	0	
0.3679	0.6141	0.3133	0.6343	0.3485	0.5948	0	
0.3281	0.662	0.3679	0.6141	0.3743	0.6491	0	
0.394	0.5667	0.3662	0.5482	0.397	0.5352	0	
0.2573	0.6328	0.2781	0.6439	0.2567	0.6429	1	
0.3133	0.6343	0.2926	0.6466	0.2781	0.6439	0	
0.2335	0.6422	0.2573	0.6328	0.2567	0.6429	1	
0.229	0.595	0.2292	0.5795	0.2557	0.6088	1	
0.2298	0.619	0.2557	0.6088	0.2573	0.6328	1	
0.3008	0.5767	0.2532	0.5196	0.2862	0.5123	0	
0.3485	0.5948	0.3008	0.5767	0.3376	0.5542	0	
0.3008	0.5767	0.2292	0.5795	0.2532	0.5196	0	
0.2292	0.5795	0.3008	0.5767	0.2557	0.6088	0	
0.319	0.5425	0.3376	0.5542	0.3008	0.5767	0	
0.3567	0.4697	0.305	0.5196	0.2904	0.4818	1	
0.3567	0.4697	0.2904	0.4818	0.3378	0.4447	1	
0.3485	0.5948	0.3596	0.5815	0.3679	0.6141	0	
0.3485	0.5948	0.3376	0.5542	0.3596	0.5815	0	
0.4213	0.5186	0.434	0.5422	0.4098	0.5325	0	
0.4158	0.5725	0.4116	0.582	0.394	0.5667	0	
0.4191	0.5063	0.397	0.5352	0.3881	0.493	0	
0.4098	0.5325	0.394	0.5667	0.397	0.5352	0	
0.4187	0.5861	0.4158	0.5725	0.4264	0.5735	1	
0.4158	0.5725	0.4098	0.5325	0.434	0.5422	0	
0.4158	0.5725	0.434	0.5422	0.4264	0.5735	1	
0.4213	0.5186	0.4535	0.5014	0.434	0.5422	0	
0.4098	0.5325	0.4158	0.5725	0.394	0.5667	0	
0.3679	0.6141	0.4187	0.5861	0.3743	0.6491	1	
0.4264	0.5735	0.4292	0.5791	0.4187	0.5861	1	
0.4443	0.5763	0.4762	0.5775	0.4524	0.6057	0	
0.4187	0.5861	0.4116	0.582	0.4158	0.5725	0	
0.3679	0.6141	0.394	0.5667	0.4116	0.582	0	
0.4524	0.6057	0.4187	0.5861	0.4292	0.5791	1	
0.4524	0.6057	0.4562	0.6424	0.4187	0.5861	1	
0.3743	0.6491	0.4187	0.5861	0.4562	0.6424	0	
0.4524	0.6057	0.4762	0.5775	0.4569	0.6128	0	
0.3933	0.6797	0.4562	0.6424	0.4428	0.6797	1	
0.4569	0.6128	0.4811	0.6465	0.4562	0.6424	0	
0.4264	0.5735	0.4443	0.5763	0.4292	0.5791	0	
0.4264	0.5735	0.434	0.5422	0.4471	0.5729	1	
0.4801	0.5676	0.4471	0.5729	0.4812	0.5379	1	
0.4443	0.5763	0.4264	0.5735	0.4471	0.5729	1	
0.4471	0.5729	0.4801	0.5676	0.4762	0.5775	1	
0.4899	0.5551	0.5011	0.5634	0.4801	0.5676	0	
0.4812	0.5379	0.4899	0.5551	0.4801	0.5676	0	
0.5644	0.559	0.519	0.514	0.5236	0.5015	0	
0.5164	0.6023	0.5011	0.5634	0.5205	0.596	0.613795015359	
0.5057	0.5115	0.4812	0.5379	0.4535	0.5014	0	
0.5644	0.559	0.5211	0.5368	0.519	0.514	1	
0.5057	0.5115	0.4535	0.5014	0.4819	0.4599	0	
0.4899	0.5551	0.4812	0.5379	0.5211	0.5368	0	
0.5211	0.5368	0.4812	0.5379	0.5147	0.5223	1	
0.5343	0.6335	0.5164	0.6023	0.5205	0.596	1	
0.5205	0.596	0.5579	0.5884	0.5343	0.6335	1	
0.4569	0.6128	0.5062	0.6125	0.4811	0.6465	0	
0.4569	0.6128	0.4762	0.5775	0.5062	0.6125	0	
0.5343	0.6335	0.5115	0.6141	0.5164	0.6023	1	
0.5062	0.6125	0.5164	0.6023	0.5115	0.6141	1	
0.5994	0.6354	0.6142	0.6066	0.6317	0.6312	1	
0.5746	0.5568	0.6382	0.5444	0.6289	0.5844	1	
0.5984	0.6658	0.571	0.6732	0.5994	0.6354	0	
0.5579	0.5884	0.5746	0.5568	0.58	0.6067	1	
0.5343	0.6335	0.5579	0.5884	0.58	0.6067	1	
0.5205	0.596	0.5011	0.5634	0.5211	0.5368	0	
0.641	0.626	0.6289	0.5844	0.664	0.6042	0	
0.6142	0.6066	0.5746	0.5568	0.6289	0.5844	1	
0.5205	0.596	0.5644	0.559	0.5579	0.5884	0	
0.5211	0.5368	0.5147	0.5223	0.519	0.514	0	
0.5205	0.596	0.5211	0.5368	0.5644	0.559	0	
0.5011	0.5634	0.4899	0.5551	0.5211	0.5368	0	
0.7433	0.549	0.698	0.5393	0.7052	0.522	0	
0.6987	0.5856	0.6776	0.5805	0.6837	0.5562	0.150965891952	
0.698	0.5393	0.6837	0.5562	0.662	0.5433	1	
0.698	0.5393	0.6987	0.5856	0.6837	0.5562	1	
0.6837	0.5562	0.6794	0.5568	0.662	0.5433	1	
0.6837	0.5562	0.6776	0.5805	0.6794	0.5568	0	
0.8111	0.5883	0.7753	0.6248	0.7483	0.5776	1	
0.7107	0.6092	0.6987	0.5856	0.7398	0.583	0	
0.7818	0.5105	0.7625	0.5385	0.7052	0.522	1	
0.757	0.5567	0.7483	0.5776	0.7433	0.549	1	
0.7242	0.6158	0.7107	0.6092	0.7398	0.583	0	
0.6652	0.6571	0.7084	0.6327	0.7217	0.6836	0	
0.7483	0.5776	0.7753	0.6248	0.7398	0.583	1	
0.7467	0.6601	0.7418	0.6353	0.7458	0.6356	0	
0.6931	0.6087	0.6951	0.5873	0.7107	0.6092	1	
0.6776	0.5805	0.6987	0.5856	0.6951	0.5873	1	
0.664	0.6042	0.6931	0.6087	0.6925	0.6157	0	
0.664	0.6042	0.6776	0.5805	0.6931	0.6087	0	
0.6368	0.6631	0.6317	0.6312	0.6496	0.644	0	
0.6317	0.6312	0.6142	0.6066	0.641	0.626	0.398956337708	
0.6496	0.644	0.6317	0.6312	0.641	0.626	1	
0.6368	0.6631	0.5994	0.6354	0.6317	0.6312	0	
0.6652	0.6571	0.6496	0.644	0.6925	0.6157	1	
0.641	0.626	0.664	0.6042	0.6496	0.644	0	
0.6339	0.6704	0.6368	0.6631	0.6582	0.6621	0	
0.5984	0.6658	0.5994	0.6354	0.6368	0.6631	0	
0.7217	0.6836	0.6704	0.6911	0.6649	0.6814	1	
0.6368	0.6631	0.6496	0.644	0.6582	0.6621	0	
0.7084	0.6327	0.6652	0.6571	0.6925	0.6157	0.00695611600298	
0.6582	0.6621	0.6496	0.644	0.6652	0.6571	0	
0.7398	0.583	0.7458	0.6356	0.7242	0.6158	1	
0.7217	0.6836	0.7276	0.7178	0.7205	0.7127	0	
0.7107	0.6092	0.7084	0.6327	0.6925	0.6157	0	
0.7217	0.6836	0.7467	0.6601	0.7276	0.7178	0	
0.7199	0.7981	0.7308	0.8094	0.7005	0.8014	1	
0.7205	0.7127	0.6704	0.6911	0.7217	0.6836	0	
0.6996	0.7281	0.6704	0.6911	0.7205	0.7127	0	
0.7084	0.6327	0.7418	0.6353	0.7467	0.6601	0	
0.7276	0.7178	0.6996	0.7281	0.7205	0.7127	0	
0.6763	0.7677	0.6518	0.7565	0.6996	0.7281	0	
0.6518	0.7565	0.6431	0.7462	0.6996	0.7281	0	
0.6277	0.6966	0.6339	0.6704	0.6649	0.6814	1	
0.6652	0.6571	0.6649	0.6814	0.6582	0.6621	0	
0.6704	0.6911	0.6277	0.6966	0.6649	0.6814	1	
0.6059	0.7522	0.6229	0.7373	0.6342	0.7587	0	
0.6312	0.7386	0.6704	0.6911	0.6431	0.7462	0	
0.6229	0.7373	0.6312	0.7386	0.6342	0.7587	1	
0.6277	0.6966	0.6704	0.6911	0.6312	0.7386	0	
0.6249	0.699	0.5821	0.7457	0.5511	0.7035	0	
0.6059	0.7522	0.5905	0.769	0.5825	0.7542	1	
0.5821	0.7457	0.6229	0.7373	0.6059	0.7522	0	
0.6249	0.699	0.6312	0.7386	0.6229	0.7373	0	
0.6277	0.6966	0.6249	0.699	0.5984	0.6658	0	
0.6277	0.6966	0.6312	0.7386	0.6249	0.699	0	
0.5984	0.6658	0.6339	0.6704	0.6277	0.6966	0	
0.5984	0.6658	0.6368	0.6631	0.6339	0.6704	0	
0.571	0.6732	0.5343	0.6335	0.5994	0.6354	1	
0.58	0.6067	0.6142	0.6066	0.5994	0.6354	1	
0.571	0.6732	0.5325	0.6784	0.5343	0.6335	0	
0.4916	0.6552	0.4811	0.6465	0.51	0.6508	1	
0.5994	0.6354	0.5343	0.6335	0.58	0.6067	1	
0.51	0.6508	0.5115	0.6141	0.5343	0.6335	1	
0.6249	0.699	0.571	0.6732	0.5984	0.6658	0	
0.5325	0.6784	0.51	0.6508	0.5343	0.6335	0	
0.5511	0.7035	0.5325	0.6784	0.571	0.6732	0	
0.5265	0.7377	0.4826	0.6997	0.5325	0.6784	1	
0.5325	0.6784	0.5511	0.7035	0.5265	0.7377	1	
0.5487	0.7472	0.5905	0.769	0.5367	0.7988	1	
0.6249	0.699	0.5511	0.7035	0.571	0.6732	0	
0.5374	0.7458	0.5265	0.7377	0.5511	0.7035	1	
0.5011	0.8042	0.5128	0.8257	0.479	0.8263	0	
0.5265	0.7377	0.5018	0.747	0.4826	0.6997	1	
0.5265	0.7377	0.5374	0.7458	0.5236	0.756	1	
0.5487	0.7472	0.5236	0.756	0.5374	0.7458	1	
0.5155	0.7793	0.5018	0.747	0.5236	0.756	0	
0.5367	0.7988	0.5238	0.7971	0.5155	0.7793	0	
0.5367	0.7988	0.5292	0.8147	0.5238	0.7971	0	
0.5487	0.7472	0.5825	0.7542	0.5905	0.769	1	
0.5821	0.7457	0.6059	0.7522	0.5825	0.7542	1	
0.5511	0.7035	0.5487	0.7472	0.5374	0.7458	1	
0.5821	0.7457	0.5825	0.7542	0.5487	0.7472	1	
0.5921	0.882	0.5797	0.872	0.6095	0.8674	1	
0.5732	0.8829	0.5528	0.8839	0.5797	0.872	0	
0.6095	0.8674	0.574	0.8411	0.6226	0.8586	1	
0.5569	0.8363	0.5367	0.7988	0.5994	0.8004	0	
0.634	0.8149	0.6226	0.8586	0.5994	0.8004	1	
0.6095	0.8674	0.5797	0.872	0.574	0.8411	1	
0.5217	0.8518	0.5292	0.8147	0.5569	0.8363	0	
0.5128	0.8257	0.5011	0.8042	0.5292	0.8147	0	
0.5292	0.8147	0.5217	0.8518	0.5128	0.8257	0	
0.5404	0.8722	0.534	0.8925	0.5217	0.8518	0	
0.5238	0.7971	0.5011	0.8042	0.5155	0.7793	1	
0.5238	0.7971	0.5292	0.8147	0.5011	0.8042	1	
0.4949	0.9355	0.5081	0.9114	0.5169	0.917	0	
0.5661	0.909	0.5732	0.8829	0.5936	0.9107	0	
0.5404	0.8722	0.5528	0.8839	0.534	0.8925	0	
0.5404	0.8722	0.5797	0.872	0.5528	0.8839	0	
0.5528	0.8839	0.5661	0.909	0.534	0.8925	0	
0.5661	0.909	0.5928	0.9529	0.5417	0.9664	1	
0.5661	0.909	0.5169	0.917	0.534	0.8925	0	
0.4949	0.9355	0.4695	0.901	0.5081	0.9114	0	
0.534	0.8925	0.5169	0.917	0.5081	0.9114	0	
0.5661	0.909	0.5417	0.9664	0.5169	0.917	0	
0.5169	0.917	0.5417	0.9664	0.5082	0.9435	0	
0.5661	0.909	0.5936	0.9107	0.5975	0.9188	1	
0.5975	0.9188	0.5928	0.9529	0.5661	0.909	1	
0.6267	0.9294	0.6437	0.9228	0.662	0.9409	1	
0.5928	0.9529	0.5939	0.9811	0.5494	0.9819	0	
0.5928	0.9529	0.6104	0.9875	0.5939	0.9811	0	
0.5732	0.8829	0.5921	0.882	0.5936	0.9107	1	
0.6272	0.9122	0.6267	0.9294	0.5975	0.9188	1	
0.6421	0.8972	0.6272	0.9122	0.6091	0.898	1	
0.5975	0.9188	0.5936	0.9107	0.6091	0.898	1	
0.618	0.8743	0.5921	0.882	0.6095	0.8674	1	
0.6091	0.898	0.5936	0.9107	0.5921	0.882	1	
0.6682	0.939	0.662	0.9409	0.6437	0.9228	1	
0.5975	0.9188	0.6091	0.898	0.6272	0.9122	1	
0.6421	0.8972	0.618	0.8743	0.6348	0.8611	1	
0.6091	0.898	0.5921	0.882	0.618	0.8743	1	
0.6873	0.8458	0.6421	0.8972	0.6348	0.8611	0	
0.6862	0.917	0.6437	0.9228	0.6421	0.8972	1	
0.6682	0.939	0.6437	0.9228	0.6862	0.917	1	
0.662	0.9409	0.6629	0.9569	0.6267	0.9294	1	
0.5975	0.9188	0.6267	0.9294	0.5928	0.9529	1	
0.6272	0.9122	0.6437	0.9228	0.6267	0.9294	1	
0.6773	0.9643	0.6629	0.9569	0.6682	0.939	0.0263129376318	
0.6629	0.9569	0.6104	0.9875	0.6267	0.9294	1	
0.7057	0.9708	0.6855	0.9747	0.6773	0.9643	0	
0.7487	0.9415	0.7057	0.9708	0.6887	0.9412	0.10843496674	
0.6682	0.939	0.6629	0.9569	0.662	0.9409	1	
0.6629	0.9569	0.6773	0.9643	0.6855	0.9747	0	
0.6887	0.9412	0.6682	0.939	0.6862	0.917	1	
0.6887	0.9412	0.6773	0.9643	0.6682	0.939	0	
0.7505	0.8139	0.7647	0.8538	0.7308	0.8094	1	
0.6862	0.917	0.6421	0.8972	0.6873	0.8458	1	
0.7057	0.7836	0.7005	0.8014	0.6763	0.7677	0	
0.6873	0.8458	0.659	0.8341	0.7005	0.8014	1	
0.7505	0.8139	0.7308	0.8094	0.7369	0.7917	1	
0.6873	0.8458	0.7005	0.8014	0.7308	0.8094	1	
0.6763	0.7677	0.659	0.8341	0.634	0.8149	1	
0.6873	0.8458	0.6348	0.8611	0.659	0.8341	1	
0.6348	0.8611	0.634	0.8149	0.659	0.8341	1	
0.5994	0.8004	0.6355	0.7641	0.634	0.8149	0	
0.6348	0.8611	0.6226	0.8586	0.634	0.8149	1	
0.6219	0.8624	0.6095	0.8674	0.6226	0.8586	1	
0.7199	0.7981	0.7369	0.7917	0.7308	0.8094	1	
0.7199	0.7981	0.7005	0.8014	0.7057	0.7836	1	
0.7276	0.7178	0.7339	0.7464	0.6996	0.7281	0	
0.7057	0.7836	0.6763	0.7677	0.7034	0.7764	1	
0.6996	0.7281	0.7135	0.7708	0.7034	0.7764	1	
0.7603	0.7661	0.7713	0.7372	0.8094	0.7539	1	
0.7135	0.7708	0.7199	0.7981	0.7057	0.7836	1	
0.7369	0.7917	0.7669	0.8082	0.7505	0.8139	1	
0.7135	0.7708	0.7369	0.7917	0.7199	0.7981	0	
0.7135	0.7708	0.6996	0.7281	0.7339	0.7464	0	
0.7135	0.7708	0.7339	0.7464	0.7543	0.7581	0	
0.7276	0.7178	0.7467	0.6601	0.777	0.7284	1	
0.8421	0.8159	0.8179	0.8377	0.8031	0.8117	1	
0.7764	0.8228	0.7793	0.8335	0.7505	0.8139	1	
0.7764	0.8228	0.7505	0.8139	0.7669	0.8082	1	
0.7793	0.8335	0.8	0.832	0.7811	0.85	1	
0.8107	0.8498	0.7984	0.8696	0.7883	0.8616	1	
0.8107	0.8498	0.7811	0.85	0.8	0.832	1	
0.8468	0.8156	0.8421	0.8159	0.8094	0.7539	1	
0.8	0.832	0.7764	0.8228	0.8031	0.8117	1	
0.8987	0.7888	0.8468	0.8156	0.8094	0.7539	0	
0.8944	0.8202	0.8859	0.8828	0.8542	0.8464	1	
0.8094	0.7539	0.8421	0.8159	0.8031	0.8117	1	
0.8036	0.8808	0.8585	0.8775	0.8206	0.9301	1	
0.8031	0.8117	0.8179	0.8377	0.8	0.832	1	
0.8421	0.8159	0.8468	0.8156	0.8542	0.8464	1	
0.8421	0.8159	0.8542	0.8464	0.8179	0.8377	1	
0.8468	0.8156	0.8944	0.8202	0.8542	0.8464	1	
0.8542	0.8464	0.8209	0.8581	0.8179	0.8377	1	
0.8542	0.8464	0.8585	0.8775	0.8209	0.8581	1	
0.7505	0.8139	0.7793	0.8335	0.7647	0.8538	1	
0.7685	0.9086	0.7686	0.9125	0.7556	0.8902	0	
0.6873	0.8458	0.7647	0.8538	0.7556	0.8902	0	
0.6873	0.8458	0.7308	0.8094	0.7647	0.8538	1	
0.7647	0.8538	0.7793	0.8335	0.7811	0.85	0.177290609811	
0.7764	0.8228	0.8	0.832	0.7793	0.8335	1	
0.6873	0.8458	0.7556	0.8902	0.6862	0.917	1	
0.7647	0.8538	0.7883	0.8616	0.7556	0.8902	1	
0.7556	0.8902	0.7883	0.8616	0.7984	0.8696	1	
0.7647	0.8538	0.7811	0.85	0.7883	0.8616	0	
0.7984	0.8696	0.8036	0.8808	0.7556	0.8902	1	
0.8585	0.8775	0.8542	0.8464	0.8859	0.8828	1	
0.7556	0.8902	0.8036	0.8808	0.7685	0.9086	1	
0.7621	0.9567	0.7487	0.9415	0.7686	0.9125	0.903051147779	
0.8206	0.9301	0.7621	0.9567	0.7686	0.9125	1	
0.7721	0.9904	0.7445	0.9756	0.7621	0.9567	0	
0.8206	0.9301	0.8004	0.9833	0.7621	0.9567	0.548339705327	
0.7739	0.0012	0.771	0.0292	0.7468	0.0071	0	
0.7685	0.9086	0.8036	0.8808	0.7686	0.9125	1	
0.8657	0.9097	0.9051	0.908	0.8819	0.9336	1	
0.8206	0.9301	0.8657	0.9097	0.8433	0.9663	1	
0.7721	0.9904	0.7621	0.9567	0.8004	0.9833	0	
0.7686	0.9125	0.8036	0.8808	0.8206	0.9301	1	
0.7984	0.8696	0.8107	0.8498	0.8209	0.8581	1	
0.9051	0.908	0.8657	0.9097	0.8859	0.8828	1	
0.8209	0.8581	0.8107	0.8498	0.8179	0.8377	1	
0.8036	0.8808	0.8209	0.8581	0.8585	0.8775	1	
0.8036	0.8808	0.7984	0.8696	0.8209	0.8581	1	
0.8585	0.8775	0.8657	0.9097	0.8206	0.9301	1	
0.8585	0.8775	0.8859	0.8828	0.8657	0.9097	1	
0.9179	0.8418	0.8859	0.8828	0.8944	0.8202	1	
0.8433	0.9663	0.8819	0.9336	0.8872	0.9908	0.0018555378158	
0.8433	0.9663	0.8657	0.9097	0.8819	0.9336	1	
0.9805	0.925	0.9613	0.9391	0.961	0.8969	0	
0.9207	0.9759	0.8872	0.9908	0.8819	0.9336	0	
0.9117	0.0158	0.9159	0.0262	0.8777	0.0099	0	
0.9633	0.9685	0.9883	0.9764	0.9807	0.981	0	
0.0136	0.0435	0.0297	0.0032	0.0346	0.0235	0	
0.9262	0.9683	0.9218	0.9021	0.9613	0.9391	0.00414230447408	
0.9633	0.9685	0.9262	0.9683	0.9613	0.9391	0	
0.9613	0.9391	0.9485	0.9006	0.961	0.8969	0	
0.9168	0.8681	0.9296	0.8825	0.9218	0.9021	0.399712107827	
0.9631	0.8593	0.9444	0.8626	0.9214	0.8355	0	
0.9296	0.8825	0.9485	0.9006	0.9218	0.9021	0.0662004593442	
0.961	0.8969	0.9485	0.9006	0.954	0.8721	0	
0.954	0.8721	0.9355	0.8804	0.9444	0.8626	0	
0.954	0.8721	0.9485	0.9006	0.9355	0.8804	0	
0.9444	0.8626	0.932	0.8736	0.9168	0.8681	0	
0.9168	0.8681	0.9218	0.9021	0.9051	0.908	0.867434637937	
0.9355	0.8804	0.9296	0.8825	0.932	0.8736	0	
0.9355	0.8804	0.9485	0.9006	0.9296	0.8825	0	
0.9444	0.8626	0.9168	0.8681	0.9179	0.8418	0.305804927265	
0.932	0.8736	0.9296	0.8825	0.9168	0.8681	0.583459857039	
0.8944	0.8202	0.8987	0.7888	0.9036	0.7955	0	
0.885	0.7255	0.9299	0.7343	0.8987	0.7888	0.836044246025	
0.9179	0.8418	0.8944	0.8202	0.9016	0.8224	0.782951081977	
0.8468	0.8156	0.8987	0.7888	0.8944	0.8202	1	
0.9016	0.8224	0.9036	0.7955	0.9426	0.8067	0.331694430007	
0.8987	0.7888	0.9421	0.7667	0.9036	0.7955	0	
0.9444	0.8626	0.9179	0.8418	0.9214	0.8355	0.0142530601146	
0.9168	0.8681	0.8859	0.8828	0.9179	0.8418	1	
0.9618	0.7643	0.9426	0.8067	0.9421	0.7667	0	
0.954	0.8721	0.9444	0.8626	0.9631	0.8593	0	
0.8967	0.6912	0.9299	0.7343	0.885	0.7255	1	
0.926	0.6839	0.9917	0.6996	0.9299	0.7343	0	
0.9299	0.7343	0.9618	0.7643	0.9421	0.7667	0	
0.9752	0.7409	0.9299	0.7343	0.9917	0.6996	0	
0.9917	0.6996	0.926	0.6839	0.9708	0.6715	0	
0.9851	0.6364	0.9708	0.6715	0.93	0.6506	0	
0.9772	0.6725	0.9917	0.6996	0.9708	0.6715	0	
0.9211	0.6342	0.9851	0.6364	0.93	0.6506	0	
0.8302	0.5625	0.8878	0.5812	0.8412	0.6127	1	
0.8432	0.6534	0.8142	0.663	0.8285	0.6429	0	
0.8412	0.6127	0.878	0.6071	0.8432	0.6534	0	
0.8933	0.5894	0.8878	0.5812	0.9172	0.5736	1	
0.8606	0.684	0.9015	0.6506	0.8967	0.6912	0	
0.8996	0.6367	0.9211	0.6342	0.9015	0.6506	1	
0.8412	0.6127	0.8432	0.6534	0.8285	0.6429	0	
0.8996	0.6367	0.9015	0.6506	0.8432	0.6534	0	
0.8606	0.684	0.8484	0.7131	0.805	0.6748	0	
0.8606	0.684	0.8802	0.7208	0.8484	0.7131	0	
0.8094	0.7539	0.885	0.7255	0.8987	0.7888	0	
0.8802	0.7208	0.8967	0.6912	0.885	0.7255	0	
0.8484	0.7131	0.8094	0.7539	0.777	0.7284	0	
0.7603	0.7661	0.8031	0.8117	0.7669	0.8082	1	
0.777	0.7284	0.8094	0.7539	0.7713	0.7372	1	
0.7369	0.7917	0.7603	0.7661	0.7669	0.8082	0	
0.7525	0.749	0.7339	0.7464	0.7276	0.7178	0	
0.7369	0.7917	0.7589	0.7654	0.7603	0.7661	0	
0.7369	0.7917	0.7135	0.7708	0.7543	0.7581	0	
0.7603	0.7661	0.7543	0.7581	0.7713	0.7372	1	
0.7589	0.7654	0.7369	0.7917	0.7543	0.7581	0	
0.7543	0.7581	0.7525	0.749	0.7713	0.7372	0	
0.7543	0.7581	0.7339	0.7464	0.7525	0.749	0	
0.777	0.7284	0.7467	0.6601	0.7892	0.6616	1	
0.7217	0.6836	0.7084	0.6327	0.7467	0.6601	0	
0.7242	0.6158	0.7458	0.6356	0.7418	0.6353	0	
0.7868	0.6503	0.7892	0.6616	0.7467	0.6601	0	
0.7276	0.7178	0.777	0.7284	0.7713	0.7372	1	
0.8023	0.6761	0.8484	0.7131	0.777	0.7284	1	
0.7753	0.6248	0.7868	0.6503	0.7458	0.6356	1	
0.7753	0.6248	0.8285	0.6429	0.7868	0.6503	0	
0.805	0.6748	0.793	0.6626	0.8142	0.663	0	
0.805	0.6748	0.8023	0.6761	0.793	0.6626	1	
0.793	0.6626	0.8023	0.6761	0.7892	0.6616	1	
0.805	0.6748	0.8484	0.7131	0.8023	0.6761	0	
0.8432	0.6534	0.878	0.6071	0.8996	0.6367	0	
0.8302	0.5625	0.8382	0.5421	0.849	0.5499	1	
0.9492	0.5609	0.9172	0.5736	0.9379	0.555	0	
0.878	0.6071	0.8412	0.6127	0.8878	0.5812	1	
0.8111	0.5883	0.8412	0.6127	0.8285	0.6429	1	
0.8111	0.5883	0.8302	0.5625	0.8412	0.6127	1	
0.8302	0.5625	0.8097	0.5771	0.7806	0.5375	1	
0.8302	0.5625	0.8111	0.5883	0.8097	0.5771	1	
0.8097	0.5771	0.7665	0.5511	0.7806	0.5375	0	
0.8097	0.5771	0.7483	0.5776	0.7665	0.5511	1	
0.7398	0.583	0.7753	0.6248	0.7458	0.6356	1	
0.8111	0.5883	0.8285	0.6429	0.7753	0.6248	1	
0.7719	0.428	0.7934	0.4169	0.8012	0.4209	0	
0.8109	0.5053	0.8382	0.5421	0.7806	0.5375	1	
0.7806	0.5375	0.7645	0.5472	0.7625	0.5385	1	
0.7665	0.5511	0.757	0.5567	0.7645	0.5472	0	
0.7806	0.5375	0.7625	0.5385	0.7797	0.522	0	
0.7645	0.5472	0.7433	0.549	0.7625	0.5385	1	
0.8705	0.5404	0.8382	0.5421	0.8448	0.4872	1	
0.849	0.5499	0.8878	0.5812	0.8302	0.5625	0	
0.8705	0.5404	0.849	0.5499	0.8382	0.5421	1	
0.8705	0.5404	0.8878	0.5812	0.849	0.5499	1	
0.8993	0.4918	0.8705	0.5404	0.8448	0.4872	1	
0.8863	0.54	0.8878	0.5812	0.8705	0.5404	1	
0.9759	0.5358	0.9969	0.571	0.9716	0.5361	0	
0.9969	0.571	0.9955	0.6147	0.9492	0.5609	0	
0.9528	0.5189	0.9174	0.5344	0.9231	0.5021	0	
0.9174	0.5344	0.8863	0.54	0.9128	0.5139	1	
0.9231	0.5021	0.9174	0.5344	0.9128	0.5139	0	
0.9379	0.555	0.9172	0.5736	0.9174	0.5344	0	
0.878	0.6071	0.8933	0.5894	0.8996	0.6367	1	
0.8878	0.5812	0.8863	0.54	0.9172	0.5736	1	
0.9211	0.6342	0.8933	0.5894	0.9172	0.5736	0	
0.878	0.6071	0.8878	0.5812	0.8933	0.5894	1	
0.8933	0.5894	0.9211	0.6342	0.8996	0.6367	1	
0.9172	0.5736	0.9492	0.5609	0.9211	0.6342	0	
0.9716	0.5361	0.9969	0.571	0.9492	0.5609	0	
0.9211	0.6342	0.9955	0.6147	0.9939	0.6202	0	
0.9211	0.6342	0.9939	0.6202	0.9851	0.6364	0	
0.9379	0.555	0.9716	0.5361	0.9492	0.5609	0	
0.9718	0.5216	0.9912	0.5159	0.9759	0.5358	1	
0.9718	0.5216	0.9759	0.5358	0.9716	0.5361	0	
0.9912	0.5159	0.9969	0.571	0.9759	0.5358	0	
0.9503	0.4887	0.9528	0.5189	0.9231	0.5021	0	
0.9718	0.5216	0.9716	0.5361	0.9528	0.5189	0	
0.9718	0.5216	0.9932	0.506	0.9912	0.5159	1	
0.9718	0.5216	0.9528	0.5189	0.9561	0.4919	0	
0.9095	0.3899	0.9221	0.366	0.969	0.4447	0	
0.8993	0.4918	0.8858	0.4395	0.9503	0.4887	0.394778664507	
0.969	0.4447	0.9901	0.4511	0.9631	0.4673	1	
0.9503	0.4887	0.9561	0.4919	0.9528	0.5189	0	
0.9631	0.4673	0.9932	0.506	0.9561	0.4919	1	
0.8993	0.4918	0.9503	0.4887	0.9231	0.5021	0	
0.9631	0.4673	0.9561	0.4919	0.9503	0.4887	0	
0.8789	0.414	0.8858	0.4395	0.848	0.4166	0	
0.969	0.4447	0.9631	0.4673	0.8858	0.4395	1	
0.8235	0.3793	0.8522	0.3465	0.848	0.4166	0	
0.9095	0.3899	0.969	0.4447	0.8858	0.4395	0	
0.8955	0.3614	0.9095	0.3899	0.8789	0.414	0	
0.8955	0.3614	0.9157	0.3729	0.9095	0.3899	1	
0.8955	0.3614	0.8814	0.3367	0.9134	0.3181	1	
0.9134	0.3181	0.9614	0.3168	0.9676	0.3368	0	
0.9134	0.3181	0.9343	0.3037	0.9614	0.3168	0	
0.956	0.2626	0.9873	0.2606	0.9614	0.3168	1	
0.9134	0.3181	0.9676	0.3368	0.9221	0.366	0	
0.9614	0.3168	0.9932	0.3382	0.9676	0.3368	1	
0.9134	0.2833	0.9343	0.3037	0.9134	0.3181	0	
0.9365	0.2747	0.9614	0.3168	0.9343	0.3037	0	
0.956	0.2626	0.9365	0.2747	0.9342	0.2639	0.446657415123	
0.9365	0.2747	0.9343	0.3037	0.9134	0.2833	0	
0.9342	0.2639	0.9365	0.2747	0.9134	0.2833	0	
0.956	0.2626	0.9614	0.3168	0.9365	0.2747	1	
0.8898	0.2715	0.8954	0.2528	0.9134	0.2833	0	
0.9497	0.2353	0.956	0.2626	0.9342	0.2639	1	
0.8776	0.2404	0.8898	0.2715	0.8571	0.2661	0	
0.9134	0.2833	0.8899	0.2996	0.8898	0.2715	0	
0.8608	0.1862	0.8946	0.229	0.8776	0.2404	0	
0.8644	0.2802	0.8566	0.2976	0.8571	0.2661	0	
0.8898	0.2715	0.8644	0.2802	0.8571	0.2661	0	
0.8898	0.2715	0.8899	0.2996	0.8762	0.2972	0	
0.8644	0.2802	0.8762	0.2972	0.8566	0.2976	0	
0.8644	0.2802	0.8898	0.2715	0.8762	0.2972	0	
0.9134	0.3181	0.8814	0.3367	0.8823	0.3286	1	
0.8955	0.3614	0.8793	0.3439	0.8814	0.3367	1	
0.8955	0.3614	0.9134	0.3181	0.9221	0.366	0	
0.8823	0.3286	0.8899	0.2996	0.9134	0.3181	0	
0.8566	0.2976	0.8499	0.337	0.8282	0.3258	0	
0.8522	0.3465	0.8235	0.3793	0.8341	0.3446	0	
0.8499	0.337	0.8522	0.3465	0.8341	0.3446	0	
0.8793	0.3439	0.8955	0.3614	0.8522	0.3465	1	
0.8315	0.437	0.8098	0.4425	0.8012	0.4209	1	
0.8012	0.4209	0.8235	0.3793	0.8346	0.4107	0	
0.827	0.3368	0.8499	0.337	0.8341	0.3446	0	
0.8566	0.2976	0.8823	0.3286	0.8499	0.337	0	
0.8282	0.3258	0.827	0.3368	0.8184	0.3195	0	
0.8157	0.3681	0.8235	0.3793	0.7763	0.3926	1	
0.8566	0.2976	0.8282	0.3258	0.8184	0.3195	0	
0.8499	0.337	0.827	0.3368	0.8282	0.3258	0	
0.7672	0.385	0.709	0.3858	0.7371	0.3418	0	
0.827	0.3368	0.8341	0.3446	0.8089	0.361	0	
0.7371	0.3418	0.7697	0.3316	0.777	0.3518	0	
0.8184	0.3195	0.8089	0.361	0.777	0.3518	0	
0.7096	0.3934	0.709	0.3858	0.7672	0.385	1	
0.7697	0.3316	0.8184	0.3195	0.777	0.3518	0	
0.8341	0.3446	0.8157	0.3681	0.8089	0.361	0	
0.8341	0.3446	0.8235	0.3793	0.8157	0.3681	0	
0.777	0.3518	0.7763	0.3926	0.7672	0.385	1	
0.8098	0.4425	0.8338	0.4566	0.813	0.4904	0	
0.8235	0.3793	0.7934	0.4169	0.7763	0.3926	0	
0.813	0.4904	0.8109	0.5053	0.7818	0.5105	1	
0.6948	0.4794	0.7814	0.4713	0.6963	0.5055	1	
0.8315	0.437	0.8346	0.4107	0.848	0.4166	1	
0.6717	0.403	0.7096	0.3934	0.6815	0.457	0	
0.7763	0.3926	0.7934	0.4169	0.7719	0.428	0	
0.7719	0.428	0.8012	0.4209	0.8098	0.4425	0	
0.7934	0.4169	0.8235	0.3793	0.8012	0.4209	0	
0.7719	0.428	0.8098	0.4425	0.7814	0.4713	0	
0.8012	0.4209	0.8346	0.4107	0.8315	0.437	1	
0.8858	0.4395	0.8315	0.437	0.848	0.4166	1	
0.8338	0.4566	0.8098	0.4425	0.8315	0.437	1	
0.8858	0.4395	0.8338	0.4566	0.8315	0.437	1	
0.844	0.4729	0.827	0.4984	0.813	0.4904	1	
0.813	0.4904	0.8131	0.5002	0.8109	0.5053	1	
0.827	0.4984	0.8382	0.5421	0.8109	0.5053	0	
0.813	0.4904	0.827	0.4984	0.8131	0.5002	1	
0.8448	0.4872	0.8382	0.5421	0.827	0.4984	1	
0.8993	0.4918	0.844	0.4729	0.8858	0.4395	1	
0.8448	0.4872	0.827	0.4984	0.844	0.4729	1	
0.8098	0.4425	0.813	0.4904	0.7814	0.4713	0	
0.8338	0.4566	0.844	0.4729	0.813	0.4904	0	
0.7797	0.522	0.8109	0.5053	0.7806	0.5375	0	
0.8131	0.5002	0.827	0.4984	0.8109	0.5053	0	
0.7625	0.5385	0.7818	0.5105	0.7797	0.522	1	
0.7814	0.4713	0.813	0.4904	0.7818	0.5105	1	
0.671	0.4018	0.7096	0.3934	0.6717	0.403	1	
0.7672	0.385	0.7371	0.3418	0.777	0.3518	0	
0.6709	0.5165	0.6948	0.4794	0.6963	0.5055	1	
0.6815	0.457	0.7719	0.428	0.6948	0.4794	1	
0.6413	0.3526	0.635	0.3236	0.6505	0.3179	1	
0.6717	0.403	0.6815	0.457	0.6463	0.4098	0	
0.6788	0.372	0.709	0.3858	0.671	0.4018	1	
0.7205	0.3059	0.7361	0.3083	0.7371	0.3418	0	
0.6651	0.3149	0.6833	0.3198	0.6708	0.3416	1	
0.6708	0.3416	0.7371	0.3418	0.6788	0.372	1	
0.6413	0.3526	0.6505	0.3179	0.6708	0.3416	1	
0.6788	0.372	0.671	0.4018	0.6527	0.3566	1	
0.5788	0.3584	0.6124	0.3895	0.5661	0.373	0	
0.6527	0.3566	0.671	0.4018	0.6463	0.4098	1	
0.552	0.332	0.5788	0.3584	0.5578	0.3529	0	
0.6234	0.3332	0.6124	0.3895	0.5788	0.3584	0	
0.6124	0.3895	0.6463	0.4098	0.6127	0.441	0	
0.6124	0.3895	0.6527	0.3566	0.6463	0.4098	1	
0.6081	0.4603	0.599	0.4583	0.6127	0.441	0	
0.6159	0.5151	0.5746	0.5568	0.5236	0.5015	1	
0.6463	0.4098	0.6487	0.4802	0.6127	0.441	0	
0.6487	0.4802	0.6159	0.5151	0.6081	0.4603	0	
0.6081	0.4603	0.6127	0.441	0.6487	0.4802	0	
0.5057	0.5115	0.5236	0.5015	0.519	0.514	0	
0.5306	0.4683	0.5818	0.4428	0.599	0.4583	0	
0.4819	0.4599	0.5306	0.4683	0.5236	0.5015	0	
0.5199	0.4552	0.5198	0.4324	0.5382	0.4292	0	
0.5054	0.403	0.5198	0.4324	0.5021	0.4266	1	
0.5306	0.4683	0.4819	0.4599	0.5199	0.4552	0	
0.5306	0.4683	0.5199	0.4552	0.5382	0.4292	0	
0.51	0.4346	0.5021	0.4266	0.5198	0.4324	1	
0.5199	0.4552	0.51	0.4346	0.5198	0.4324	1	
0.5199	0.4552	0.4819	0.4599	0.51	0.4346	1	
0.5147	0.5223	0.5057	0.5115	0.519	0.514	0	
0.5147	0.5223	0.4812	0.5379	0.5057	0.5115	0	
0.4882	0.3787	0.5153	0.3943	0.5054	0.403	1	
0.4882	0.3787	0.4901	0.3165	0.5139	0.3694	1	
0.4882	0.3787	0.5139	0.3694	0.5153	0.3943	1	
0.5578	0.3529	0.5788	0.3584	0.5661	0.373	0	
0.5054	0.403	0.536	0.4088	0.5198	0.4324	1	
0.5457	0.3832	0.5661	0.373	0.564	0.4278	0	
0.564	0.4278	0.5382	0.4292	0.536	0.4088	1	
0.564	0.4278	0.5306	0.4683	0.5382	0.4292	0	
0.5153	0.3943	0.5457	0.3832	0.536	0.4088	0	
0.5153	0.3943	0.5139	0.3694	0.5457	0.3832	0	
0.5306	0.4683	0.564	0.4278	0.5818	0.4428	0	
0.536	0.4088	0.5457	0.3832	0.564	0.4278	1	
0.6169	0.2497	0.6728	0.2806	0.6107	0.2741	0	
0.6413	0.3526	0.6124	0.3895	0.6234	0.3332	0	
0.552	0.332	0.6107	0.2741	0.6234	0.3332	1	
0.6833	0.3198	0.7205	0.3059	0.7371	0.3418	0.0683157007667	
0.5266	0.3428	0.552	0.332	0.5578	0.3529	0	
0.5879	0.2634	0.5339	0.288	0.5403	0.2651	0	
0.5457	0.3832	0.5266	0.3428	0.5578	0.3529	0	
0.5266	0.3428	0.4985	0.2957	0.5213	0.2854	0	
0.5334	0.2698	0.5213	0.2854	0.4977	0.2685	0	
0.5213	0.2854	0.5339	0.288	0.5266	0.3428	0	
0.4901	0.3165	0.5266	0.3428	0.5139	0.3694	1	
0.4901	0.3165	0.4985	0.2957	0.5266	0.3428	0	
0.4976	0.254	0.4968	0.2376	0.5	0.2325	1	
0.5403	0.2651	0.572	0.2433	0.5879	0.2634	0	
0.4977	0.2685	0.5213	0.2854	0.4985	0.2957	0	
0.5339	0.288	0.552	0.332	0.5266	0.3428	0	
0.4643	0.2438	0.4977	0.2685	0.4789	0.3073	1	
0.4976	0.254	0.4854	0.2366	0.4968	0.2376	1	
0.5334	0.2698	0.5339	0.288	0.5213	0.2854	0	
0.5334	0.2698	0.5403	0.2651	0.5339	0.288	0	
0.5981	0.2475	0.5879	0.2634	0.572	0.2433	0	
0.6107	0.2741	0.635	0.3236	0.6234	0.3332	1	
0.5981	0.2475	0.6107	0.2741	0.5879	0.2634	0	
0.6169	0.2497	0.6754	0.2533	0.6728	0.2806	0	
0.6107	0.2741	0.6728	0.2806	0.6505	0.3179	1	
0.6906	0.2999	0.7205	0.3059	0.6833	0.3198	1	
0.6505	0.3179	0.6728	0.2806	0.6651	0.3149	1	
0.6728	0.2806	0.7088	0.2919	0.6906	0.2999	0	
0.6708	0.3416	0.6505	0.3179	0.6651	0.3149	1	
0.635	0.3236	0.6107	0.2741	0.6505	0.3179	1	
0.6708	0.3416	0.6833	0.3198	0.7371	0.3418	1	
0.6651	0.3149	0.6728	0.2806	0.6906	0.2999	0	
0.6527	0.3566	0.6708	0.3416	0.6788	0.372	1	
0.6527	0.3566	0.6413	0.3526	0.6708	0.3416	1	
0.635	0.3236	0.6413	0.3526	0.6234	0.3332	0	
0.6527	0.3566	0.6124	0.3895	0.6413	0.3526	1	
0.7088	0.2919	0.7227	0.2798	0.7205	0.3059	0	
0.7395	0.2833	0.7697	0.3316	0.7361	0.3083	0.980478025531	
0.6788	0.372	0.7371	0.3418	0.709	0.3858	0	
0.7361	0.3083	0.7697	0.3316	0.7371	0.3418	0	
0.6651	0.3149	0.6906	0.2999	0.6833	0.3198	1	
0.6728	0.2806	0.6754	0.2533	0.7088	0.2919	0	
0.7494	0.2293	0.7395	0.2833	0.7227	0.2798	1	
0.7205	0.3059	0.6906	0.2999	0.7088	0.2919	1	
0.7205	0.3059	0.7395	0.2833	0.7361	0.3083	1	
0.7278	0.2197	0.6754	0.2533	0.6898	0.216	0	
0.7205	0.3059	0.7227	0.2798	0.7395	0.2833	0	
0.7088	0.2919	0.6754	0.2533	0.7227	0.2798	0	
0.6787	0.2231	0.6784	0.2021	0.6898	0.216	0	
0.7069	0.1745	0.7567	0.1746	0.7457	0.2132	1	
0.695	0.203	0.7278	0.2197	0.6898	0.216	0	
0.7457	0.2132	0.7494	0.2293	0.7278	0.2197	1	
0.6784	0.2021	0.6513	0.1631	0.6969	0.1535	0	
0.7134	0.1546	0.7314	0.1476	0.7069	0.1745	1	
0.6969	0.1535	0.7134	0.1546	0.7069	0.1745	1	
0.7142	0.1492	0.7314	0.1476	0.7134	0.1546	1	
0.695	0.203	0.6784	0.2021	0.7069	0.1745	0	
0.6513	0.1631	0.6366	0.1515	0.6649	0.1421	1	
0.6969	0.1535	0.7142	0.1492	0.7134	0.1546	1	
0.719	0.1095	0.7732	0.1155	0.7314	0.1476	0	
0.6532	0.2122	0.6513	0.1631	0.6784	0.2021	0	
0.6969	0.1535	0.7069	0.1745	0.6784	0.2021	1	
0.5464	0.0769	0.5949	0.0529	0.5916	0.1089	0	
0.6143	0.1011	0.5916	0.1089	0.5949	0.0529	0	
0.6898	0.216	0.6784	0.2021	0.695	0.203	0	
0.6532	0.2122	0.6259	0.2063	0.6513	0.1631	0	
0.6189	0.2274	0.6259	0.2063	0.6532	0.2122	0	
0.617	0.1956	0.6513	0.1631	0.6259	0.2063	0	
0.6787	0.2231	0.6532	0.2122	0.6784	0.2021	0	
0.659	0.2254	0.6576	0.2337	0.6532	0.2122	0	
0.6189	0.2274	0.6576	0.2337	0.6169	0.2497	0	
0.659	0.2254	0.6787	0.2231	0.6576	0.2337	0	
0.572	0.2433	0.5436	0.246	0.5325	0.1983	0.314434519351	
0.572	0.2433	0.5403	0.2651	0.5436	0.246	0	
0.5981	0.2475	0.6189	0.2274	0.6169	0.2497	0	
0.572	0.2433	0.617	0.1956	0.6189	0.2274	0	
0.6189	0.2274	0.5981	0.2475	0.572	0.2433	0	
0.6169	0.2497	0.6107	0.2741	0.5981	0.2475	0	
0.5273	0.1776	0.5325	0.1983	0.5026	0.23	1	
0.5436	0.246	0.5363	0.2497	0.5026	0.23	0	
0.4547	0.2272	0.5026	0.23	0.4854	0.2366	1	
0.5325	0.1983	0.5436	0.246	0.5026	0.23	1	
0.5026	0.23	0.5	0.2325	0.4854	0.2366	1	
0.4976	0.254	0.5363	0.2497	0.5334	0.2698	1	
0.5782	0.153	0.5523	0.169	0.5361	0.1528	1	
0.5782	0.153	0.617	0.1956	0.5523	0.169	1	
0.5193	0.15	0.5273	0.1776	0.4393	0.179	1	
0.5361	0.1528	0.5523	0.169	0.5273	0.1776	1	
0.5321	0.1255	0.5193	0.15	0.5084	0.134	1	
0.5361	0.1528	0.5273	0.1776	0.5193	0.15	1	
0.5321	0.1255	0.5735	0.1304	0.5361	0.1528	1	
0.617	0.1956	0.572	0.2433	0.5523	0.169	0	
0.535	0.1131	0.5916	0.1089	0.5735	0.1304	1	
0.617	0.1956	0.6259	0.2063	0.6189	0.2274	0	
0.6366	0.1515	0.617	0.1956	0.5782	0.153	1	
0.6366	0.1515	0.6513	0.1631	0.617	0.1956	1	
0.5735	0.1304	0.5916	0.1089	0.6029	0.1237	1	
0.6143	0.1011	0.5949	0.0529	0.6554	0.0538	0	
0.5735	0.1304	0.6029	0.1237	0.5782	0.153	1	
0.6652	0.0756	0.6143	0.1011	0.6554	0.0538	0	
0.5361	0.1528	0.5735	0.1304	0.5782	0.153	1	
0.5321	0.1255	0.535	0.1131	0.5735	0.1304	1	
0.5916	0.1089	0.535	0.1131	0.5464	0.0769	1	
0.5321	0.1255	0.5084	0.134	0.5154	0.1173	1	
0.5464	0.0769	0.5185	0.0897	0.5128	0.0688	1	
0.5154	0.1173	0.5084	0.134	0.4878	0.1305	1	
0.535	0.1131	0.5154	0.1173	0.5185	0.0897	1	
0.535	0.1131	0.5321	0.1255	0.5154	0.1173	1	
0.5354	0.0244	0.5367	0.0212	0.5434	0.0364	1	
0.5386	0.0492	0.5354	0.0244	0.5434	0.0364	1	
0.4937	0.057	0.485	0.0179	0.5354	0.0244	0	
0.485	0.0179	0.5383	0.0019	0.5367	0.0212	0	
0.5949	0.0529	0.5386	0.0492	0.5434	0.0364	0	
0.5464	0.0769	0.5128	0.0688	0.5386	0.0492	1	
0.5849	0.0237	0.5434	0.0364	0.5677	0.014	1	
0.5949	0.0529	0.5434	0.0364	0.5849	0.0237	0	
0.6649	0.1421	0.6969	0.1535	0.6513	0.1631	1	
0.6856	0.0417	0.6892	0.0551	0.6607	0.0478	0	
0.6892	0.0551	0.6652	0.0756	0.6607	0.0478	0	
0.6607	0.0478	0.6652	0.0756	0.6554	0.0538	0	
0.6892	0.0551	0.719	0.1095	0.6652	0.0756	0.00832422147041	
0.6522	0.1087	0.6143	0.1011	0.6652	0.0756	1	
0.6029	0.1237	0.5916	0.1089	0.6143	0.1011	1	
0.6029	0.1237	0.6522	0.1087	0.6366	0.1515	1	
0.6522	0.1087	0.719	0.1095	0.7084	0.1308	1	
0.719	0.1095	0.6522	0.1087	0.6652	0.0756	1	
0.6649	0.1421	0.6366	0.1515	0.6522	0.1087	1	
0.7084	0.1308	0.719	0.1095	0.7314	0.1476	1	
0.7796	0.0723	0.771	0.0292	0.8205	0.0358	0	
0.6969	0.1535	0.7084	0.1308	0.7142	0.1492	1	
0.6969	0.1535	0.6649	0.1421	0.7084	0.1308	1	
0.7226	0.0634	0.719	0.1095	0.6892	0.0551	0	
0.6855	0.9747	0.6104	0.9875	0.6629	0.9569	0	
0.6949	0.0289	0.7226	0.0634	0.6892	0.0551	0	
0.7289	0.0109	0.6949	0.0289	0.6952	0.0012	0	
0.6607	0.0478	0.6952	0.0012	0.6949	0.0289	0	
0.7289	0.0109	0.6952	0.0012	0.7283	0.0072	0	
0.6949	0.0289	0.6856	0.0417	0.6607	0.0478	0	
0.771	0.0292	0.7301	0.028	0.7468	0.0071	0	
0.7226	0.0634	0.6949	0.0289	0.7301	0.028	0	
0.7468	0.0071	0.7289	0.0109	0.7283	0.0072	0	
0.7301	0.028	0.6949	0.0289	0.7289	0.0109	0	
0.7301	0.028	0.7289	0.0109	0.7468	0.0071	0	
0.7982	0.0181	0.771	0.0292	0.7739	0.0012	0	
0.8777	0.0099	0.869	0.0059	0.8693	0.0037	0	
0.8777	0.0099	0.866	0.0163	0.869	0.0059	0	
0.9159	0.0262	0.8834	0.0869	0.8738	0.0751	0	
0.8138	0.1225	0.7732	0.1155	0.7796	0.0723	1	
0.8585	0.0392	0.866	0.0163	0.8777	0.0099	0	
0.8506	0.0415	0.8585	0.0392	0.8569	0.0559	0	
0.8506	0.0415	0.866	0.0163	0.8585	0.0392	0	
0.8205	0.0358	0.8506	0.0415	0.8569	0.0559	0	
0.8205	0.0358	0.866	0.0163	0.8506	0.0415	0	
0.8574	0.1491	0.8693	0.1633	0.8608	0.1862	0	
0.8205	0.0358	0.771	0.0292	0.7982	0.0181	0	
0.7226	0.0634	0.7301	0.028	0.771	0.0292	0	
0.8569	0.0559	0.7796	0.0723	0.8205	0.0358	0	
0.7732	0.1155	0.719	0.1095	0.7796	0.0723	1	
0.7669	0.2161	0.7605	0.1801	0.7832	0.1876	1	
0.7457	0.2132	0.7567	0.1746	0.7605	0.1801	1	
0.8569	0.0559	0.8138	0.1225	0.7796	0.0723	0	
0.8025	0.1388	0.7567	0.1746	0.7732	0.1155	1	
0.7084	0.1308	0.7314	0.1476	0.7142	0.1492	1	
0.7732	0.1155	0.7567	0.1746	0.7314	0.1476	1	
0.8571	0.2661	0.8566	0.2976	0.8184	0.3195	0	
0.7629	0.2349	0.7494	0.2293	0.7669	0.2161	1	
0.7669	0.2161	0.7494	0.2293	0.7457	0.2132	1	
0.7629	0.2349	0.7395	0.2833	0.7494	0.2293	1	
0.7829	0.2671	0.7395	0.2833	0.7629	0.2349	0	
0.8025	0.1388	0.8138	0.1225	0.8189	0.1559	1	
0.8699	0.1043	0.9368	0.1298	0.9156	0.1608	0	
0.9304	0.1956	0.9292	0.1972	0.8989	0.1867	0	
0.8608	0.1862	0.8693	0.1633	0.8701	0.1703	0	
0.8608	0.1862	0.8189	0.1559	0.8574	0.1491	0	
0.7832	0.1876	0.7567	0.1746	0.8025	0.1388	1	
0.8138	0.1225	0.8025	0.1388	0.7732	0.1155	1	
0.8189	0.1559	0.7832	0.1876	0.8025	0.1388	1	
0.8699	0.1043	0.8138	0.1225	0.8569	0.0559	0	
0.8574	0.1491	0.8189	0.1559	0.8138	0.1225	0	
0.8138	0.1225	0.8699	0.1043	0.8574	0.1491	0	
0.8834	0.0869	0.9383	0.0886	0.9368	0.1298	0	
0.8701	0.1703	0.8989	0.1867	0.8608	0.1862	0	
0.9292	0.1972	0.947	0.2183	0.9154	0.2386	1	
0.8989	0.1867	0.9292	0.1972	0.8946	0.229	1	
0.9304	0.1956	0.947	0.2183	0.9292	0.1972	0.383319612973	
0.8608	0.1862	0.8989	0.1867	0.8946	0.229	0	
0.8701	0.1703	0.9156	0.1608	0.8989	0.1867	0	
0.9497	0.2353	0.9154	0.2386	0.947	0.2183	1	
0.9342	0.2639	0.9134	0.2833	0.8954	0.2528	0	
0.8571	0.2661	0.8608	0.1862	0.8776	0.2404	0	
0.8946	0.229	0.8954	0.2528	0.8776	0.2404	1	
0.9154	0.2386	0.8954	0.2528	0.8946	0.229	1	
0.9154	0.2386	0.9342	0.2639	0.8954	0.2528	0.309068301496	
0.9304	0.1956	0.9545	0.1784	0.947	0.2183	0.724755800856	
0.9154	0.2386	0.9497	0.2353	0.9342	0.2639	1	
0.947	0.2183	0.9841	0.235	0.9497	0.2353	1	
0.956	0.2626	0.9841	0.235	0.9873	0.2606	1	
0.9877	0.19	0.9859	0.1936	0.978	0.1708	0	
0.978	0.1708	0.9956	0.1873	0.9877	0.19	1	
0.8699	0.1043	0.8834	0.0869	0.9368	0.1298	0	
0.9383	0.0886	0.9582	0.0545	0.9634	0.0647	0	
0.9859	0.1936	0.9545	0.1784	0.978	0.1708	0.531951486199	
0.9304	0.1956	0.9295	0.1598	0.9545	0.1784	0.659428075205	
0.9159	0.0262	0.9383	0.0886	0.8834	0.0869	0	
0.954	0.1117	0.9364	0.1489	0.9368	0.1298	0	
0.9545	0.1784	0.9295	0.1598	0.9364	0.1489	0	
0.8569	0.0559	0.8738	0.0751	0.8699	0.1043	0	
0.9159	0.0262	0.8585	0.0392	0.8777	0.0099	0	
0.8699	0.1043	0.8738	0.0751	0.8834	0.0869	0	
0.8569	0.0559	0.8585	0.0392	0.8738	0.0751	0	
0.9159	0.0262	0.9117	0.0158	0.9503	0.0019	0	
0.9159	0.0262	0.9582	0.0545	0.9383	0.0886	0	
0.9958	0.0498	0.9634	0.0647	0.9582	0.0545	0	
0.9503	0.0019	0.9958	0.0498	0.9582	0.0545	0	
