1023	3
0.4049	0.7051	1.00763	-0.359923	-0.172307	5.72919	8.60835	0.00134602
0.363	0.2851	1.00609	0.293332	-0.269358	5.75775	8.66362	0.000398572
0.9231	0.5021	1.0004	0.0405108	0.117709	5.79304	8.69387	0.000526908
0.6773	0.9643	1.00455	-0.00682116	-9.39085e-05	5.81929	8.68941	0.000309482
0.0164	0.4523	1.00166	0.0249118	-0.0054346	5.78835	8.66848	0.00155941
0.3348	0.2172	1.00149	0.236469	-0.226544	5.77999	8.71068	0.000797244
0.0428	0.6403	1.004	0.00432022	-0.0619334	5.8114	8.68427	0.000315725
0.1198	0.766	1.00433	-0.0253825	-0.0442898	5.81574	8.68729	0.00120941
0.0296	0.8986	1.00399	-0.0281787	0.0124212	5.81101	8.68236	0.000501787
0.2933	0.9484	1.00322	-0.0217849	0.00182645	5.80218	8.67559	0.000450612
0.8302	0.5625	1.00025	-0.00681251	0.294735	5.78577	8.71992	0.00133117
0.4047	0.6924	1.00955	-0.341078	-0.178581	5.7206	8.57383	0.00020955
0.6355	0.7641	1.00509	-0.321649	0.145346	5.78182	8.69114	0.00110094
0.6709	0.5165	1.01177	0.0115823	0.394586	5.70277	8.53252	0.00143726
0.6815	0.457	1.00835	0.0878413	0.40916	5.71916	8.59523	0.0023887
0.4285	0.093	1.00213	0.230888	-0.091487	5.80187	8.71512	0.00270723
0.1499	0.2351	0.999732	0.0485822	-0.0753522	5.7877	8.68789	0.000721798
0.0846	0.1729	1.00204	-0.0360364	0.0694879	5.79264	8.67434	0.000692726
0.0381	0.1014	1.00279	-0.0316126	0.0520445	5.79965	8.67708	3.11799e-05
0.1659	0.2009	1.00005	0.0180006	-0.0630033	5.79197	8.68968	0.000844973
0.1852	0.185	1.00022	0.0343237	-0.0765178	5.79277	8.69077	0.00264225
0.2954	0.0443	1.00287	-0.0121547	-0.0143038	5.80361	8.68063	0.00171557
0.2932	0.3003	0.999822	0.228373	-0.329317	5.75942	8.72097	0.0010254
0.3303	0.3333	1.00638	0.262358	-0.349993	5.74126	8.65292	0.000286083
0.2506	0.401	0.999304	0.163924	-0.403545	5.75365	8.73135	0.000273256
0.2437	0.4263	0.999566	0.135631	-0.421543	5.75283	8.73104	0.00144549
0.1472	0.4978	1.00025	0.085945	-0.276338	5.78759	8.72111	0.000901415
0.054	0.3426	1.00138	0.0244665	0.0328053	5.78574	8.66751	0.00144325
0.1171	0.6295	1.00346	-0.0153638	-0.130388	5.8115	8.69578	0.00168189
0.0732	0.6238	1.0036	0.0181696	-0.0898469	5.81137	8.68998	0.00116944
0.1484	0.7755	1.00364	-0.0519054	-0.0522235	5.81523	8.69394	0.00127523
0.0997	0.8283	1.00432	-0.0453029	0.00806874	5.8144	8.68514	0.00146828
0.1127	0.915	1.00375	-0.0365614	0.0219654	5.80904	8.6819	0.000914216
0.0049	0.9154	1.00395	-0.0226064	0.01525	5.8106	8.68202	0.000796848
0.1888	0.661	1.00241	-0.103216	-0.250817	5.80568	8.7244	0.00318556
0.3141	0.8153	1.0011	-0.234234	-0.109649	5.79471	8.71596	0.00144328
0.152	0.9563	1.00339	-0.0291906	0.019364	5.80513	8.6789	0.00123092
0.2926	0.6466	1.00888	-0.207226	-0.304196	5.7544	8.62338	0.000190633
0.2567	0.6429	1.00513	-0.163773	-0.334247	5.76985	8.67984	0.000119833
0.3171	0.5358	1.012	-0.0252241	-0.373974	5.71484	8.5409	0.000185905
0.3378	0.4447	1.01216	0.135663	-0.395145	5.694	8.52565	0.00165051
0.6127	0.441	1.01747	0.123814	0.306764	5.66973	8.4133	0.00122364
0.4172	0.4427	1.02294	0.157566	-0.24716	5.64186	8.31595	0.000573627
0.6219	0.8624	1.00253	-0.243784	0.0315433	5.81426	8.72957	6.13717e-05
0.5082	0.9435	1.00202	-0.0597082	-0.0655478	5.80398	8.69238	0.000543065
0.4412	0.9479	1.00171	-0.0559211	-0.0207807	5.79953	8.68625	0.000813834
0.9912	0.5159	1.00176	0.0755751	0.0164734	5.79828	8.68512	0.00062244
0.9718	0.5216	1.00124	0.0656657	0.0303326	5.7961	8.68602	0.000370041
0.6763	0.7677	1.005	-0.273507	0.161785	5.7977	8.70377	0.00165283
0.8448	0.4872	0.999343	0.0341636	0.262903	5.78419	8.71713	0.00108095
0.848	0.4166	0.999335	0.0559501	0.247093	5.78131	8.70983	0.00111835
0.7672	0.385	0.999221	0.108447	0.376798	5.76911	8.73728	0.00127538
0.8184	0.3195	1.00036	0.0462847	0.232089	5.78848	8.70763	0.00194543
0.956	0.2626	1.00204	-0.0332251	0.0676062	5.79229	8.67358	0.000903325
0.8235	0.3793	0.999228	0.0591783	0.284193	5.78006	8.71892	0.00114157
0.7829	0.2671	1.00108	0.0754689	0.212139	5.79556	8.70932	0.00258616
0.4882	0.3787	1.01857	0.266707	-0.043553	5.66143	8.37385	0.00142423
0.4547	0.2272	1.00717	0.326043	-0.0964573	5.77151	8.65345	0.00133967
0.4945	0.0783	1.00245	0.224747	-0.0528773	5.80599	8.71432	0.00104788
0.4481	0.0675	1.00184	0.172666	-0.0681714	5.80296	8.70565	0.000166302
0.3823	0.1929	1.00234	0.240183	-0.162862	5.7852	8.69966	0.00150618
0.7226	0.0634	1.00425	0.0500608	0.0438311	5.81406	8.68639	0.00170468
0.7283	0.0072	1.00448	0.0401677	0.0274133	5.81708	8.6879	0.000523907
0.9156	0.1608	1.00307	-0.0110973	0.0704503	5.80228	8.6793	0.00144845
0.0346	0.0235	1.00326	-0.0283087	0.0365373	5.80413	8.67898	0.00108901
0.0563	0.0049	1.00328	-0.0359468	0.0286397	5.80457	8.67944	0.000679806
0.0297	0.0032	1.00355	-0.0274113	0.0319889	5.80691	8.68043	0.000829111
0.091	0.0528	1.00295	-0.0429856	0.0415793	5.8012	8.678	0.00032466
0.027	0.0699	1.00313	-0.0293544	0.0462395	5.80274	8.67849	0.000970836
0.1136	0.136	1.00228	-0.0421757	0.058596	5.79595	8.67676	0.00229616
0.2493	0.0431	1.00253	-0.0442678	-0.0518142	5.80229	8.68378	0.00138658
0.3074	0.1233	1.00093	0.151035	-0.126857	5.79868	8.70939	0.000555147
0.1269	0.2071	1.00074	-0.0133428	-0.00814793	5.78966	8.67821	0.00076453
0.1486	0.0253	1.0031	-0.0553609	0.0266407	5.80285	8.67926	0.000622598
0.2373	0.003	1.00296	-0.0453116	-0.0121161	5.80268	8.6794	0.000230605
0.2334	0.0003	1.00316	-0.0396105	-0.0159305	5.80337	8.67851	0.0006592
0.3605	0.001	1.003	-0.00198496	-0.0314159	5.80236	8.67803	0.000456042
0.3493	0.0358	1.00273	0.034362	-0.0420159	5.80345	8.68295	0.000536628
0.4289	0.0483	1.00204	0.119144	-0.0669574	5.80769	8.70312	0.000638165
0.4315	0.0435	1.00183	0.110364	-0.0631384	5.80293	8.69656	0.000918957
0.44	0.055	1.00168	0.138678	-0.0718142	5.80346	8.70278	0.000736671
0.4795	0.0563	1.00201	0.151726	-0.059168	5.80519	8.7036	0.000608319
0.3452	0.1899	1.00201	0.220642	-0.202592	5.78755	8.7088	0.000358634
0.3898	0.0713	1.00185	0.152979	-0.0922448	5.80588	8.70873	0.00112322
0.3953	0.0635	1.00123	0.136461	-0.0868524	5.80067	8.70339	0.000323265
0.3245	0.2181	1.00107	0.225141	-0.238151	5.77994	8.71435	0.000314768
0.3165	0.1986	1.00145	0.207887	-0.224653	5.78886	8.71759	0.00108726
0.3093	0.1574	1.00117	0.195895	-0.202807	5.79458	8.72148	0.00103651
0.2553	0.2563	0.999724	0.176755	-0.277086	5.78329	8.73134	0.00108924
0.2547	0.2407	0.99982	0.168652	-0.262754	5.78559	8.7287	0.000602428
0.2751	0.253	0.999675	0.201291	-0.279605	5.77695	8.72759	0.000530396
0.3043	0.2255	1.00038	0.217271	-0.241596	5.77927	8.71838	0.00133741
0.3878	0.2728	1.00881	0.314048	-0.228399	5.75485	8.63228	0.000479113
0.4643	0.2438	1.00889	0.338549	-0.092018	5.75896	8.62384	0.00181315
0.4133	0.4387	1.02033	0.179017	-0.255083	5.64257	8.34378	0.000761448
0.4789	0.3073	1.01164	0.350492	-0.0685204	5.7208	8.5462	0.00105671
0.3567	0.4697	1.01408	0.0601347	-0.347461	5.67696	8.45935	0.00250686
0.3446	0.3339	1.00711	0.269802	-0.336684	5.73012	8.62757	0.000875525
0.3091	0.4089	1.00788	0.190772	-0.409477	5.72244	8.61855	0.000952102
0.2686	0.3842	0.999875	0.188108	-0.397665	5.74699	8.71832	0.000925111
0.1763	0.3633	0.998626	0.133904	-0.298762	5.77636	8.73005	0.00247372
0.2326	0.3886	0.998474	0.15531	-0.3774	5.76341	8.7416	0.00187063
0.2348	0.3461	0.998855	0.178756	-0.350376	5.76961	8.7417	0.00116811
0.2496	0.3418	0.999101	0.194341	-0.353757	5.76349	8.73447	0.000598723
0.2525	0.2894	0.999204	0.19037	-0.311469	5.77461	8.73545	0.00137909
0.1528	0.2871	0.999154	0.0690171	-0.151228	5.78098	8.69263	0.000710663
0.0573	0.3714	1.00114	0.024184	-0.00228774	5.78466	8.66737	0.00010077
0.0569	0.2538	1.0015	-0.0176226	0.0750956	5.78845	8.67263	0.000545399
0.0186	0.3881	1.0016	0.00611399	0.0183523	5.78749	8.66752	0.000479206
0.0127	0.395	1.00155	0.00699042	0.0201924	5.78635	8.66636	0.00287141
0.071	0.422	1.00132	0.0555838	-0.0602841	5.7878	8.67362	0.000980256
0.1032	0.4154	1.00058	0.102995	-0.152575	5.78412	8.68813	0.000651806
0.1712	0.5269	0.999956	0.0333588	-0.32753	5.78615	8.7338	0.000445761
0.0253	0.4892	1.00164	0.0657893	-0.0387344	5.79306	8.67828	0.0002226
0.0269	0.5218	1.00213	0.0832604	-0.0459896	5.79873	8.68415	0.00218838
0.1726	0.5474	1.00055	0.016332	-0.297764	5.7934	8.72983	0.000666827
0.2215	0.6127	1.0039	-0.0934168	-0.336042	5.78932	8.71108	0.000597005
0.2726	0.4994	1.00634	0.0605476	-0.435214	5.73156	8.63969	0.000452433
0.1988	0.7394	1.00284	-0.146007	-0.171613	5.81421	8.72201	0.00112284
0.2335	0.6422	1.00405	-0.133985	-0.316621	5.78505	8.70169	0.000612368
0.1892	0.7525	1.00279	-0.125019	-0.134139	5.81341	8.71263	0.000483968
0.1081	0.7516	1.00451	-0.0241105	-0.0432435	5.8159	8.68589	0.000946981
0.0126	0.6593	1.0041	0.0203976	-0.0390112	5.81159	8.68277	0.00052196
0.046	0.6304	1.00395	0.01676	-0.0661448	5.81149	8.68523	0.000218645
0.0528	0.8427	1.00406	-0.0371247	-0.00596225	5.81189	8.68327	0.00054584
0.0639	0.8398	1.00409	-0.0413754	-0.00618588	5.81243	8.68396	0.000336613
0.0154	0.8977	1.00402	-0.0250515	0.0111786	5.81129	8.68241	0.00126383
0.0094	0.9649	1.00374	-0.0227419	0.028567	5.80872	8.68132	0.000672595
0.1041	0.9848	1.00344	-0.0379356	0.0260862	5.80574	8.67983	0.000782303
0.0017	0.9807	1.00362	-0.0229295	0.0305826	5.80763	8.68071	0.000847931
0.1232	0.9204	1.00358	-0.036231	0.0224463	5.80772	8.68142	0.000360797
0.1349	0.9915	1.00331	-0.0439257	0.0203764	5.8045	8.6792	0.00119019
0.128	0.8542	1.00367	-0.0610709	0.014891	5.81068	8.68616	0.000258192
0.1723	0.8324	1.00282	-0.103871	-0.0174417	5.81023	8.69637	0.000636927
0.1653	0.826	1.00337	-0.09921	-0.0182143	5.81239	8.69443	0.000953431
0.1541	0.7716	1.00335	-0.0691727	-0.0701995	5.81594	8.69966	0.00105292
0.3324	0.7743	1.00284	-0.313492	-0.156528	5.78985	8.72159	0.00122387
0.2995	0.7422	1.00428	-0.293199	-0.198368	5.78968	8.71015	0.000987473
0.3666	0.8011	1.00049	-0.310528	-0.12369	5.77886	8.71989	0.000878965
0.3784	0.8537	1.00032	-0.274871	-0.0618984	5.79122	8.72372	0.000603232
0.3174	0.9207	1.00135	-0.0798549	-0.00863846	5.79944	8.69063	0.00128117
0.3682	0.9211	1.00082	-0.0959995	-0.0319773	5.79944	8.69713	0.000787782
0.4465	0.9451	1.00074	-0.0561598	-0.0167087	5.79653	8.69011	0.000517826
0.3788	0.9797	1.00288	-0.0217853	-0.0140527	5.80098	8.67683	0.000497687
0.389	0.8976	1.00036	-0.19825	-0.0433394	5.79782	8.71415	0.000323953
0.4573	0.8957	1.00046	-0.211874	-0.0308298	5.79538	8.71196	0.00138747
0.431	0.7955	1.00175	-0.389606	-0.0934879	5.7759	8.72902	0.000481772
0.4428	0.7776	1.00406	-0.416243	-0.0821657	5.76192	8.69794	0.000341203
0.4811	0.6465	1.01965	-0.286655	-0.0327355	5.6797	8.39696	0.000787521
0.4822	0.6982	1.01166	-0.374993	-0.0298986	5.70426	8.52852	0.000315433
0.4154	0.7335	1.00639	-0.380803	-0.146954	5.74706	8.64914	0.00216067
0.3933	0.6797	1.00983	-0.318524	-0.199066	5.71586	8.56084	0.0025077
0.2853	0.6966	1.00618	-0.254602	-0.257728	5.78206	8.68544	0.000388408
0.3024	0.7088	1.00602	-0.278704	-0.247182	5.77762	8.68395	0.000740475
0.4213	0.5186	1.02657	-0.0523971	-0.2059	5.63186	8.25172	0.00040248
0.3376	0.5542	1.01276	-0.0769497	-0.337617	5.70007	8.5023	0.000779405
0.3662	0.5482	1.01602	-0.0751544	-0.30061	5.67985	8.43343	0.00117574
0.4524	0.6057	1.02314	-0.213619	-0.112225	5.65721	8.32298	0.000572137
0.4762	0.5775	1.02555	-0.1839	-0.0560375	5.64025	8.26811	0.000902537
0.4812	0.5379	1.02811	-0.145834	-0.061188	5.62094	8.21337	0.00133467
0.5746	0.5568	1.02222	-0.119922	0.209154	5.64857	8.31778	0.00237723
0.5205	0.596	1.02335	-0.204039	0.0674064	5.64639	8.29942	0.00113314
0.664	0.6042	1.01151	-0.167886	0.332932	5.71934	8.55088	0.000863396
0.6776	0.5805	1.01069	-0.106777	0.370388	5.71726	8.55946	0.000874696
0.6925	0.6157	1.00932	-0.167341	0.342486	5.74189	8.60596	0.00069473
0.6987	0.5856	1.00876	-0.0958021	0.384202	5.73752	8.60998	0.000976235
0.6277	0.6966	1.0097	-0.297813	0.228328	5.74701	8.60807	0.000729778
0.6342	0.7587	1.00677	-0.32053	0.150811	5.78163	8.67683	0.000225697
0.6518	0.7565	1.0058	-0.303251	0.161808	5.78438	8.68563	0.00043961
0.6059	0.7522	1.00622	-0.349289	0.129132	5.76696	8.66628	0.00039737
0.5984	0.6658	1.01433	-0.278376	0.183052	5.71493	8.50675	0.000747277
0.5265	0.7377	1.00864	-0.401411	0.0375186	5.73585	8.61138	0.00110863
0.5569	0.8363	1.00139	-0.317728	0.00809458	5.7908	8.72468	0.00110499
0.5128	0.8257	1.00142	-0.365073	-0.018231	5.78409	8.73068	0.00043808
0.5367	0.7988	1.00309	-0.387502	0.023828	5.77643	8.71334	0.00159487
0.5404	0.8722	1.00099	-0.27497	-0.0258268	5.80244	8.73315	0.000702598
0.5732	0.8829	1.00239	-0.226774	0.000745584	5.8111	8.72155	0.00036916
0.5494	0.9819	1.00343	0.0247365	-0.0641756	5.80978	8.68724	0.000705685
0.5936	0.9107	1.00419	-0.0994852	-0.0190803	5.81635	8.69323	0.000354783
0.6862	0.917	1.00425	-0.0526774	0.026765	5.81966	8.69428	0.00255309
0.6887	0.9412	1.00434	-0.00979866	0.0218934	5.8195	8.69181	0.000823587
0.6095	0.8674	1.00202	-0.264512	0.0190615	5.81128	8.73454	0.000395808
0.6348	0.8611	1.0025	-0.225965	0.0451412	5.81329	8.7247	0.000942475
0.5905	0.769	1.005	-0.375117	0.0975186	5.77172	8.68964	0.00121945
0.8802	0.7208	1.00285	-0.0170489	0.114215	5.81417	8.70316	0.000423135
0.7276	0.7178	1.00492	-0.18805	0.2534	5.79169	8.69479	0.00120532
0.7669	0.8082	1.00369	-0.114724	0.146786	5.81731	8.71124	0.00064758
0.7984	0.8696	1.00448	-0.0356368	0.0291956	5.8164	8.68674	0.000341861
0.7487	0.9415	1.00433	0.00508851	0.0412689	5.81798	8.6902	0.00166222
0.8859	0.8828	1.00421	0.000526891	0.023257	5.81333	8.68368	0.00141749
0.9214	0.8355	1.00416	-0.00564245	0.0105911	5.81273	8.68307	0.000591081
0.9051	0.908	1.00413	-0.000774191	0.0196188	5.81237	8.68285	0.00112059
0.9218	0.9021	1.00408	-0.00411701	0.0168862	5.81191	8.6826	0.00101714
0.9016	0.8224	1.00435	-0.000140113	0.0123524	5.81449	8.68404	0.000398657
0.9421	0.7667	1.00418	-0.0105139	-0.0017332	5.81226	8.68216	0.000847668
0.9752	0.7409	1.00417	0.00551254	-0.0184463	5.81268	8.68302	0.00117514
0.8606	0.684	1.00294	-0.0212016	0.179575	5.81181	8.70853	0.00132696
0.8967	0.6912	1.00221	1.35822e-05	0.101512	5.81136	8.70297	0.00120166
0.926	0.6839	1.00394	0.00428147	0.0178158	5.81176	8.6836	0.00163652
0.8444	0.6619	1.00272	-0.0402508	0.220053	5.80837	8.71399	0.000604643
0.8142	0.663	1.00422	-0.0715582	0.269629	5.80995	8.71718	0.000382392
0.805	0.6748	1.00372	-0.0769058	0.264189	5.80436	8.71214	0.000603061
0.757	0.5567	1.00338	-0.040359	0.402301	5.76309	8.69723	0.000123217
0.7483	0.5776	1.00245	-0.0643994	0.382892	5.76315	8.69898	0.00105031
0.7892	0.6616	1.0047	-0.109213	0.293025	5.80059	8.70909	0.000744744
0.8111	0.5883	1.00167	-0.0318368	0.33078	5.78813	8.72293	0.00144416
0.93	0.6506	1.00347	-0.0101056	0.0245402	5.80964	8.68466	0.000936609
0.9379	0.555	1.00119	0.0259177	0.0606146	5.80152	8.69414	0.000589063
0.8955	0.3614	1.00043	0.0147315	0.123666	5.78372	8.67961	0.00121977
0.8863	0.54	1.00019	0.0208756	0.176656	5.79262	8.70307	0.000908318
0.8993	0.4918	0.999519	0.0286166	0.152538	5.78712	8.69691	0.00193057
0.8793	0.3439	1.00063	0.00929294	0.141026	5.78275	8.67864	0.000193226
0.8823	0.3286	1.00115	-0.00937801	0.124117	5.78547	8.67594	0.000595523
0.8899	0.2996	1.00169	-0.036207	0.0899811	5.7907	8.67614	0.000517025
0.8566	0.2976	1.00156	-0.00471728	0.15147	5.79301	8.68745	0.000831788
0.6754	0.2533	1.00249	0.193415	0.225961	5.78558	8.70109	0.00166739
0.7205	0.3059	1.00072	0.148807	0.307746	5.77747	8.71836	0.000709023
0.6963	0.5055	1.0087	0.0278857	0.419155	5.73281	8.61331	0.00136411
0.7052	0.522	1.00798	0.00111707	0.421241	5.73643	8.62526	0.00103518
0.7806	0.5375	1.00071	0.00499568	0.389136	5.77828	8.73702	0.00106974
0.662	0.5433	1.012	-0.08863	0.376914	5.69738	8.51969	0.000904644
0.6717	0.403	1.0075	0.167904	0.373459	5.72602	8.60893	0.00061106
0.6382	0.5444	1.01828	-0.0842932	0.312251	5.67713	8.41511	0.00128646
0.6159	0.5151	1.02043	-0.0213441	0.284772	5.6599	8.36067	0.00294364
0.5818	0.4428	1.02295	0.136568	0.221777	5.65178	8.32141	0.000993939
0.5021	0.4266	1.0251	0.225478	0.00784327	5.62501	8.25641	0.000498312
0.5054	0.403	1.02258	0.245698	0.00998995	5.64126	8.3053	0.000676037
0.4901	0.3165	1.01446	0.327312	-0.0263868	5.70378	8.48761	0.0010144
0.5363	0.2497	1.0097	0.323357	0.0361401	5.7621	8.6131	0.000365579
0.5403	0.2651	1.00921	0.336258	0.0550756	5.74844	8.602	0.000496115
0.5661	0.373	1.01773	0.268421	0.170277	5.68175	8.42466	0.000904177
0.6169	0.2497	1.00419	0.261686	0.175071	5.77306	8.67299	0.00100268
0.6787	0.2231	1.00287	0.204929	0.184378	5.79707	8.70872	0.000352526
0.7457	0.2132	1.00242	0.0913313	0.181069	5.80563	8.70799	0.000743826
0.6898	0.216	1.00223	0.190664	0.175184	5.80035	8.71473	0.00045857
0.659	0.2254	1.00351	0.223677	0.183565	5.7927	8.7005	8.33815e-05
0.572	0.2433	1.00624	0.302569	0.0987895	5.77175	8.65458	0.00197082
0.5084	0.134	1.00321	0.248592	-0.0324143	5.80017	8.70388	0.000244685
0.5434	0.0364	1.0032	0.115528	-0.0411368	5.81004	8.69476	0.000569805
0.5321	0.1255	1.0031	0.236037	0.000763894	5.80379	8.7066	0.000520771
0.5128	0.0688	1.00229	0.197235	-0.0453626	5.80729	8.71151	0.00049559
0.5464	0.0769	1.00257	0.195882	-0.0189635	5.80954	8.71132	0.00142603
0.563	0.0084	1.00378	0.0576586	-0.0564925	5.81232	8.68895	0.000458696
0.5949	0.0529	1.00338	0.123965	-0.00995942	5.8156	8.70178	0.00202439
0.7982	0.0181	1.0042	0.0265001	0.0366035	5.81358	8.68495	0.00052603
0.8693	0.0037	1.00409	-0.00494578	0.024008	5.81203	8.68284	0.000218827
0.8693	0.1633	1.00314	0.00163562	0.0720788	5.80347	8.68057	0.000706325
0.7567	0.1746	1.00332	0.0452397	0.116654	5.80976	8.69363	0.00152831
0.8608	0.1862	1.00308	-0.0198908	0.0704042	5.80364	8.68144	0.00256792
0.7832	0.1876	1.0029	0.0210964	0.117156	5.80513	8.68962	0.00258845
0.9304	0.1956	1.00273	-0.0159602	0.0673566	5.79896	8.67717	0.000548121
0.947	0.2183	1.00247	-0.0216121	0.0678367	5.79641	8.67573	0.00100416
0.978	0.1708	1.00272	-0.0177105	0.0634709	5.79878	8.67672	0.00179116
0.9295	0.1598	1.00285	-0.0114472	0.0659156	5.80009	8.67762	0.000320371
0.9368	0.1298	1.00323	-0.0143698	0.0594252	5.80381	8.67952	0.00129709
0.8777	0.0099	1.00393	-0.00982136	0.0321999	5.81053	8.68225	0.000504763
0.0323	0.005	1.00354	-0.0281403	0.0319533	5.80676	8.68035	0.000111682
0.0136	0.0435	1.00338	-0.0247895	0.0393282	5.8052	8.67956	0.000764083
0.0629	0.0763	1.00297	-0.0372444	0.0468345	5.80126	8.67794	0.00121672
0.0795	0.057	1.00305	-0.0398337	0.0428994	5.80204	8.67833	0.00108062
0.0967	0.0226	1.00327	-0.0468861	0.0326938	5.8041	8.67945	0.00103064
0.1063	0.0347	1.00309	-0.0493481	0.0309504	5.80249	8.67866	0.00097425
0.0516	0.1086	1.0027	-0.0334021	0.0538418	5.79911	8.67722	0.00183411
0.069	0.1626	1.00229	-0.0303932	0.0638249	5.79499	8.6751	0.00107356
0.0356	0.0952	1.00285	-0.0308012	0.0512689	5.80004	8.67713	0.000152878
0.0337	0.0928	1.00295	-0.0310755	0.0510932	5.80105	8.67775	0.000305395
0.0294	0.1017	1.00283	-0.0307036	0.0516035	5.80012	8.67748	0.0009092
0.0049	0.0964	1.00301	-0.0268161	0.0482614	5.80172	8.67797	0.0023975
0.0192	0.1729	1.00251	-0.0249806	0.0620163	5.79692	8.67582	0.00148607
0.0461	0.1694	1.00237	-0.0288379	0.0594143	5.79572	8.67518	0.00128023
0.0279	0.199	1.00215	-0.030347	0.0669626	5.79334	8.67408	0.00123681
0.0216	0.2339	1.00201	-0.0368107	0.074219	5.79198	8.67401	0.0012949
0.0152	0.2621	1.00186	-0.0196239	0.0755634	5.79056	8.67281	0.000966302
0.0524	0.259	1.00161	-0.0184869	0.0690969	5.78964	8.67307	0.000410818
0.0669	0.245	1.00136	-0.0254996	0.0597358	5.78865	8.67332	0.000419766
0.0938	0.2557	1.00108	0.00773213	0.0037347	5.78621	8.66999	0.00117105
0.0606	0.226	1.00185	-0.0438449	0.0774024	5.79085	8.67424	0.000961819
0.1009	0.2173	1.00115	-0.0275997	0.0254158	5.78943	8.6749	0.000882512
0.0775	0.1982	1.002	-0.0443014	0.0690583	5.7927	8.67506	0.00104545
0.1039	0.2002	1.00142	-0.0322273	0.0292813	5.78989	8.6735	0.000544855
0.1312	0.1886	1.00124	-0.0107496	0.00143718	5.79345	8.67951	0.000251833
0.1417	0.1884	1.00055	-0.00336324	-0.0171527	5.79198	8.68331	0.000357306
0.1183	0.2377	1.00036	0.0132281	-0.0286582	5.78691	8.6777	0.000749934
0.1432	0.2551	0.999645	0.055362	-0.0910492	5.78561	8.68718	0.000766162
0.1309	0.2587	0.999887	0.0377901	-0.078066	5.78396	8.68068	0.00044183
0.1161	0.2676	1.00025	0.0309528	-0.0469186	5.78502	8.67697	0.000572596
0.1961	0.2754	0.999277	0.123404	-0.250231	5.7853	8.72315	0.00123092
0.1832	0.2786	0.998559	0.109597	-0.191212	5.77654	8.7016	0.000879895
0.1783	0.235	0.999181	0.0878967	-0.13252	5.78355	8.69508	0.000871917
0.1962	0.2297	0.999372	0.112694	-0.202879	5.78883	8.71563	0.0012905
0.1942	0.228	0.999859	0.0903104	-0.172072	5.79224	8.70847	0.000478547
0.214	0.1968	0.999924	0.0940218	-0.18348	5.79368	8.71244	0.000949811
0.2025	0.0936	1.00159	-0.010155	-0.0217422	5.79807	8.68359	0.00183442
0.2133	0.1648	0.999854	0.0524863	-0.130979	5.7944	8.70283	0.00165867
0.1354	0.1761	1.00148	-0.00247202	0.00154088	5.79228	8.67562	0.0014157
0.1281	0.1742	1.00149	-0.00710139	0.0161565	5.7913	8.67417	0.00016483
0.1171	0.1776	1.00158	-0.0136686	0.0277239	5.79225	8.67515	0.000539064
0.1087	0.0853	1.00267	-0.0470696	0.050465	5.79919	8.67799	0.00217843
0.1475	0.0323	1.0029	-0.0632155	0.0282565	5.80163	8.67969	0.000431913
0.1434	0.0378	1.00288	-0.0640278	0.0309452	5.80078	8.67868	0.00109261
0.153	0.084	1.00207	-0.0538009	0.0309151	5.79654	8.67877	0.00309848
0.1743	0.0172	1.003	-0.0536581	0.0204443	5.80209	8.67876	0.00161547
0.2013	0.0757	1.00187	-0.0519113	0.00151328	5.7989	8.68346	0.00166184
0.1892	0.0821	1.00197	-0.0591914	-0.00547599	5.79808	8.6818	0.000939168
0.2305	0.003	1.00312	-0.0539546	-0.017895	5.80322	8.67935	0.00125559
0.2362	0.0027	1.0026	-0.0478324	-0.0138222	5.79907	8.67727	3.05998e-06
0.2504	0.0613	1.00182	-0.0228392	-0.0666752	5.8016	8.68906	0.000881424
0.2305	0.0925	1.00112	0.014358	-0.0698465	5.80039	8.69339	0.000865192
0.249	0.0926	1.00132	0.0229784	-0.0841568	5.80108	8.69398	0.000541405
0.2553	0.1197	1.00075	0.0649188	-0.0987317	5.80044	8.70113	0.000821456
0.3437	0.0853	1.0014	0.123466	-0.100336	5.80213	8.7037	0.00168125
0.2842	0.0868	1.00155	0.0377944	-0.0573078	5.80336	8.69396	0.00140812
0.2949	0.112	1.00101	0.112447	-0.103893	5.80157	8.70527	0.00102292
0.2724	0.0754	1.00188	0.0111864	-0.0571523	5.80133	8.68738	0.00046929
0.3317	0.0492	1.00207	0.0339165	-0.0358818	5.80316	8.68798	0.0011637
0.3124	0.0139	1.0032	-0.00390391	0.00913209	5.80331	8.67726	0.00143346
0.3674	0.0335	1.00251	0.0415401	-0.0605598	5.80311	8.68559	0.00151
0.3512	0.009	1.00307	0.000828632	-0.0357369	5.8021	8.67719	0.000621622
0.3541	0.0569	1.00158	0.0820668	-0.0705836	5.80079	8.69333	0.000685941
0.4536	0.0127	1.00279	0.0742725	-0.0566721	5.80461	8.68709	0.000928261
0.4782	0.0282	1.00234	0.10495	-0.0528561	5.80668	8.69656	0.000578669
0.485	0.0179	1.00275	0.0839317	-0.0521656	5.80546	8.68918	0.00133816
0.4636	0.109	1.00259	0.24539	-0.0791023	5.80037	8.71135	0.00134579
0.4937	0.057	1.00228	0.156609	-0.0486258	5.80615	8.70286	0.000777457
0.4969	0.0636	1.00238	0.176268	-0.0501437	5.80772	8.70772	0.000116548
0.4584	0.0801	1.00204	0.220569	-0.0794915	5.80301	8.71432	0.000630922
0.45	0.0681	1.00186	0.171706	-0.0716496	5.80316	8.70592	0.000165703
0.395	0.0631	1.00188	0.124382	-0.0835378	5.80712	8.70555	0.0004736
0.387	0.1996	1.00353	0.285833	-0.18277	5.78121	8.69883	0.00157985
0.3469	0.1238	1.00154	0.224366	-0.159097	5.79632	8.71893	0.00320436
0.3417	0.1839	1.00208	0.218042	-0.202584	5.79092	8.71263	0.00104199
0.4339	0.1692	1.00275	0.267416	-0.107414	5.788	8.69975	0.00304507
0.4393	0.179	1.00414	0.288777	-0.106816	5.78247	8.68533	0.00232253
0.4878	0.1305	1.00284	0.251251	-0.0538235	5.79839	8.706	0.00145427
0.4854	0.2366	1.00925	0.342138	-0.0535168	5.76574	8.62928	0.000251999
0.4976	0.254	1.0093	0.339489	-0.0272184	5.75267	8.60748	0.000569941
0.4968	0.2376	1.00986	0.335303	-0.0339136	5.77033	8.6278	5.06766e-05
0.4234	0.204	1.00558	0.306951	-0.139618	5.77967	8.67826	0.0012375
0.3923	0.2603	1.0066	0.318667	-0.208312	5.75824	8.65321	0.00246731
0.3708	0.2723	1.00625	0.297268	-0.252962	5.76403	8.66855	0.000355485
0.2844	0.276	0.999368	0.221463	-0.305336	5.7658	8.72532	0.000355405
0.2939	0.2763	1.00005	0.233018	-0.300407	5.76609	8.72099	0.000929069
0.3412	0.2538	1.00233	0.278654	-0.270984	5.76791	8.7073	0.00214158
0.2754	0.2399	0.99978	0.19046	-0.264671	5.78004	8.72514	0.000269293
0.3021	0.1485	1.00098	0.167158	-0.175357	5.7971	8.71649	0.00110001
0.3349	0.1313	1.00115	0.218142	-0.170131	5.79474	8.72039	0.000863133
0.26	0.2036	1.00024	0.178253	-0.222359	5.79006	8.72359	0.00223103
0.2324	0.1382	1.0004	0.0600757	-0.113493	5.79864	8.70276	0.000870419
0.2589	0.1386	1.00058	0.0844206	-0.122754	5.79829	8.70347	0.00154726
0.2535	0.2134	1.00009	0.154886	-0.23827	5.79003	8.72467	0.00067344
0.2618	0.2245	1.00002	0.167401	-0.248483	5.78585	8.72346	0.000370628
0.2641	0.2735	0.998753	0.198411	-0.298655	5.76965	8.72955	0.000250743
0.3072	0.3391	1.0024	0.24295	-0.362428	5.74563	8.69303	0.000742785
0.2722	0.3287	0.999245	0.208698	-0.354974	5.7578	8.72801	0.000803182
0.2846	0.3451	1.00048	0.219552	-0.372848	5.75268	8.71847	0.000523587
0.301	0.348	1.00286	0.235274	-0.371356	5.7427	8.68615	0.000103087
0.2921	0.3555	1.00235	0.218998	-0.381883	5.74611	8.69589	0.000388212
0.2986	0.3486	1.00253	0.233157	-0.37225	5.74381	8.69041	5.21249e-05
0.3198	0.359	1.00667	0.241761	-0.373513	5.73086	8.63828	0.000583951
0.3134	0.3759	1.00534	0.219419	-0.391198	5.72917	8.64866	0.000397772
0.3202	0.3506	1.0068	0.246448	-0.366606	5.73899	8.64792	0.00019035
0.3303	0.3033	1.00381	0.263237	-0.325905	5.75417	8.68625	0.000672945
0.3413	0.2958	1.00388	0.279044	-0.302966	5.75385	8.68228	0.000412538
0.3177	0.29	1.00174	0.258291	-0.312867	5.76017	8.70751	0.000575225
0.3861	0.2906	1.00809	0.309896	-0.248881	5.73956	8.61925	0.000546563
0.3516	0.3002	1.00689	0.29112	-0.294232	5.74336	8.64174	0.000838613
0.4022	0.3058	1.00922	0.319814	-0.22643	5.72785	8.59006	0.000421775
0.4067	0.3135	1.0098	0.332919	-0.226287	5.72082	8.57895	0.000386202
0.4396	0.3044	1.01109	0.346014	-0.150579	5.72725	8.56783	0.00209216
0.465	0.3292	1.0155	0.309888	-0.100441	5.69805	8.4697	0.00109083
0.4176	0.3483	1.01432	0.277398	-0.198115	5.69979	8.48711	0.00123994
0.4544	0.354	1.01617	0.284918	-0.133273	5.67967	8.43344	0.00174406
0.4043	0.375	1.0147	0.260855	-0.228798	5.68162	8.45912	0.00228134
0.3941	0.3293	1.01026	0.309955	-0.259278	5.71938	8.57355	0.000744227
0.3748	0.3421	1.00982	0.288054	-0.297949	5.71637	8.57709	0.00113309
0.3589	0.3768	1.01038	0.252178	-0.34597	5.70513	8.56143	0.00141378
0.4098	0.4486	1.02185	0.136874	-0.273368	5.64214	8.32895	0.00131171
0.3826	0.4232	1.01481	0.179515	-0.291939	5.6732	8.44438	0.00187103
0.4465	0.4314	1.02208	0.22047	-0.159263	5.63637	8.30893	0.00128644
0.4548	0.4295	1.02251	0.223628	-0.147298	5.63429	8.30127	0.000361827
0.4677	0.4234	1.02383	0.233006	-0.0956323	5.63398	8.28601	0.00121859
0.4613	0.4538	1.02994	0.141231	-0.127123	5.61339	8.19334	0.000932368
0.4421	0.4919	1.03052	0.0045463	-0.194425	5.62047	8.19994	0.000883107
0.4819	0.4599	1.03117	0.130608	-0.0597502	5.60595	8.16502	0.00166601
0.4535	0.5014	1.02983	-0.0305402	-0.164199	5.61345	8.19019	0.00150763
0.4191	0.5063	1.02728	-0.0183523	-0.219704	5.63389	8.25071	0.00085212
0.4098	0.5325	1.02618	-0.0831144	-0.218083	5.64228	8.27472	0.000512051
0.3881	0.493	1.01915	0.0302561	-0.323459	5.65305	8.37305	0.00189672
0.2904	0.4818	1.00935	0.0860177	-0.422702	5.72416	8.59977	0.00142325
0.305	0.5196	1.01222	0.0110088	-0.378939	5.71495	8.54076	0.00124546
0.3062	0.4303	1.00843	0.157325	-0.418598	5.71898	8.60675	0.00156035
0.3414	0.3921	1.01048	0.227872	-0.382237	5.70679	8.57043	0.000995933
0.3311	0.381	1.00861	0.225528	-0.37902	5.71709	8.59965	0.000413378
0.2959	0.3773	1.00362	0.20827	-0.396543	5.73861	8.67716	0.000491262
0.2761	0.399	1.00238	0.185242	-0.408778	5.74025	8.69066	0.000442737
0.2659	0.3919	1.00036	0.182802	-0.403351	5.74886	8.71828	0.000174341
0.27	0.4045	1.00188	0.175847	-0.411623	5.74146	8.69619	0.000444775
0.2734	0.4819	1.00619	0.0920138	-0.439493	5.73775	8.65453	0.00119208
0.2765	0.4986	1.00752	0.0576177	-0.432575	5.73857	8.6388	0.000127733
0.2862	0.5123	1.00779	0.0284085	-0.423519	5.72647	8.61336	0.000813257
0.2346	0.4683	1.00046	0.106997	-0.407737	5.755	8.71743	0.000936918
0.2532	0.5196	1.00526	0.0423011	-0.410116	5.74762	8.66133	0.00175355
0.2336	0.521	1.00165	0.0447223	-0.391268	5.75959	8.70271	0.00117518
0.21	0.5097	1.00109	0.0690002	-0.388711	5.77525	8.73136	0.00176559
0.1551	0.4976	0.999336	0.0834337	-0.30164	5.78645	8.73441	0.000615416
0.132	0.468	1.00035	0.0955881	-0.233488	5.78625	8.70817	0.000615852
0.1804	0.4571	0.998334	0.0991056	-0.345646	5.77187	8.7369	0.001039
0.1638	0.4667	0.998832	0.0949759	-0.319726	5.77971	8.73532	0.00108059
0.1899	0.4422	0.998534	0.10773	-0.350296	5.77153	8.73716	0.00036053
0.2195	0.4639	0.999666	0.107583	-0.387529	5.764	8.72976	0.00079159
0.2251	0.4349	0.999215	0.125969	-0.381413	5.76314	8.73218	0.000803517
0.2338	0.458	1.00007	0.11651	-0.406968	5.75437	8.72054	0.000486473
0.2124	0.3333	0.998712	0.14838	-0.312383	5.77395	8.7319	0.000583371
0.1877	0.4313	0.998338	0.119707	-0.346298	5.772	8.73955	0.00188676
0.1993	0.3205	0.999214	0.145221	-0.299542	5.78089	8.73356	0.000883251
0.2491	0.3172	0.998383	0.183218	-0.325859	5.76692	8.73426	0.000998108
0.1947	0.2951	0.999222	0.154873	-0.271052	5.78298	8.72995	0.000982799
0.1638	0.3171	0.999097	0.105983	-0.211337	5.77995	8.7057	0.00169996
0.1522	0.3605	0.999297	0.104262	-0.221432	5.77902	8.70458	0.00117059
0.1287	0.2983	0.999715	0.0562909	-0.103069	5.78249	8.6831	0.00115927
0.1281	0.3875	0.999969	0.0897914	-0.203386	5.78205	8.69805	0.000389903
0.1396	0.4081	0.999735	0.10898	-0.243796	5.78234	8.71146	0.00103351
0.1326	0.4259	1.0001	0.0908644	-0.238747	5.78534	8.70976	0.00114704
0.1351	0.4112	1.00046	0.107603	-0.241559	5.78872	8.71409	0.000248205
0.0699	0.3705	1.00087	0.0373668	-0.0251288	5.78439	8.67003	0.000871152
0.1123	0.3768	1.00023	0.0579662	-0.147063	5.78334	8.68555	0.000436835
0.11	0.3459	0.999991	0.0651397	-0.109455	5.7834	8.68329	0.00215782
0.0743	0.3144	1.00104	0.0168714	0.00154639	5.78469	8.66815	0.000780678
0.096	0.2933	1.00044	0.0223108	-0.0323355	5.78397	8.67291	0.00113217
0.0614	0.2973	1.00103	-0.0035479	0.0469952	5.78607	8.67127	0.000514332
0.0097	0.2902	1.00162	-0.0175841	0.0685095	5.78838	8.67105	0.00156094
0.0523	0.2869	1.00138	-0.00563401	0.0649213	5.78755	8.6715	0.0008888
0.0543	0.3074	1.00118	-0.00370439	0.0581276	5.78641	8.67106	0.00103258
0	0.3378	1.00137	-0.0179533	0.0555894	5.7864	8.66943	0.00091038
0.0037	0.3537	1.00153	-0.0138959	0.0433709	5.78741	8.66891	0.000995126
0.0537	0.374	1.00152	0.0195142	0.00775927	5.78793	8.66895	0.000551676
0.0596	0.3981	1.0013	0.0273204	-0.0185194	5.78695	8.66972	0.00122113
0.0504	0.3807	1.00159	0.0301238	0.000284557	5.78896	8.67013	0.000228281
0.0888	0.4225	1.00097	0.0948992	-0.129635	5.78636	8.68401	0.00152622
0.0907	0.3959	1.00073	0.0476529	-0.0859349	5.78397	8.67447	0.000685715
0.1062	0.3786	1.00045	0.0530246	-0.117048	5.78401	8.68035	0.00046491
0.1152	0.3996	1.00034	0.0848502	-0.18023	5.78334	8.69189	0.00037171
0.1135	0.4931	1.0012	0.0776553	-0.191195	5.79134	8.69788	0.00172045
0.1254	0.4673	1.00096	0.0907077	-0.200997	5.79027	8.70141	0.000688672
0.1052	0.5171	1.00171	0.0868053	-0.178509	5.79542	8.69798	0.00298103
0.0379	0.4769	1.00191	0.0611135	-0.059631	5.79295	8.6765	0.00248145
0.0124	0.4914	1.00156	0.0650569	-0.0150466	5.79336	8.67877	0.00027571
0.0083	0.48	1.00169	0.0531095	-0.00325006	5.79193	8.67462	0.000789164
0.0183	0.6039	1.00309	0.0508856	-0.0487209	5.80757	8.687	0.00109796
0.0504	0.5629	1.00265	0.0677098	-0.0872705	5.80322	8.68794	0.00243155
0.0602	0.5981	1.00334	0.0444569	-0.0865964	5.80798	8.68772	0.00119178
0.0399	0.6217	1.00369	0.0283782	-0.0627943	5.80968	8.68482	0.00057461
0.0081	0.6309	1.00374	0.0199463	-0.039638	5.81016	8.68379	0.000652935
0.0991	0.6376	1.00377	-0.012641	-0.106739	5.8131	8.69267	0.0004659
0.1474	0.6121	1.00228	-0.0282573	-0.212445	5.80674	8.71326	0.00031844
0.1521	0.6157	1.00213	-0.0386352	-0.217194	5.80616	8.71504	0.000744796
0.1338	0.5989	1.00281	-0.00198553	-0.192842	5.8077	8.7057	0.000551727
0.1313	0.5857	1.00323	0.0131668	-0.192108	5.80981	8.70523	0.000522877
0.1137	0.5691	1.00288	0.0381863	-0.16914	5.80641	8.69967	0.00274512
0.1682	0.534	1.00045	0.0349904	-0.300154	5.79213	8.72999	0.00107087
0.1898	0.5486	1.00192	0.0138755	-0.378207	5.78599	8.734	0.000670136
0.1707	0.5743	1.00139	0.0068586	-0.29313	5.80165	8.73335	0.00122408
0.1796	0.5404	1.00065	0.00785284	-0.339812	5.78476	8.72927	0.00026404
0.2042	0.5624	1.00181	-0.0265696	-0.379673	5.77644	8.72142	0.000302297
0.2062	0.5624	1.00255	-0.0250727	-0.371144	5.78063	8.71804	0.000561515
0.2292	0.5795	1.00376	-0.0643292	-0.372784	5.77231	8.69763	0.00176083
0.229	0.595	1.00329	-0.0727203	-0.358485	5.77133	8.69553	0.000221968
0.2298	0.619	1.00382	-0.11474	-0.348464	5.77568	8.69783	0.000310463
0.2261	0.6042	1.00325	-0.0853901	-0.352236	5.77456	8.69945	0.0002124
0.2231	0.6139	1.00426	-0.0998707	-0.332541	5.788	8.70544	0.000302172
0.2035	0.5951	1.00347	-0.0524744	-0.332387	5.79487	8.7189	0.000914774
0.1705	0.6228	1.00184	-0.0583631	-0.260834	5.80419	8.72601	0.00140503
0.1087	0.6808	1.00385	-0.0540049	-0.0956113	5.81487	8.69485	0.00111711
0.0973	0.7131	1.00425	-0.0451418	-0.0697601	5.81649	8.69127	0.00150713
0.1519	0.6742	1.00292	-0.0667086	-0.164336	5.81245	8.70907	0.00246609
0.2422	0.7269	1.00256	-0.189755	-0.21137	5.79868	8.71615	0.00136425
0.2443	0.6579	1.00372	-0.160864	-0.306406	5.78133	8.69976	0.000589423
0.2515	0.6487	1.00508	-0.170837	-0.328312	5.77706	8.69024	0.000306613
0.2379	0.7488	1.00188	-0.20922	-0.165552	5.80072	8.72033	0.000780866
0.2379	0.7321	1.00155	-0.196787	-0.196081	5.79365	8.71559	0.000223813
0.2439	0.7334	1.00262	-0.213882	-0.193624	5.79657	8.71375	0.000226715
0.2111	0.7569	1.00234	-0.160923	-0.150813	5.80829	8.71642	0.000137418
0.2086	0.7515	1.00245	-0.165105	-0.158634	5.80899	8.71843	0.000258455
0.1742	0.733	1.00305	-0.110952	-0.145747	5.81523	8.71308	0.00251884
0.0865	0.756	1.00445	-0.00767611	-0.00862736	5.8166	8.6863	0.000436583
0.0873	0.7637	1.0042	-0.00914647	-0.00828331	5.81383	8.68437	0.00136847
0.0871	0.728	1.0043	-0.0208499	-0.0278271	5.81473	8.68534	0.000724577
0.0952	0.7017	1.00437	-0.0525747	-0.0606894	5.8164	8.68986	0.000413786
0.0902	0.6868	1.00437	-0.0417592	-0.06597	5.81583	8.68885	0.000592073
0.0774	0.6445	1.00424	-0.00903755	-0.0845458	5.8138	8.68749	0.00132811
0.0339	0.6766	1.00421	0.0166501	-0.0393881	5.8132	8.68417	0.000916201
0.0115	0.656	1.00419	0.018139	-0.0372475	5.81161	8.6819	0.000414601
0.0336	0.6505	1.00405	0.0123219	-0.0505804	5.81168	8.68372	0.000530015
0.0512	0.6956	1.00436	-0.017396	-0.0209659	5.81499	8.68502	0.00158416
0.0596	0.733	1.0043	0.000474184	-0.000299375	5.81397	8.6836	0.0014841
0.0495	0.754	1.00428	-0.0108752	-0.0053745	5.81373	8.68353	0.00106265
0.0028	0.8027	1.00419	-0.0183952	-0.0111326	5.81285	8.68316	0.00223711
0.0008	0.7722	1.00414	-0.0169639	-0.0171072	5.81218	8.68257	0.00049591
0.0034	0.7685	1.00427	-0.0160233	-0.0183596	5.81362	8.68366	0.000128791
0.0187	0.7639	1.00415	-0.0188161	-0.0241365	5.81284	8.68367	0.00199598
0.0569	0.8232	1.00423	-0.0354045	-0.0133037	5.81315	8.68373	0.0022116
0.1075	0.8364	1.00404	-0.0596093	0.0146861	5.81393	8.6877	0.000946763
0.0657	0.8566	1.00402	-0.0423012	0.0068233	5.81157	8.68339	0.000433442
0.093	0.8422	1.004	-0.0620451	0.0125955	5.81204	8.68534	0.000564787
0.0857	0.8627	1.00394	-0.0456225	0.0160908	5.81096	8.68343	0.000896788
0.0596	0.8534	1.004	-0.0385965	-0.00165973	5.81136	8.68302	0.00012713
0.0519	0.886	1.00397	-0.032904	0.0104303	5.81089	8.68244	0.00104907
0.0114	0.8371	1.0041	-0.0221056	-0.00231168	5.81227	8.68302	0.00193976
0.0353	0.9299	1.00383	-0.0298869	0.0214477	5.80959	8.68179	0.000357927
0.036	0.9117	1.00389	-0.0308185	0.0162489	5.81014	8.68203	0.000426655
0.0353	0.9426	1.00372	-0.0294911	0.0251184	5.80843	8.68108	0.000132358
0.0197	0.9507	1.00383	-0.0265699	0.0246321	5.80943	8.68158	0.00057051
0.0368	0.9529	1.00365	-0.0252021	0.0244196	5.80779	8.6806	0.00123182
0.0308	0.9593	1.00369	-0.0266204	0.0230942	5.80813	8.68082	0.000505668
0.1079	0.9591	1.00351	-0.0316027	0.0219798	5.8064	8.67984	0.00179585
0.0595	0.9999	1.00346	-0.0339371	0.0274128	5.80602	8.67991	0.00133939
0.1222	0.9299	1.00357	-0.0399506	0.0231646	5.80744	8.68122	0.000663793
0.0925	0.9291	1.00369	-0.0388823	0.0191861	5.80828	8.68132	0.00116101
0.0525	0.9242	1.00382	-0.0358889	0.0203743	5.80942	8.68185	0.00077532
0.0709	0.8927	1.00388	-0.0375007	0.0179	5.81011	8.68231	0.00100619
0.1494	0.9181	1.00344	-0.0381836	0.0269597	5.80695	8.68169	0.00131028
0.1931	0.9053	1.00317	-0.058072	0.00776742	5.80658	8.68407	0.00118248
0.1794	0.9499	1.00336	-0.023189	0.023582	5.80455	8.67821	0.000952708
0.1768	0.9895	1.00333	-0.0485152	0.0193404	5.8045	8.67925	0.000733403
0.1805	0.9934	1.00303	-0.0484761	0.0169813	5.80187	8.6778	0.000109065
0.1536	0.9904	1.00333	-0.0461419	0.0238299	5.80454	8.67929	0.00059599
0.2557	0.9829	1.00324	-0.0258591	-0.00527418	5.8029	8.67659	0.00147877
0.2	0.9942	1.00326	-0.0462691	0.00153527	5.80425	8.67917	0.000621413
0.2555	0.9672	1.00327	-0.00851212	-0.0104226	5.80356	8.67705	0.000766382
0.2	0.9562	1.00335	-0.0231596	0.0129018	5.80478	8.67848	0.00104026
0.2499	0.8977	1.00234	-0.0821251	-0.00653538	5.80356	8.68839	0.00214209
0.1973	0.9401	1.00333	-0.0327108	0.0160277	5.80453	8.67858	0.00137741
0.1937	0.8865	1.00277	-0.0618888	0.000517053	5.80642	8.6875	0.00130292
0.2393	0.8577	1.00155	-0.140074	-0.0372931	5.80459	8.7039	0.000797577
0.2428	0.8482	1.00107	-0.156913	-0.0605913	5.79989	8.7047	0.000478509
0.1735	0.8602	1.00317	-0.0729962	-0.000542148	5.80926	8.68902	0.00123592
0.1641	0.8902	1.00338	-0.0517247	0.0132118	5.80793	8.68395	0.000866248
0.1244	0.8711	1.0037	-0.0469588	0.0193675	5.80989	8.68401	0.00151803
0.186	0.8142	1.0027	-0.110831	-0.0426634	5.81211	8.70174	0.00131701
0.1393	0.8456	1.00349	-0.0696922	0.00539013	5.81102	8.68861	0.000621066
0.209	0.7684	1.00238	-0.149651	-0.131377	5.8095	8.71336	0.00189481
0.2227	0.8365	1.00229	-0.133046	-0.0607984	5.80938	8.70487	0.00115936
0.2267	0.8223	1.00208	-0.159513	-0.0875503	5.80808	8.71063	0.00121624
0.2408	0.8329	1.00173	-0.171478	-0.0793953	5.80568	8.71133	0.000699393
0.3036	0.8506	1.00064	-0.21407	-0.0733085	5.79682	8.71524	0.0011949
0.2829	0.839	1.00121	-0.203235	-0.0894755	5.80026	8.71451	0.00135557
0.279	0.7902	1.00156	-0.210893	-0.124731	5.79981	8.71616	0.00213742
0.3069	0.8167	1.00113	-0.225603	-0.102865	5.79547	8.71415	0.00041125
0.3638	0.827	1.00046	-0.286282	-0.0890584	5.78927	8.72489	0.00177635
0.3813	0.7857	1.0023	-0.384218	-0.137706	5.77519	8.72617	0.000755326
0.3563	0.886	1.00014	-0.21466	-0.0398568	5.79562	8.71605	0.000989006
0.3827	0.9126	1.00064	-0.126943	-0.0236829	5.80039	8.70339	0.000280908
0.3403	0.8816	1.00059	-0.213329	-0.0448291	5.79937	8.71768	0.00101549
0.332	0.8826	1.00109	-0.202995	-0.0419568	5.80409	8.71817	0.000435088
0.3018	0.8752	1.00121	-0.189547	-0.0544287	5.8046	8.71587	0.00113414
0.2622	0.8794	1.00162	-0.141217	-0.0388666	5.80673	8.70676	0.00113394
0.2623	0.9587	1.00335	-0.0112619	-0.010816	5.80284	8.67531	0.00115682
0.2957	0.9204	1.00217	-0.065998	-0.0155159	5.8016	8.68587	0.00107005
0.2757	0.9314	1.00298	-0.0395428	-0.0032688	5.8024	8.67849	0.000559266
0.2813	0.9668	1.00304	-0.0187489	0.00343559	5.80182	8.67651	0.000276255
0.289	0.9754	1.00309	-0.0206665	0.00596525	5.80196	8.67633	0.00022232
0.2954	0.9786	1.00303	-0.0221447	0.00750415	5.80128	8.67587	0.000527777
0.3173	0.9847	1.00312	-0.0220448	0.00891662	5.8023	8.6767	0.00095811
0.3499	0.9911	1.00314	-0.0152456	-0.0337463	5.80136	8.67546	0.000835046
0.3847	0.9613	1.00228	-0.0198551	0.00515163	5.79939	8.67949	0.000406288
0.3069	0.9517	1.00321	-0.0249917	0.00194989	5.80143	8.67458	0.000735395
0.3397	0.9416	1.0027	-0.0419748	-0.0144901	5.80115	8.67925	0.00104778
0.3618	0.9438	1.00209	-0.0348014	-0.0290209	5.79952	8.68214	0.000818386
0.4029	0.9559	1.0018	-0.0317592	-0.0266513	5.79968	8.68476	0.000630238
0.4286	0.9441	1.00082	-0.0514082	-0.0374837	5.79718	8.69071	0.00124543
0.3865	0.9689	1.00276	-0.0192662	0.00462816	5.80302	8.68074	0.000108442
0.3929	0.9802	1.00305	0.00169161	-0.0158348	5.80309	8.67833	0.000111138
0.397	0.9862	1.0029	0.0121831	-0.0265515	5.80279	8.67947	0.000562093
0.41	0.9954	1.00302	0.0256826	-0.0251677	5.80178	8.67715	0.00189238
0.4857	0.9744	1.00242	0.0354558	-0.0367671	5.80211	8.68342	0.00025541
0.4653	0.9933	1.00264	0.0479705	-0.0537009	5.8024	8.6833	0.00111502
0.4946	0.9719	1.00218	0.0363286	-0.0558124	5.80409	8.68938	0.00110613
0.4813	0.9683	1.00119	0.0160311	-0.0258106	5.80203	8.69317	0.000685291
0.4949	0.9355	1.00136	-0.0954692	-0.0335689	5.8004	8.6939	0.000740901
0.4693	0.9334	1.00095	-0.0975279	-0.02698	5.79749	8.69314	0.000671753
0.4674	0.8978	1.00044	-0.209728	-0.0384167	5.79332	8.70885	0.00105141
0.4695	0.901	1.00088	-0.200955	-0.0378994	5.79763	8.70971	0.000403888
0.4492	0.8548	1.00022	-0.320569	-0.0373129	5.79066	8.73614	0.00236758
0.3931	0.9017	0.999911	-0.192236	-0.0458799	5.79355	8.71063	0.00166966
0.392	0.9224	1.0006	-0.0967463	-0.0149688	5.79801	8.6966	0.000738533
0.3879	0.862	1.00076	-0.272913	-0.0518542	5.79705	8.72757	0.000473637
0.4057	0.8481	1.00106	-0.305093	-0.0680424	5.79708	8.7353	0.00110102
0.3958	0.8017	1.00142	-0.34979	-0.111652	5.78101	8.72665	0.000957496
0.4123	0.8437	1.00106	-0.312778	-0.0644059	5.79332	8.73181	0.000852225
0.4316	0.7914	1.00258	-0.415672	-0.097439	5.77004	8.72394	0.00075745
0.479	0.8263	1.00098	-0.384722	-0.0338806	5.78205	8.73913	0.00119332
0.45	0.8046	1.00169	-0.394495	-0.070385	5.77736	8.73168	0.000939697
0.4794	0.7697	1.00474	-0.415531	-0.0333067	5.75712	8.68184	0.000613693
0.4641	0.7721	1.00446	-0.423293	-0.052355	5.75321	8.68244	0.00161164
0.4826	0.6997	1.01208	-0.382187	-0.0243232	5.71429	8.5425	0.00139303
0.4586	0.6965	1.01295	-0.37105	-0.0822111	5.72114	8.5442	0.00153328
0.4916	0.6552	1.01891	-0.308092	-0.00580879	5.68328	8.41418	0.000366695
0.4797	0.6748	1.01575	-0.350175	-0.0346819	5.69259	8.46837	0.000980003
0.4428	0.6797	1.01405	-0.337742	-0.125778	5.70124	8.49827	0.00100125
0.3743	0.6491	1.01104	-0.268078	-0.236937	5.70781	8.53222	0.00213521
0.3291	0.7375	1.00594	-0.340155	-0.207442	5.77391	8.68912	0.00271594
0.4163	0.7466	1.00458	-0.390375	-0.136459	5.74962	8.67058	0.000979668
0.3622	0.7828	1.0031	-0.360303	-0.164123	5.77897	8.72003	0.00125745
0.4567	0.7856	1.00338	-0.410395	-0.0609804	5.76937	8.711	0.000728661
0.2777	0.6915	1.00524	-0.244325	-0.265927	5.7758	8.68375	9.08882e-05
0.3162	0.6942	1.00744	-0.274508	-0.255324	5.75942	8.64558	0.00162194
0.2924	0.7637	1.00303	-0.27779	-0.174491	5.7964	8.72214	0.000849471
0.2726	0.7583	1.00302	-0.25848	-0.175553	5.8004	8.72322	0.000711088
0.2647	0.697	1.00547	-0.227374	-0.257137	5.79094	8.69809	0.00030546
0.2587	0.7279	1.00431	-0.230648	-0.212252	5.79958	8.7112	0.0008479
0.2733	0.6799	1.00675	-0.210108	-0.282438	5.78602	8.68279	0.000483508
0.2604	0.6851	1.00429	-0.206995	-0.2892	5.78538	8.70425	0.0010288
0.2805	0.6882	1.00613	-0.234404	-0.263137	5.77608	8.67345	0.000269545
0.2924	0.6628	1.00811	-0.222848	-0.288936	5.76545	8.64518	0.000531905
0.3109	0.6539	1.01016	-0.229212	-0.285955	5.75107	8.60696	0.000412272
0.3281	0.662	1.00982	-0.251011	-0.270647	5.73854	8.59219	0.00141443
0.3133	0.6343	1.00966	-0.212856	-0.300431	5.73367	8.58601	0.00186581
0.3485	0.5948	1.01246	-0.179186	-0.296114	5.70212	8.50784	0.00112902
0.3679	0.6141	1.01289	-0.222444	-0.264717	5.69904	8.49957	0.00171183
0.2781	0.6439	1.00842	-0.194981	-0.313977	5.76507	8.64374	0.000714635
0.2573	0.6328	1.00528	-0.160198	-0.347519	5.76769	8.67927	0.00035963
0.2557	0.6088	1.00683	-0.102818	-0.362548	5.76535	8.66035	0.00147739
0.319	0.5425	1.01158	-0.0383209	-0.372323	5.70943	8.53614	0.00020488
0.3008	0.5767	1.00993	-0.0994262	-0.377464	5.72432	8.57826	0.0031307
0.3275	0.5407	1.01296	-0.0200053	-0.356436	5.69278	8.49366	0.00136218
0.3596	0.5815	1.01394	-0.155767	-0.290599	5.68733	8.46803	0.00071213
0.394	0.5667	1.02027	-0.138446	-0.250712	5.66507	8.36982	0.000986775
0.397	0.5352	1.0237	-0.0717328	-0.270814	5.65238	8.32154	0.000706973
0.4264	0.5735	1.02478	-0.150731	-0.176004	5.64608	8.29116	0.000227248
0.434	0.5422	1.02692	-0.1188	-0.169569	5.63444	8.25153	0.00111102
0.4158	0.5725	1.02471	-0.150281	-0.184584	5.65397	8.30474	0.000423961
0.4292	0.5791	1.02387	-0.185107	-0.160575	5.65009	8.30756	0.000179853
0.4116	0.582	1.02094	-0.188227	-0.204712	5.66501	8.36189	0.00032613
0.4187	0.5861	1.02131	-0.202347	-0.187913	5.66323	8.35569	0.00152247
0.4569	0.6128	1.02279	-0.222618	-0.0986741	5.66151	8.33272	0.000762854
0.4562	0.6424	1.01733	-0.280072	-0.122643	5.68023	8.42194	0.00223392
0.4443	0.5763	1.02488	-0.183821	-0.129069	5.64537	8.28771	0.000277947
0.4471	0.5729	1.02605	-0.155041	-0.121335	5.63945	8.26382	0.00060159
0.4801	0.5676	1.02624	-0.162464	-0.0552952	5.63222	8.24706	0.000328412
0.4899	0.5551	1.02696	-0.160067	-0.0357906	5.62645	8.23158	0.000276403
0.5011	0.5634	1.02623	-0.165269	-0.00123714	5.6317	8.24532	0.00058084
0.519	0.514	1.02711	-0.0645097	0.10467	5.60837	8.19808	0.000354913
0.5147	0.5223	1.02766	-0.0972877	0.0634229	5.61102	8.19673	0.000220733
0.5164	0.6023	1.02323	-0.220065	0.0357586	5.64803	8.30458	0.000463065
0.5062	0.6125	1.02315	-0.228475	0.0147164	5.65625	8.31864	0.000903997
0.5115	0.6141	1.02153	-0.23091	0.0316859	5.65201	8.32651	0.000249542
0.6142	0.6066	1.01792	-0.182782	0.258588	5.68932	8.43386	0.00106163
0.58	0.6067	1.01984	-0.212456	0.179594	5.6729	8.3825	0.00115911
0.5579	0.5884	1.0227	-0.195451	0.154688	5.65749	8.32896	0.00087928
0.6289	0.5844	1.01736	-0.143705	0.292796	5.68872	8.44068	0.001676
0.5644	0.559	1.02305	-0.139806	0.175506	5.64228	8.29791	0.00105063
0.5211	0.5368	1.02687	-0.126866	0.081681	5.6178	8.21758	0.00109103
0.698	0.5393	1.0083	-0.0603146	0.409418	5.72395	8.60086	0.00095524
0.6837	0.5562	1.00882	-0.0870474	0.38724	5.71229	8.57227	0.000323046
0.6794	0.5568	1.00947	-0.0898823	0.383757	5.70983	8.56204	0.000101
0.7398	0.583	1.00411	-0.0784771	0.383819	5.76008	8.68149	0.00106436
0.7433	0.549	1.00453	-0.0419009	0.40491	5.75522	8.67678	0.00104171
0.7107	0.6092	1.0074	-0.120797	0.374992	5.7506	8.64012	0.0004831
0.7242	0.6158	1.005	-0.109899	0.363751	5.75805	8.66633	0.000428968
0.6951	0.5873	1.00907	-0.103171	0.377994	5.73619	8.60375	0.000154222
0.6931	0.6087	1.00937	-0.136751	0.355722	5.74027	8.60308	0.000307752
0.641	0.626	1.0129	-0.20477	0.300457	5.71271	8.52601	0.000539016
0.6317	0.6312	1.01347	-0.215603	0.284931	5.71033	8.51551	0.000492916
0.6496	0.644	1.01212	-0.223878	0.3035	5.73082	8.56442	0.000698056
0.6368	0.6631	1.01268	-0.259483	0.273627	5.73218	8.5617	0.000590654
0.6582	0.6621	1.0084	-0.227623	0.280483	5.73912	8.6022	0.00023536
0.6652	0.6571	1.00901	-0.210971	0.289799	5.74928	8.61117	0.0010614
0.7418	0.6353	1.00451	-0.103569	0.341711	5.77216	8.68314	0.000265262
0.7084	0.6327	1.00659	-0.152794	0.326972	5.75696	8.64404	0.00123285
0.7205	0.7127	1.00609	-0.196957	0.259018	5.79019	8.68569	0.000522578
0.7217	0.6836	1.0054	-0.18811	0.28878	5.77603	8.67695	0.00145307
0.6996	0.7281	1.00653	-0.224336	0.23379	5.79313	8.68585	0.00164824
0.6704	0.6911	1.00755	-0.237882	0.259301	5.7649	8.64451	0.00149749
0.6649	0.6814	1.0084	-0.234134	0.266006	5.75653	8.62566	0.0006563
0.6431	0.7462	1.00677	-0.309701	0.16894	5.77659	8.66882	0.00077307
0.6312	0.7386	1.00642	-0.320877	0.171302	5.76993	8.6658	0.000583605
0.5821	0.7457	1.00677	-0.373816	0.111478	5.75863	8.65591	0.00120083
0.6229	0.7373	1.00659	-0.329628	0.16123	5.76635	8.66024	0.000504425
0.6249	0.699	1.00979	-0.312902	0.202491	5.74525	8.6038	0.00144252
0.6339	0.6704	1.01135	-0.25897	0.26222	5.73706	8.57689	0.000464905
0.5994	0.6354	1.01684	-0.24428	0.197276	5.69729	8.45366	0.00153997
0.51	0.6508	1.01927	-0.3045	0.0275975	5.68429	8.41201	0.000671058
0.5343	0.6335	1.0196	-0.265799	0.109423	5.6733	8.38763	0.00192201
0.571	0.6732	1.0157	-0.301965	0.143325	5.71164	8.49086	0.0015625
0.5325	0.6784	1.01557	-0.342049	0.071123	5.70611	8.48892	0.00182026
0.5374	0.7458	1.00678	-0.407438	0.0545368	5.74677	8.64655	0.000237792
0.5511	0.7035	1.01246	-0.362788	0.0922994	5.72594	8.55327	0.00170705
0.5155	0.7793	1.00403	-0.408402	0.0100876	5.76228	8.69219	0.000663815
0.5018	0.747	1.00802	-0.411602	-0.00127693	5.74514	8.63383	0.00099099
0.5236	0.756	1.00605	-0.410228	0.0304662	5.75163	8.66017	0.000534148
0.5238	0.7971	1.00258	-0.398562	0.00932545	5.76999	8.71217	0.00022237
0.5825	0.7542	1.00673	-0.36842	0.103367	5.76642	8.66503	0.000215126
0.5487	0.7472	1.00658	-0.400689	0.0588344	5.75068	8.6516	0.00107075
0.5797	0.872	1.00189	-0.263316	0.0187512	5.81075	8.73451	0.000565983
0.5994	0.8004	1.00375	-0.327067	0.0708822	5.79157	8.71085	0.00207121
0.574	0.8411	1.00202	-0.30231	0.0256879	5.7986	8.72643	0.0011255
0.5292	0.8147	1.00233	-0.367917	0.00588619	5.78375	8.7232	0.000575843
0.5217	0.8518	1.00065	-0.322393	-0.0287419	5.79426	8.73812	0.00219457
0.5011	0.8042	1.00217	-0.404138	-0.0123949	5.77246	8.72165	0.000945579
0.534	0.8925	1.00182	-0.221286	-0.0302457	5.80564	8.71762	0.000681598
0.5528	0.8839	1.00162	-0.242462	-0.0136857	5.80407	8.72148	0.000352725
0.5661	0.909	1.00344	-0.126034	-0.024875	5.8107	8.69443	0.00157926
0.5081	0.9114	1.00129	-0.174329	-0.03117	5.79935	8.7035	0.000943976
0.5169	0.917	1.00215	-0.128784	-0.0591172	5.80162	8.69382	0.000967311
0.5417	0.9664	1.0029	0.00474589	-0.0624557	5.80907	8.69038	0.00174297
0.5928	0.9529	1.00419	0.000820194	-0.05237	5.8154	8.68811	0.00149378
0.6104	0.9875	1.00457	0.01894	-0.0301776	5.81707	8.68652	0.00279109
0.5939	0.9811	1.004	0.019513	-0.0476429	5.81434	8.6881	0.000797673
0.5975	0.9188	1.00414	-0.0758435	-0.0249285	5.81398	8.68817	0.000600379
0.6091	0.898	1.00358	-0.128518	-0.0109053	5.81616	8.70142	0.000497256
0.5921	0.882	1.00244	-0.208655	0.0109161	5.81117	8.71734	0.000392057
0.6272	0.9122	1.00421	-0.07071	-0.0273183	5.81733	8.69228	0.000371059
0.618	0.8743	1.00296	-0.218699	0.00569356	5.81768	8.7247	0.000423963
0.6421	0.8972	1.00366	-0.108635	-0.021281	5.81794	8.70125	0.00143871
0.6437	0.9228	1.00458	-0.0396987	-0.0229777	5.82086	8.69257	0.000532982
0.6267	0.9294	1.00466	-0.027944	-0.0373699	5.81834	8.6881	0.00116052
0.662	0.9409	1.00481	-0.0222863	-0.00318272	5.82065	8.68944	0.000205138
0.7445	0.9756	1.00436	0.0189653	0.0349667	5.81712	8.68858	0.00089472
0.6908	0.9853	1.00474	0.0170266	0.00426731	5.81862	8.6869	0.0011853
0.6855	0.9747	1.00477	0.0101315	0.0021082	5.81926	8.68746	0.000509315
0.7057	0.9708	1.00451	0.0126453	0.0196863	5.81864	8.689	0.00116582
0.6629	0.9569	1.00475	-0.0187081	-0.00468873	5.81872	8.68698	0.000869825
0.6682	0.939	1.00459	-0.0207446	0.00796161	5.82013	8.69056	0.000394118
0.6873	0.8458	1.00327	-0.168688	0.0676539	5.81755	8.71444	0.00334085
0.7005	0.8014	1.00421	-0.228072	0.143778	5.81158	8.71714	0.00104019
0.7308	0.8094	1.00311	-0.1532	0.106721	5.81298	8.7099	0.0010386
0.659	0.8341	1.00326	-0.24069	0.0885458	5.8105	8.72031	0.00129665
0.634	0.8149	1.00368	-0.281837	0.0933536	5.80314	8.71689	0.00153804
0.6226	0.8586	1.00199	-0.247634	0.0417335	5.80827	8.72663	0.00090169
0.7057	0.7836	1.00586	-0.233279	0.175443	5.81381	8.71247	0.000248288
0.7034	0.7764	1.00505	-0.24303	0.183002	5.80304	8.70715	0.000340948
0.7135	0.7708	1.00543	-0.232022	0.19081	5.80695	8.70854	0.000748535
0.7199	0.7981	1.00347	-0.192072	0.134972	5.80721	8.70828	0.000274188
0.7369	0.7917	1.00379	-0.160517	0.147057	5.81247	8.70951	0.000703743
0.7339	0.7464	1.00555	-0.195756	0.221938	5.80699	8.70618	0.000582088
0.7764	0.8228	1.00347	-0.0909379	0.129002	5.81741	8.70837	0.000295603
0.7505	0.8139	1.00342	-0.122613	0.133855	5.81517	8.70952	0.000492597
0.8	0.832	1.00363	-0.0713074	0.0898484	5.81677	8.70016	0.00037423
0.8031	0.8117	1.003	-0.0935805	0.0955724	5.814	8.70385	0.00147974
0.8468	0.8156	1.00388	-0.0464541	0.0765314	5.81368	8.6908	0.00126653
0.8421	0.8159	1.00384	-0.047791	0.0826763	5.81304	8.69074	0.000780428
0.8179	0.8377	1.00437	-0.0532876	0.0581399	5.81892	8.69352	0.000581665
0.8542	0.8464	1.00426	0.00515747	0.0434323	5.81413	8.68517	0.00125074
0.8107	0.8498	1.00423	-0.0459743	0.0559511	5.81614	8.69012	0.00031951
0.7811	0.85	1.00371	-0.0861014	0.0874307	5.8171	8.70089	0.000285518
0.7647	0.8538	1.00363	-0.116395	0.091709	5.8185	8.70716	0.00151225
0.7793	0.8335	1.00365	-0.0966593	0.115467	5.8187	8.70764	0.000328275
0.7556	0.8902	1.00427	-0.0567057	0.0667874	5.81902	8.69525	0.00251965
0.7883	0.8616	1.00422	-0.0770157	0.0628578	5.81648	8.69296	0.00039021
0.7685	0.9086	1.00465	-0.0213813	0.0320636	5.81848	8.68807	0.000198767
0.7686	0.9125	1.00446	-0.0167337	0.0275903	5.81668	8.68677	0.00106286
0.7621	0.9567	1.00435	0.0144246	0.0350852	5.8159	8.68679	0.00133439
0.7721	0.9904	1.00436	0.0249901	0.0351764	5.81595	8.68696	0.000543984
0.8206	0.9301	1.00441	-0.00943327	0.00195286	5.81477	8.68388	0.00260807
0.8433	0.9663	1.00423	-0.00185979	0.00543599	5.81318	8.68308	0.00243984
0.8004	0.9833	1.00432	0.0180714	0.0228212	5.81437	8.68449	0.00169144
0.8036	0.8808	1.00453	-0.0226002	0.0131065	5.81645	8.6857	0.00137644
0.8585	0.8775	1.00436	-0.00351424	0.0340026	5.81461	8.6846	0.00138505
0.8209	0.8581	1.00439	-0.013579	0.0291113	5.81762	8.68877	0.00063142
0.8657	0.9097	1.00425	0.000161039	0.0286996	5.81343	8.68363	0.00133099
0.9485	0.9006	1.00403	-0.00832825	0.012728	5.81151	8.68234	0.00050856
0.8819	0.9336	1.00417	0.00530266	0.0267721	5.81262	8.68312	0.00154409
0.9262	0.9683	1.00399	-0.00443539	0.0314236	5.81105	8.68245	0.00145838
0.9207	0.9759	1.00398	-0.00767089	0.0296666	5.811	8.68237	0.000918041
0.8872	0.9908	1.00402	-0.00798444	0.0313199	5.81133	8.68261	0.00125143
0.9883	0.9764	1.00382	-0.0191938	0.0270361	5.80937	8.68148	0.000584081
0.9807	0.981	1.00371	-0.0202697	0.0262661	5.8084	8.68095	0.000811576
0.9633	0.9685	1.00385	-0.0137209	0.0242444	5.8097	8.68149	0.000661663
0.9613	0.9391	1.00396	-0.0132267	0.017261	5.81084	8.6821	0.00129145
0.9805	0.925	1.00393	-0.0165656	0.0164925	5.81047	8.68185	0.00096386
0.961	0.8969	1.00401	-0.0105418	0.00823571	5.81133	8.68224	0.000980916
0.9444	0.8626	1.00416	-0.00635649	0.00725671	5.81269	8.68295	0.000394205
0.954	0.8721	1.0041	-0.00947862	0.00669462	5.81225	8.6828	0.000266257
0.9355	0.8804	1.00412	-0.0064726	0.0115919	5.81223	8.6827	0.000175633
0.932	0.8736	1.00409	-0.0054646	0.0107747	5.81201	8.68255	9.23615e-05
0.9296	0.8825	1.00411	-0.00541164	0.0126215	5.81223	8.68272	0.000202875
0.9168	0.8681	1.00418	-0.00325453	0.0122222	5.81287	8.68308	0.000653605
0.8987	0.7888	1.00431	-0.0311542	0.0272832	5.81581	8.68715	0.00264544
0.8944	0.8202	1.00421	-0.00207992	0.00700405	5.81322	8.68327	0.00122992
0.9036	0.7955	1.00435	-0.0165967	0.0111371	5.81443	8.68408	0.000567619
0.9179	0.8418	1.00418	-0.00755042	0.0104399	5.81293	8.68317	0.000614198
0.9426	0.8067	1.00419	-0.0131603	-0.00489326	5.81299	8.68318	0.00194879
0.9631	0.8593	1.0041	-0.0122779	-0.00207742	5.8122	8.68275	0.00216278
0.9299	0.7343	1.00439	0.0168374	0.00586648	5.81306	8.68164	0.00243191
0.9618	0.7643	1.00419	-0.00757708	-0.00997293	5.81314	8.68342	0.00121218
0.9917	0.6996	1.00419	0.0159819	-0.0376656	5.81219	8.68279	0.00306272
0.9772	0.6725	1.00417	0.00914014	-0.0204081	5.81079	8.68025	0.00046464
0.9708	0.6715	1.00386	0.00821047	-0.0198752	5.80764	8.67822	0.000848184
0.9851	0.6364	1.00338	0.0218823	-0.0188529	5.80813	8.68325	0.00101402
0.8285	0.6429	1.00262	-0.0438486	0.276733	5.79942	8.71563	0.00111873
0.8996	0.6367	1.00192	0.00107892	0.116052	5.80829	8.70247	0.000836225
0.9015	0.6506	1.00156	-0.0238026	0.108905	5.80783	8.70439	0.00118906
0.8432	0.6534	1.00231	-0.0287723	0.224052	5.80515	8.71314	0.00102244
0.8484	0.7131	1.00304	-0.0561625	0.159526	5.81336	8.70789	0.00177705
0.885	0.7255	1.00327	-0.0135411	0.101954	5.8164	8.70145	0.0019747
0.7713	0.7372	1.00536	-0.159177	0.212849	5.81359	8.7092	0.000590749
0.8094	0.7539	1.00324	-0.0983226	0.155917	5.81505	8.71138	0.00345511
0.7603	0.7661	1.00433	-0.152872	0.181124	5.81575	8.71407	0.00117026
0.7589	0.7654	1.00458	-0.155928	0.183964	5.81735	8.71529	5.68e-05
0.7543	0.7581	1.00509	-0.175517	0.203968	5.81171	8.70963	0.000465536
0.7525	0.749	1.00494	-0.179997	0.213107	5.80688	8.70637	0.000292143
0.7467	0.6601	1.00486	-0.148729	0.305183	5.78741	8.69675	0.00181168
0.7458	0.6356	1.00398	-0.0994775	0.338285	5.77433	8.68936	0.000778671
0.777	0.7284	1.00491	-0.139232	0.226213	5.80884	8.70594	0.00225855
0.7868	0.6503	1.00417	-0.0808977	0.30711	5.79699	8.70978	0.000753997
0.793	0.6626	1.00367	-0.103035	0.286627	5.79521	8.7074	0.0001072
0.8023	0.6761	1.00395	-0.0947783	0.25298	5.80436	8.7088	0.000774913
0.878	0.6071	1.00153	-0.010145	0.176112	5.80429	8.70872	0.000915895
0.8878	0.5812	1.00069	0.00134252	0.172011	5.79868	8.70685	0.00134714
0.8412	0.6127	1.00165	-0.0315228	0.25444	5.79817	8.71578	0.0013553
0.8097	0.5771	1.00112	-0.00914764	0.338842	5.78399	8.72375	0.000791198
0.7665	0.5511	1.00136	-0.02118	0.393221	5.76513	8.71344	0.000475398
0.7753	0.6248	1.00323	-0.0698192	0.33304	5.78592	8.70886	0.00157557
0.7797	0.522	1.00193	0.009161	0.411099	5.7866	8.74776	0.00021116
0.7645	0.5472	1.00268	-0.0222861	0.40895	5.76762	8.71221	0.000110975
0.7625	0.5385	1.00242	-0.00648128	0.413964	5.76387	8.7106	0.000605566
0.8382	0.5421	0.999981	0.0211259	0.290968	5.78555	8.72104	0.00120086
0.849	0.5499	1.00034	0.0207866	0.265093	5.79056	8.71825	0.000445314
0.8705	0.5404	0.999741	0.019481	0.215238	5.78885	8.70889	0.0012105
0.9492	0.5609	1.00159	0.0332233	0.0370376	5.80215	8.69066	0.00185781
0.9128	0.5139	1.0002	0.0275097	0.119339	5.79358	8.6961	0.000375612
0.9174	0.5344	1.00074	0.0297987	0.0981372	5.79816	8.69603	0.000842753
0.9172	0.5736	1.00104	0.0109951	0.0884738	5.79963	8.69434	0.00122705
0.8933	0.5894	1.00148	0.000609384	0.155164	5.80504	8.70675	0.000647258
0.9211	0.6342	1.00214	0.0106724	0.0429731	5.80648	8.69214	0.00211202
0.9969	0.571	1.00226	0.0533394	-0.00785484	5.80391	8.68769	0.00197655
0.9955	0.6147	1.00266	0.0373862	-0.0269448	5.80607	8.68706	0.00149402
0.9939	0.6202	1.00288	0.0306116	-0.0258485	5.80725	8.68668	0.00030893
0.9716	0.5361	1.00152	0.0650029	0.0320784	5.79991	8.6893	0.000542091
0.9759	0.5358	1.00176	0.0620304	0.0208952	5.80122	8.68868	0.000245877
0.9528	0.5189	1.00101	0.0641952	0.0680177	5.79669	8.6906	0.000809511
0.9901	0.4511	1.00145	0.0152193	0.0233099	5.78818	8.67012	0.000859815
0.9932	0.506	1.00141	0.0701984	0.0175167	5.795	8.68292	0.00081314
0.969	0.4447	1.00087	0.00699063	0.0499567	5.78543	8.67189	0.00264776
0.9631	0.4673	1.00078	0.0417703	0.0680645	5.78825	8.67878	0.00134237
0.9561	0.4919	1.0009	0.0452188	0.0609465	5.79263	8.68403	0.000457668
0.9503	0.4887	1.00027	0.0396647	0.0863713	5.78777	8.68379	0.00108424
0.8858	0.4395	0.999372	0.0419896	0.177494	5.78353	8.69738	0.0030832
0.8789	0.414	0.999612	0.0379771	0.178736	5.78193	8.69296	0.00127368
0.9095	0.3899	1.00003	0.0168069	0.116176	5.78138	8.67872	0.00149988
0.9157	0.3729	1.00066	0.00927387	0.0988084	5.78308	8.67379	0.000115617
0.9932	0.3382	1.00151	-0.0206536	0.0536618	5.78749	8.66983	0.000532387
0.9221	0.366	1.00109	0.00344398	0.0854509	5.78512	8.67192	0.00263238
0.9614	0.3168	1.00169	-0.0274099	0.0497022	5.78937	8.67099	0.00161411
0.9676	0.3368	1.00142	-0.0435029	0.0395114	5.78639	8.66901	0.00159847
0.9343	0.3037	1.00161	-0.0361408	0.0652023	5.78837	8.67141	0.000476174
0.9134	0.2833	1.00201	-0.0383374	0.0711247	5.79218	8.67414	0.000769723
0.9365	0.2747	1.00196	-0.0380751	0.0694135	5.79136	8.67321	0.000515938
0.9342	0.2639	1.00218	-0.0337202	0.068729	5.79369	8.67453	0.000632901
0.8898	0.2715	1.00221	-0.0284225	0.0776211	5.79435	8.67574	0.000643935
0.8571	0.2661	1.00233	-0.0160679	0.114802	5.79863	8.68442	0.00360825
0.8644	0.2802	1.00203	-0.0191743	0.111483	5.79512	8.68144	0.000255172
0.8762	0.2972	1.00196	-0.0274119	0.103994	5.7926	8.67768	0.000381755
0.8814	0.3367	1.00081	-0.00266265	0.130925	5.78353	8.67681	0.000321593
0.9134	0.3181	1.00143	-0.0395011	0.0706258	5.78745	8.67205	0.00149367
0.8341	0.3446	0.99983	0.0401816	0.240558	5.78336	8.70626	0.000330968
0.8522	0.3465	0.999966	0.0318882	0.196756	5.78374	8.69578	0.0013583
0.8346	0.4107	0.999137	0.0569823	0.268536	5.77951	8.71443	0.000455793
0.8499	0.337	1.00072	0.018481	0.196877	5.78859	8.69621	0.00058195
0.827	0.3368	0.99995	0.042777	0.243867	5.78451	8.70785	0.000229825
0.8282	0.3258	1.00065	0.0343083	0.226188	5.79095	8.70696	0.000292133
0.8089	0.361	0.999132	0.0688283	0.281683	5.77844	8.71724	0.00071504
0.7697	0.3316	0.999481	0.102183	0.295285	5.78048	8.72404	0.00156558
0.777	0.3518	0.999014	0.0909915	0.313214	5.77646	8.72643	0.00105392
0.8157	0.3681	0.998999	0.0630317	0.281792	5.77748	8.71659	0.00029309
0.7763	0.3926	0.999144	0.0981715	0.341293	5.77457	8.73234	0.000867585
0.7934	0.4169	0.998898	0.0627985	0.347701	5.7738	8.73267	0.000445485
0.7814	0.4713	0.999089	0.0575029	0.419101	5.76615	8.74658	0.00227261
0.7719	0.428	0.998404	0.09849	0.418716	5.76185	8.7491	0.00285431
0.8012	0.4209	0.999037	0.0601972	0.333865	5.77645	8.73057	0.000634167
0.8098	0.4425	0.998612	0.0629115	0.334243	5.77325	8.72975	0.000951375
0.8315	0.437	0.998789	0.0465805	0.274303	5.77669	8.71425	0.000729833
0.8338	0.4566	0.99879	0.0515706	0.274685	5.77734	8.71557	0.0007178
0.8131	0.5002	0.999141	0.0376743	0.33853	5.77666	8.73045	3.75667e-05
0.827	0.4984	0.999445	0.0364224	0.307191	5.78193	8.72555	0.000440663
0.844	0.4729	0.998903	0.0388741	0.263115	5.77954	8.7142	0.000979172
0.813	0.4904	0.998861	0.0430413	0.337455	5.77433	8.72924	0.000924336
0.8109	0.5053	0.999176	0.0363481	0.343628	5.7741	8.72799	0.000684829
0.7818	0.5105	1.00013	0.0225029	0.415394	5.77147	8.74262	0.00146322
0.7096	0.3934	1.00288	0.159498	0.397851	5.74461	8.68403	0.00173082
0.6948	0.4794	1.0078	0.0564042	0.416594	5.72654	8.61171	0.00198728
0.671	0.4018	1.00705	0.166738	0.373192	5.72398	8.60937	0.000592363
0.709	0.3858	1.00242	0.157422	0.392346	5.74261	8.68248	0.00100062
0.6788	0.372	1.00402	0.191651	0.367375	5.73453	8.65317	0.00105104
0.6527	0.3566	1.00843	0.21719	0.332711	5.72793	8.59901	0.000924007
0.6124	0.3895	1.01381	0.231481	0.279094	5.69555	8.49269	0.00235357
0.5788	0.3584	1.01319	0.279329	0.189735	5.69503	8.48834	0.000959259
0.6463	0.4098	1.01162	0.178173	0.37256	5.70518	8.5447	0.0018691
0.599	0.4583	1.02246	0.0603446	0.266963	5.6477	8.32293	0.00160395
0.6081	0.4603	1.01913	0.0590363	0.277834	5.65496	8.36355	0.000602115
0.6487	0.4802	1.013	0.0423001	0.382598	5.68714	8.49529	0.00207496
0.5236	0.5015	1.02763	-0.014366	0.138507	5.61321	8.20312	0.00268167
0.5306	0.4683	1.02777	0.0747013	0.130005	5.6104	8.19948	0.00139913
0.5199	0.4552	1.02909	0.133096	0.0780529	5.60901	8.18761	0.000423142
0.5198	0.4324	1.0265	0.210063	0.058629	5.62885	8.24908	0.000395777
0.51	0.4346	1.02626	0.206576	0.0330169	5.61386	8.22719	0.00026224
0.5057	0.5115	1.03582	-0.0702955	0.0296261	5.6076	8.12342	0.0010069
0.5153	0.3943	1.02067	0.245225	0.0273241	5.65129	8.33567	0.000468311
0.5139	0.3694	1.01866	0.278648	0.0208663	5.67278	8.39233	0.000888728
0.536	0.4088	1.02241	0.221201	0.0855802	5.64583	8.31122	0.000603872
0.5382	0.4292	1.02552	0.199085	0.112324	5.6332	8.26562	0.000474618
0.5457	0.3832	1.01939	0.256343	0.105706	5.66491	8.37414	0.00100401
0.564	0.4278	1.0234	0.178529	0.177178	5.6473	8.3089	0.00145444
0.6234	0.3332	1.01033	0.262229	0.254532	5.73156	8.5762	0.0017861
0.635	0.3236	1.00921	0.258461	0.2713	5.74491	8.60895	0.000432588
0.5578	0.3529	1.0145	0.293166	0.145211	5.69099	8.46802	0.00048987
0.552	0.332	1.01341	0.30106	0.121434	5.70937	8.50346	0.00219006
0.4985	0.2957	1.01245	0.343798	-0.0150969	5.72141	8.53582	0.000637412
0.5266	0.3428	1.01538	0.301908	0.0437671	5.69607	8.46123	0.00139218
0.5334	0.2698	1.00991	0.340325	0.0371849	5.74429	8.59049	0.00038943
0.5213	0.2854	1.01239	0.342186	0.0191173	5.72888	8.54688	0.00058364
0.4977	0.2685	1.01012	0.345886	-0.0281299	5.74262	8.58784	0.000750513
0.5339	0.288	1.01216	0.337897	0.0532204	5.72982	8.54996	0.00104648
0.5879	0.2634	1.00893	0.311946	0.14256	5.75742	8.61847	0.00129365
0.6107	0.2741	1.00761	0.289269	0.201521	5.75632	8.63143	0.0021378
0.6651	0.3149	1.00539	0.229357	0.292185	5.76005	8.66272	0.000416618
0.6728	0.2806	1.00217	0.213939	0.261095	5.77267	8.69724	0.00139432
0.6505	0.3179	1.00725	0.24679	0.285956	5.75295	8.63867	0.00094325
0.6833	0.3198	1.00284	0.196156	0.32273	5.76234	8.69038	0.000751472
0.6708	0.3416	1.00395	0.209125	0.339145	5.74493	8.66287	0.00102713
0.6413	0.3526	1.00967	0.233507	0.309043	5.72956	8.58704	0.000634261
0.7361	0.3083	1.00058	0.130925	0.309817	5.78292	8.72593	0.00048998
0.7371	0.3418	1.00036	0.149638	0.349948	5.76968	8.72387	0.00217684
0.6906	0.2999	1.00148	0.196573	0.295274	5.77028	8.70555	0.000439661
0.7088	0.2919	1.001	0.16658	0.283871	5.7776	8.71192	0.000521848
0.7395	0.2833	1.00032	0.118777	0.281383	5.7857	8.72241	0.00129946
0.7227	0.2798	1.0008	0.140058	0.265959	5.78449	8.71496	0.00116498
0.695	0.203	1.00226	0.166381	0.154983	5.80487	8.71355	0.000391843
0.7278	0.2197	1.00194	0.130949	0.195136	5.80589	8.71957	0.00144994
0.7069	0.1745	1.00287	0.126004	0.116931	5.81021	8.70518	0.00122507
0.7134	0.1546	1.00356	0.105852	0.0921888	5.8152	8.70173	0.000138297
0.6969	0.1535	1.00328	0.124963	0.0961445	5.815	8.70641	0.00089439
0.7142	0.1492	1.00374	0.10206	0.0855965	5.81606	8.70043	0.000141767
0.6513	0.1631	1.00271	0.19244	0.106353	5.81022	8.71592	0.00124161
0.6366	0.1515	1.00281	0.190546	0.0928674	5.81047	8.71376	0.00141714
0.6784	0.2021	1.00261	0.184479	0.159591	5.8068	8.71726	0.00094022
0.6259	0.2063	1.00482	0.252143	0.142537	5.79749	8.69648	0.000477583
0.6532	0.2122	1.00399	0.223691	0.168811	5.79971	8.70423	0.000813269
0.6576	0.2337	1.00376	0.227365	0.190581	5.78962	8.69595	0.000598601
0.5436	0.246	1.00863	0.317104	0.0488986	5.76897	8.63087	0.000682
0.6189	0.2274	1.00473	0.259622	0.154939	5.78355	8.6802	0.000852866
0.5981	0.2475	1.005	0.284568	0.141288	5.77022	8.66276	0.000406243
0.5325	0.1983	1.0065	0.297622	0.00785398	5.78672	8.66837	0.00109285
0.5026	0.23	1.00855	0.327761	-0.0344085	5.77801	8.64782	0.00183666
0.5	0.2325	1.00973	0.330435	-0.0336562	5.77398	8.63271	3.22733e-05
0.5361	0.1528	1.00425	0.261267	0.0202118	5.79996	8.69742	0.000695493
0.5273	0.1776	1.00484	0.28595	-0.00699938	5.78703	8.67966	0.00155803
0.5193	0.15	1.00383	0.265005	-0.0190586	5.79296	8.69156	0.00109425
0.5523	0.169	1.00599	0.284348	0.0464907	5.8009	8.69104	0.00164017
0.5782	0.153	1.0038	0.240819	0.0557162	5.80682	8.70778	0.00137825
0.617	0.1956	1.00509	0.261176	0.117053	5.79999	8.69687	0.00197826
0.5916	0.1089	1.00291	0.187137	0.0385617	5.81221	8.71126	0.00132652
0.6029	0.1237	1.00277	0.19842	0.0501229	5.80951	8.71111	0.00102069
0.5735	0.1304	1.00295	0.217408	0.0418178	5.80628	8.70831	0.000822725
0.535	0.1131	1.0028	0.233588	-0.000272442	5.80575	8.71157	0.000882058
0.5185	0.0897	1.00267	0.227554	-0.0308233	5.80653	8.71293	0.000530405
0.5154	0.1173	1.003	0.241241	-0.0307821	5.80316	8.70823	0.000585605
0.5367	0.0212	1.00338	0.0818213	-0.040855	5.81004	8.6899	0.000404668
0.5354	0.0244	1.00301	0.0946927	-0.0388389	5.8086	8.692	0.000570582
0.5383	0.0019	1.00347	0.0605779	-0.0446881	5.80943	8.68683	0.00105566
0.5386	0.0492	1.0027	0.141454	-0.0369538	5.80935	8.70124	0.000852311
0.5677	0.014	1.00391	0.059213	-0.0517006	5.81311	8.68877	0.00041154
0.5849	0.0237	1.0041	0.0571872	-0.0336089	5.81454	8.68843	0.00143626
0.6554	0.0538	1.00412	0.0766003	-0.00554475	5.81891	8.69549	0.00168852
0.6607	0.0478	1.00431	0.0674949	-0.007903	5.81721	8.69072	0.00147114
0.6652	0.0756	1.00369	0.090109	0.0144239	5.81422	8.69346	0.00129743
0.6143	0.1011	1.0032	0.158561	0.028953	5.81475	8.70733	0.0013707
0.6649	0.1421	1.00316	0.145582	0.0817614	5.81432	8.70793	0.000802001
0.6522	0.1087	1.0032	0.12467	0.0458594	5.81309	8.70068	0.00174772
0.719	0.1095	1.00394	0.0609799	0.0522207	5.81359	8.68942	0.00247285
0.7084	0.1308	1.00377	0.0841513	0.0708125	5.81514	8.69599	0.000870371
0.6892	0.0551	1.00435	0.0582437	0.0010972	5.81552	8.68719	0.000949046
0.6856	0.0417	1.00477	0.0598346	-0.00222358	5.82031	8.69078	0.000131385
0.6949	0.0289	1.00456	0.0567295	-0.00150428	5.8173	8.68794	0.000845913
0.6952	0.0012	1.00473	0.0296142	0.00490573	5.81871	8.68743	0.000686747
0.7301	0.028	1.00442	0.041434	0.0377948	5.8161	8.6873	0.000747447
0.7289	0.0109	1.00448	0.0466755	0.0281734	5.81655	8.68737	0.000339572
0.7468	0.0071	1.00444	0.0390409	0.0374617	5.81694	8.68829	0.000619556
0.7739	0.0012	1.00428	0.0320148	0.0359867	5.81474	8.68611	0.00049594
0.869	0.0059	1.0041	-0.00522016	0.0238285	5.81219	8.68297	9.622e-05
0.866	0.0163	1.00408	-0.00235666	0.0273374	5.8119	8.68279	0.00073935
0.8569	0.0559	1.00386	0.00894568	0.0465167	5.81007	8.68268	0.00182516
0.8585	0.0392	1.00391	0.00467124	0.0366352	5.81023	8.68212	0.000752761
0.8506	0.0415	1.004	0.00868125	0.0397818	5.81145	8.68325	0.000255957
0.8205	0.0358	1.00411	0.0220896	0.0380706	5.81257	8.68416	0.00205446
0.771	0.0292	1.00427	0.0340315	0.043718	5.81439	8.68606	0.0014981
0.7796	0.0723	1.00403	0.041782	0.0531134	5.81191	8.68519	0.00298119
0.7605	0.1801	1.00288	0.0451039	0.121491	5.80555	8.69175	0.000302895
0.7732	0.1155	1.00379	0.0425456	0.0666992	5.81213	8.68843	0.00182781
0.7314	0.1476	1.00393	0.0808718	0.0732037	5.81493	8.69421	0.00111191
0.7669	0.2161	1.00217	0.0555777	0.167278	5.80111	8.69832	0.00163522
0.7494	0.2293	1.00145	0.103254	0.21424	5.80062	8.71662	0.000665406
0.7629	0.2349	1.00189	0.0855413	0.215232	5.80481	8.71757	0.00054782
0.8574	0.1491	1.00354	0.00871378	0.0716482	5.80654	8.68173	0.00102694
0.8701	0.1703	1.00305	-0.00571817	0.0742202	5.80275	8.68041	0.000339026
0.8189	0.1559	1.00322	0.00503698	0.0784464	5.80542	8.68326	0.00112881
0.8025	0.1388	1.00347	0.0166134	0.0789118	5.80873	8.68617	0.00099866
0.8138	0.1225	1.00361	0.0257189	0.0760917	5.80836	8.68443	0.00233328
0.8699	0.1043	1.00357	0.00993705	0.0545661	5.80709	8.68117	0.00228266
0.8946	0.229	1.0027	-0.0304796	0.0696613	5.79904	8.67803	0.00099137
0.9292	0.1972	1.00269	-0.0141768	0.0689999	5.79838	8.67675	0.000577237
0.8989	0.1867	1.00292	-0.014673	0.0755206	5.80102	8.67917	0.000932736
0.9154	0.2386	1.00244	-0.0319542	0.0666191	5.7962	8.67582	0.000800643
0.8776	0.2404	1.00251	-0.0271517	0.0780114	5.79846	8.67936	0.000737148
0.8954	0.2528	1.00241	-0.0290223	0.0708818	5.796	8.67601	0.000594556
0.9841	0.235	1.00216	-0.0322054	0.0736208	5.79336	8.67457	0.00120179
0.9497	0.2353	1.00233	-0.0331959	0.0686009	5.79506	8.67526	0.000608632
0.9873	0.2606	1.00186	-0.0244044	0.0689349	5.79066	8.67254	0.00100702
0.9859	0.1936	1.00236	-0.0202752	0.0677801	5.79538	8.67509	0.00116485
0.9877	0.19	1.00248	-0.0207691	0.0669678	5.79647	8.67569	4.5155e-05
0.9956	0.1873	1.00242	-0.0224126	0.0657507	5.79593	8.67535	0.000317085
0.954	0.1117	1.00312	-0.0177125	0.0573074	5.80269	8.67874	0.00158577
0.9545	0.1784	1.00269	-0.0145244	0.0650643	5.79844	8.67658	0.000817533
0.9383	0.0886	1.00344	-0.0109419	0.0484246	5.80578	8.68005	0.00161242
0.9364	0.1489	1.00293	-0.013908	0.0628616	5.80082	8.67789	0.000670503
0.8834	0.0869	1.0036	0.00301198	0.0464024	5.8072	8.68068	0.00140883
0.8738	0.0751	1.00376	0.00537057	0.0428103	5.80886	8.68159	0.000738905
0.9159	0.0262	1.00373	-0.00760312	0.0324064	5.80873	8.68123	0.00214022
0.9117	0.0158	1.00387	-0.0112807	0.0322045	5.80993	8.68186	0.00068528
0.9503	0.0019	1.00373	-0.0136687	0.0353439	5.80867	8.68131	0.00177527
0.9582	0.0545	1.00351	-0.0147297	0.0455478	5.80641	8.68026	0.00113503
0.9634	0.0647	1.00336	-0.0149596	0.0467244	5.80494	8.67947	0.000939535
0.9958	0.0498	1.00342	-0.0225864	0.0380466	5.80551	8.67961	0.00182381
